207.27299999999997
345.42400000000004
401.5130000000002
429.6290000000003
301.396
346.4750000000002
315.329
449.47000000000014
344.4360000000001
304.762
315.3730000000001
485.9490000000001
449.64600000000036
402.4250000000001
426.9250000000002
282.384
344.43600000000004
365.38500000000016
355.3940000000001
427.48200000000014
336.3880000000001
376.3900000000001
309.369
338.42900000000014
377.4000000000001
471.6040000000003
335.40700000000004
364.4050000000001
409.4900000000002
334.379
425.8720000000001
337.305
265.372
435.52400000000017
327.4530000000002
370.25699999999995
356.3380000000001
469.5630000000001
440.93100000000015
314.3630000000001
409.5110000000002
542.4990000000001
458.9640000000002
310.353
365.5020000000003
286.356
527.4220000000001
371.362
276.3000000000001
330.45300000000003
437.4920000000003
358.46700000000016
425.4050000000002
486.5790000000002
352.38700000000006
256.73199999999997
314.366
340.3750000000002
354.47499999999997
367.4450000000001
443.5470000000002
330.3880000000001
316.401
403.41300000000007
262.33399999999995
241.20299999999995
344.4210000000001
425.48800000000017
386.3930000000001
284.35499999999996
373.49600000000004
265.26800000000003
378.4100000000001
415.4490000000001
370.23600000000005
351.3620000000002
283.353
362.4510000000001
251.69499999999996
200.23799999999994
382.51100000000025
485.6100000000002
233.31099999999995
333.49800000000016
355.8470000000001
328.48100000000017
203.14399999999998
384.43100000000004
491.5990000000003
350.48400000000015
313.78499999999997
464.5950000000003
264.756
492.60500000000025
351.3660000000001
304.415
404.4380000000003
297.35400000000004
258.281
279.698
265.312
445.5410000000003
472.6150000000001
484.6000000000004
380.4290000000002
311.38100000000003
329.5130000000001
399.472
425.9150000000002
407.51800000000026
488.4440000000002
359.42600000000016
347.3670000000001
352.38700000000006
246.31
471.60700000000014
321.37600000000003
310.4
389.8860000000001
300.383
400.4780000000002
427.3380000000002
334.80300000000005
315.285
245.23800000000003
336.43500000000006
366.4670000000001
473.55100000000033
299.3550000000001
318.829
414.94300000000015
329.78700000000003
248.238
355.43700000000007
422.5290000000002
494.59600000000034
420.8780000000001
424.5690000000001
422.53500000000014
271.276
385.4450000000003
300.314
396.5160000000001
311.4100000000001
362.86000000000007
365.4510000000002
326.77900000000005
482.9050000000002
391.33900000000006
285.229
211.192
374.366
315.4420000000001
465.4930000000001
456.34400000000016
297.3830000000001
300.196
425.435
431.54300000000023
466.5630000000003
241.25
376.49700000000024
237.25899999999996
275.329
432.54900000000015
434.3970000000001
353.46200000000005
444.48700000000025
317.34900000000016
366.87300000000005
459.3800000000002
338.36300000000006
208.26399999999998
209.35799999999995
276.72700000000003
383.8750000000001
360.4170000000001
343.793
293.32300000000004
463.8770000000002
368.4120000000001
364.45300000000003
342.3980000000001
438.5490000000002
438.89300000000003
371.4480000000001
339.44200000000006
322.4560000000001
327.40900000000005
243.4199999999999
325.4340000000001
404.4700000000002
408.52700000000027
299.334
498.57100000000037
427.54800000000034
207.193
345.4020000000001
403.40900000000016
303.36600000000004
357.797
463.5190000000001
299.28600000000006
432.52700000000027
254.30699999999996
450.52400000000017
294.6940000000001
354.4530000000001
329.35200000000003
345.42800000000005
359.4070000000001
380.4440000000002
394.2320000000001
317.34800000000007
472.49400000000037
334.4410000000001
301.36699999999996
505.6190000000002
465.5060000000003
216.284
410.28700000000015
312.3910000000001
316.3760000000001
282.84000000000003
339.222
188.226
173.171
301.411
368.41400000000004
347.80500000000006
352.4410000000001
279.34000000000003
337.33500000000004
445.0130000000001
380.4950000000001
405.4450000000004
390.18600000000015
372.4400000000001
330.387
549.6600000000002
270.33299999999997
320.43600000000004
433.51500000000016
536.6940000000004
416.5430000000002
525.6240000000003
524.6140000000004
229.23899999999992
319.719
241.29
371.2340000000001
436.5370000000001
388.49200000000013
247.68099999999998
429.52000000000015
334.4260000000001
365.26300000000003
326.35900000000004
425.53500000000025
275.352
313.31
504.58700000000033
451.56700000000023
428.98600000000033
357.38100000000003
262.312
327.456
327.40900000000005
251.31099999999998
392.4840000000001
316.4010000000001
356.29400000000004
535.6370000000005
450.4470000000002
413.43300000000016
209.35799999999998
400.4270000000002
359.47600000000006
381.45700000000005
484.9430000000002
375.4280000000001
345.3580000000001
351.368
395.82000000000005
348.38000000000005
357.5040000000001
315.354
257.33699999999993
439.42800000000017
432.5010000000001
391.4490000000001
485.58400000000034
296.37500000000006
577.6850000000003
524.6210000000002
328.774
305.83399999999995
344.48000000000013
370.4930000000001
390.9110000000003
346.8210000000001
366.4390000000002
371.3960000000001
435.46500000000015
401.4880000000001
286.291
247.33799999999994
347.4650000000001
403.3940000000001
245.303
349.39000000000016
411.5060000000002
424.9530000000002
383.4290000000001
422.46000000000026
319.404
397.5250000000001
266.34700000000004
312.29999999999995
450.52400000000017
321.46700000000004
416.52500000000015
234.299
421.4970000000002
289.331
317.41200000000003
306.7090000000001
325.3640000000001
370.8250000000001
470.5950000000001
300.3390000000001
412.5110000000001
313.288
426.5170000000003
241.35899999999998
195.17399999999998
359.451
435.54600000000033
353.85
247.68900000000002
412.9420000000001
416.5000000000001
257.33699999999993
250.72900000000004
383.58400000000006
282.318
314.305
293.29
290.32200000000006
407.48900000000026
330.36300000000017
403.4600000000002
396.3400000000002
378.45700000000005
409.4580000000001
392.543
204.29800000000003
355.35800000000006
302.4220000000001
412.55900000000014
497.5980000000002
346.33900000000006
354.38700000000006
312.347
362.5100000000003
484.6890000000002
389.9520000000001
323.8200000000002
377.40000000000015
425.53300000000013
284.34000000000003
416.9080000000001
389.4590000000001
356.853
339.39100000000013
372.4040000000001
279.321
402.79000000000013
359.4510000000002
353.37800000000004
474.5610000000003
400.4850000000002
328.324
218.212
458.9930000000003
420.50900000000007
272.39799999999997
461.99600000000027
582.6830000000003
458.52200000000016
325.16200000000003
304.31300000000005
278.27099999999996
367.44000000000005
356.38500000000005
314.345
308.815
316.357
434.53600000000023
402.87800000000016
342.4200000000001
336.4350000000001
449.5360000000002
411.9140000000001
463.5590000000002
244.298
372.49000000000007
309.369
411.59000000000043
463.3970000000003
330.24
382.87300000000005
301.367
303.70500000000004
419.50300000000016
352.47800000000024
318.32700000000006
365.45500000000027
478.5740000000003
478.3420000000001
459.54600000000033
174.247
364.37600000000003
462.48400000000026
353.46600000000007
239.27499999999998
339.399
447.4870000000002
432.4980000000003
391.80600000000004
457.5300000000002
376.8940000000001
281.271
278.184
434.2900000000001
392.45900000000006
217.228
329.783
465.5970000000004
303.387
364.4270000000001
279.3860000000001
349.434
345.4240000000002
378.41300000000007
394.9030000000003
289.33099999999996
396.5090000000002
255.27300000000002
360.4100000000001
172.187
464.57600000000014
395.3900000000001
291.351
415.5370000000002
407.47400000000016
245.36899999999997
341.4800000000001
496.56400000000025
348.7420000000001
306.749
319.41200000000003
354.4750000000001
347.3960000000001
315.46100000000007
393.36500000000007
415.56600000000014
381.4390000000001
464.5720000000002
280.305
415.4890000000001
297.3790000000001
395.4400000000001
344.1900000000001
342.5270000000001
356.3820000000001
379.48900000000015
492.57200000000023
352.39000000000004
440.5180000000002
356.2410000000001
284.334
451.52000000000027
365.2600000000001
458.54000000000013
414.50500000000017
460.5340000000002
406.43200000000013
440.5360000000002
304.374
297.27
339.4640000000001
387.4800000000002
386.54200000000014
472.68000000000023
430.9320000000003
419.45300000000015
282.343
321.4270000000001
331.1990000000001
320.41400000000004
444.5280000000004
306.3910000000001
390.5310000000002
360.5840000000001
448.5890000000003
313.3860000000001
237.28
282.38700000000006
267.284
458.4840000000002
311.40600000000006
261.708
385.92000000000024
481.6000000000003
509.61100000000044
356.84900000000016
407.5390000000002
456.73
315.279
434.4270000000002
421.25000000000017
266.366
384.4960000000002
338.79400000000004
396.51500000000004
405.4540000000002
404.55100000000033
568.4430000000002
281.27099999999996
486.5690000000003
283.375
254.33299999999997
430.348
545.6390000000004
477.87000000000006
473.59500000000025
420.53800000000024
454.5920000000003
471.6080000000004
405.5050000000002
381.54500000000013
391.39700000000005
264.43799999999993
427.57300000000015
305.186
526.5930000000003
496.5240000000002
273.336
382.3920000000001
499.6330000000003
397.4750000000002
446.5100000000001
294.37600000000003
497.5990000000003
270.28400000000005
172.18699999999998
353.4220000000002
256.714
247.33799999999994
439.55900000000014
385.42700000000013
408.4980000000001
378.2910000000001
252.29500000000002
405.4070000000001
365.43600000000004
243.245
222.204
399.87400000000014
360.548
432.5420000000002
449.9390000000001
285.37200000000007
393.487
464.3790000000002
316.3570000000001
259.74
331.71900000000005
363.439
310.344
386.5020000000001
402.47200000000015
252.11500000000004
354.3810000000001
445.4040000000002
352.41500000000013
268.32000000000005
275.289
269.30400000000003
434.54000000000013
481.6000000000004
303.31800000000004
243.28100000000003
403.8910000000001
466.49000000000024
443.3700000000003
197.19400000000002
323.42100000000016
483.5460000000002
428.57300000000043
381.4320000000002
311.34000000000003
503.6060000000003
313.3570000000001
350.3960000000001
447.51300000000026
412.26500000000004
391.4490000000001
352.391
282.34000000000003
275.29799999999994
309.413
328.43700000000007
291.39799999999997
249.26599999999993
263.297
327.3580000000001
371.39300000000014
299.378
283.28999999999996
369.874
399.4130000000002
264.23699999999997
283.35600000000005
251.30699999999993
284.359
414.41800000000023
481.5050000000003
421.84000000000003
450.4240000000003
364.45200000000006
385.42
449.4590000000002
316.203
307.34900000000005
351.41
258.385
321.40500000000003
428.54000000000025
298.346
451.97600000000034
460.83900000000017
542.5770000000002
475.3680000000002
368.43300000000016
416.84600000000006
348.28000000000003
303.47100000000006
256.28999999999996
344.3670000000001
397.5160000000003
315.373
454.59200000000027
345.752
328.32800000000003
315.272
326.18300000000005
303.33000000000004
377.4180000000001
409.48600000000016
326.421
410.44900000000007
319.38599999999997
408.296
371.7980000000001
381.43200000000013
382.42000000000013
348.51600000000013
443.5030000000002
238.33099999999996
514.2210000000001
329.3810000000001
490.5890000000002
404.25300000000004
479.9240000000002
311.38100000000003
274.75100000000003
198.182
278.3519999999999
227.24200000000005
418.5620000000001
391.5000000000001
237.29899999999998
305.359
347.42200000000014
417.4120000000001
291.314
282.299
336.5230000000001
354.21
390.41700000000014
404.8540000000001
397.5230000000001
464.93100000000015
411.41700000000014
394.4520000000001
312.391
314.29300000000006
424.5050000000002
295.298
516.6020000000002
261.365
467.58800000000036
343.3790000000001
237.21499999999997
331.76300000000003
469.8830000000002
307.14300000000003
410.4260000000002
495.6010000000003
458.44000000000017
317.37000000000006
511.3910000000001
371.4370000000002
414.48700000000014
340.398
309.318
271.316
260.381
258.277
376.363
414.48700000000014
326.799
445.54100000000017
346.47100000000023
337.84700000000004
235.33099999999996
400.4790000000001
249.379
461.31600000000026
221.28
383.44800000000015
310.7810000000001
234.28000000000003
279.34299999999996
449.2120000000001
359.4760000000001
508.6210000000002
340.42300000000023
410.51800000000026
422.5510000000003
285.303
547.6770000000002
401.5570000000002
442.62800000000027
376.4570000000002
403.5480000000001
343.4230000000001
398.2570000000001
408.57100000000014
323.39599999999996
329.403
277.349
424.49700000000024
355.463
465.4590000000002
249.27300000000002
492.1130000000001
369.4280000000001
302.761
255.296
237.28000000000003
455.3410000000001
534.6570000000003
271.4039999999999
488.50000000000017
373.37800000000004
365.37100000000004
428.5730000000002
317.77600000000007
413.39000000000027
271.276
356.45100000000014
323.35200000000003
493.9220000000002
376.7220000000001
327.43
398.53100000000023
420.4870000000002
361.39700000000005
484.5030000000001
447.95100000000014
220.25700000000003
265.331
181.19099999999997
348.39900000000017
279.42999999999995
325.2730000000001
395.2860000000002
281.73900000000003
354.83700000000005
485.4260000000001
249.19000000000003
407.4630000000001
343.7700000000001
246.12199999999999
497.5920000000003
382.4260000000001
313.28500000000014
416.5020000000001
428.4660000000002
453.83800000000014
519.0300000000002
346.7950000000001
480.5650000000003
415.5150000000002
458.35600000000017
343.40799999999996
434.51800000000037
308.179
285.372
441.5530000000001
379.5070000000002
332.42900000000014
366.2440000000001
304.3710000000001
406.4380000000001
291.354
192.22200000000004
393.55300000000045
352.43300000000005
427.4820000000002
242.23800000000003
479.98600000000033
339.253
205.326
197.30299999999994
423.4720000000002
239.28200000000004
400.497
443.61200000000036
345.44200000000006
280.2990000000001
477.5170000000002
294.314
218.21600000000004
458.9670000000001
349.4340000000001
313.785
242.23800000000003
265.316
446.37400000000014
362.83800000000014
431.49200000000025
325.759
383.49900000000014
300.74500000000006
333.48199999999997
466.9060000000002
342.42400000000004
280.327
325.3200000000001
317.751
422.2830000000001
401.4660000000001
372.47500000000014
299.374
304.37100000000015
374.3370000000001
182.223
303.362
243.26600000000002
449.3480000000002
494.3450000000002
356.81300000000016
250.323
389.4800000000001
273.263
375.49400000000014
255.25099999999995
368.3890000000001
453.54200000000026
459.8890000000001
315.35
427.4510000000001
364.351
244.24999999999994
489.57900000000024
260.25300000000004
290.366
371.43600000000015
466.62900000000013
365.4370000000001
318.78499999999997
382.5040000000001
366.83300000000014
295.342
335.366
467.67900000000026
286.11400000000003
282.27
354.4710000000002
275.308
483.5890000000003
312.32900000000006
301.29799999999994
489.59700000000026
368.418
366.31300000000005
350.80500000000006
358.4630000000001
396.46800000000013
367.47800000000007
258.23300000000006
275.352
250.298
312.34400000000005
353.4210000000001
361.40100000000007
500.01700000000034
286.35299999999995
384.50100000000015
254.33299999999997
486.5190000000002
281.38500000000005
353.4950000000001
461.51600000000013
355.43800000000016
448.5080000000001
286.33900000000006
312.413
369.4210000000001
278.30799999999994
352.8430000000001
322.79200000000003
333.36500000000007
482.5120000000003
365.47000000000014
373.47800000000007
326.35600000000005
228.292
450.5390000000002
380.4220000000001
475.54500000000013
301.3710000000001
352.3900000000001
491.54600000000016
457.4300000000002
265.3089999999999
379.3320000000001
373.5030000000001
227.18499999999995
428.4850000000002
308.353
322.4080000000001
474.56100000000026
450.29700000000014
369.42100000000016
222.248
432.4140000000001
239.25300000000001
294.31
407.5170000000001
220.29700000000003
331.20199999999994
313.40500000000003
338.4540000000001
288.41600000000005
318.2040000000002
298.298
403.5110000000001
298.346
400.47500000000025
323.352
374.48500000000024
384.4360000000002
354.15999999999997
321.663
218.3
247.279
246.33199999999997
368.89300000000014
347.4430000000001
362.3420000000001
433.5550000000003
233.34
289.35999999999996
437.49600000000027
311.33700000000005
328.39300000000003
351.4500000000001
245.303
364.44500000000005
343.3870000000001
350.24100000000004
330.38400000000007
415.44200000000023
404.59900000000016
317.4410000000001
332.42500000000007
387.50200000000024
210.24000000000004
358.41700000000003
317.38800000000003
470.5920000000005
491.4940000000002
375.38800000000003
301.798
402.5120000000003
505.5560000000002
375.4280000000001
400.4850000000002
251.28500000000003
190.19499999999996
400.46400000000017
184.27899999999994
326.4360000000001
355.48200000000014
382.803
445.5220000000002
469.4750000000002
312.398
554.0650000000003
355.488
433.5050000000001
273.33599999999996
308.09499999999997
477.9700000000002
386.4950000000003
289.36
472.58900000000017
371.5500000000001
355.25300000000004
255.74499999999998
432.8540000000001
365.38900000000007
417.53100000000006
344.3420000000001
324.40900000000005
368.458
315.192
250.23899999999998
388.4450000000001
388.3760000000001
256.265
429.94800000000015
352.232
282.255
500.45600000000036
386.4290000000001
292.77000000000004
405.43200000000013
373.5660000000001
327.1670000000001
455.5990000000003
321.35800000000023
385.35600000000017
416.45500000000015
343.27099999999996
292.20700000000005
243.226
212.24899999999997
287.344
332.154
423.44400000000024
393.4650000000001
243.31000000000003
417.4940000000002
258.229
273.33599999999996
477.61100000000016
342.3950000000001
342.355
333.271
290.577
462.5750000000003
357.4830000000002
291.28200000000004
520.6770000000004
355.3690000000001
328.37100000000004
408.38000000000005
400.47500000000025
326.346
272.30400000000003
350.38300000000004
387.5050000000003
395.4590000000003
364.45300000000003
477.5020000000002
328.35100000000006
432.4760000000001
372.42100000000016
337.42300000000006
399.42800000000017
488.5660000000003
260.318
345.358
213.24099999999993
368.50200000000007
348.44300000000015
449.5040000000002
440.54400000000015
396.4500000000001
302.15700000000004
461.8740000000001
506.62800000000016
449.55100000000033
261.369
296.157
332.4290000000001
316.4080000000001
336.43500000000006
206.32899999999998
324.17800000000005
398.4880000000003
398.50300000000016
337.36
356.49100000000016
435.25300000000004
303.365
339.3990000000001
525.8520000000003
441.4840000000003
371.618
402.8810000000001
418.88700000000006
498.243
416.4300000000002
422.5200000000001
377.30300000000005
320.399
378.41400000000016
373.5400000000003
370.47400000000005
339.37300000000005
314.7320000000001
412.06600000000003
231.255
455.99300000000034
387.54900000000015
453.52400000000017
435.9770000000002
283.34900000000005
510.5680000000003
489.6220000000002
459.5250000000002
492.39900000000034
405.47900000000004
340.2950000000001
376.3810000000001
353.4470000000002
402.49100000000027
413.53900000000016
397.54400000000015
401.46200000000005
395.50700000000023
327.83600000000007
363.2440000000001
340.42600000000004
421.3960000000001
413.8570000000001
313.38100000000003
341.346
462.5750000000002
439.5410000000002
357.3620000000002
227.26
302.15700000000004
385.51400000000007
233.31400000000002
183.207
394.8360000000001
433.4390000000002
175.195
201.254
403.52300000000025
487.0440000000005
434.38400000000007
396.49100000000027
320.37
338.363
462.48000000000025
283.327
232.23499999999996
435.03700000000015
274.295
347.4150000000001
452.37000000000023
221.25999999999993
446.95600000000036
437.4520000000002
260.318
321.337
411.889
376.44900000000007
283.35600000000005
479.92000000000013
372.303
441.51300000000015
395.4840000000001
339.39100000000013
350.48400000000015
339.3760000000001
363.3950000000001
406.4930000000001
270.37299999999993
337.4010000000002
393.4050000000001
280.371
313.4410000000002
200.263
252.26999999999995
300.694
287.3
351.2550000000002
456.9620000000001
429.5500000000002
284.40299999999996
315.20700000000005
370.4740000000001
379.50800000000027
463.9870000000004
340.427
382.51200000000034
477.6300000000003
315.40200000000016
234.32099999999994
434.48300000000023
420.3430000000002
518.5300000000004
392.253
281.739
433.50800000000015
397.86200000000025
292.338
256.269
448.5220000000001
420.49800000000016
254.24900000000002
469.5410000000002
316.74800000000005
244.29700000000003
304.35300000000007
470.6200000000002
281.315
225.294
378.4570000000001
545.6580000000002
469.50500000000017
424.5450000000002
426.51300000000015
347.487
280.236
264.34999999999997
384.572
428.91900000000015
384.5490000000001
347.41400000000004
264.30600000000004
347.7620000000001
302.33
478.47000000000014
430.46400000000017
341.37000000000006
328.4370000000001
380.4950000000003
314.414
452.56200000000035
364.28300000000013
313.83200000000005
297.41999999999996
383.47300000000007
311.41400000000004
423.4890000000002
434.55800000000016
366.387
307.41900000000015
267.328
399.5010000000001
348.8050000000001
270.284
394.8400000000002
386.4960000000002
271.276
382.89900000000034
461.52900000000017
390.5120000000001
258.281