24
37
49
51
31
44
37
59
40
34
36
57
50
55
45
30
42
46
42
53
48
48
39
43
51
53
35
43
48
41
53
45
29
50
38
43
58
55
52
36
44
60
51
39
41
32
63
44
34
36
56
40
49
60
42
30
36
41
37
45
52
39
35
51
30
35
38
52
49
34
45
32
55
46
40
42
38
42
30
21
44
58
32
37
39
36
23
47
57
41
37
49
29
58
44
35
47
33
30
30
33
53
55
63
46
34
42
46
46
51
54
47
45
43
29
51
38
35
49
30
48
42
36
46
28
43
40
57
31
34
43
37
33
52
51
56
60
45
49
31
47
36
47
33
40
52
42
64
47
34
25
43
37
59
49
35
26
54
49
56
33
50
36
30
50
54
43
49
37
38
48
44
24
18
33
37
45
42
33
63
42
40
39
53
49
45
41
40
37
21
34
52
47
41
66
47
22
40
47
41
38
55
37
49
27
48
35
40
36
41
44
41
41
40
66
40
32
64
59
28
42
35
33
27
39
22
20
30
45
41
40
33
40
47
45
46
47
45
38
65
33
37
57
63
48
60
69
27
40
30
37
48
46
26
52
32
38
43
53
32
37
64
52
49
43
29
34
41
29
43
41
42
68
59
51
20
47
39
46
58
45
42
40
46
40
37
37
29
59
50
54
62
38
69
67
36
33
37
45
44
37
45
47
63
50
37
29
41
62
24
44
52
56
48
54
32
43
31
38
55
33
50
26
54
36
43
38
40
38
55
33
51
37
56
31
24
43
52
41
26
46
46
28
27
40
34
46
38
34
53
35
52
49
46
45
46
22
44
37
46
55
47
41
38
34
51
41
36
44
53
33
46
47
39
35
48
32
56
38
45
60
51
37
27
52
52
30
50
71
56
30
37
35
44
43
39
33
39
54
44
37
41
50
47
52
29
43
37
46
53
30
42
35
43
43
41
36
47
63
51
60
24
42
50
37
26
41
50
52
43
57
37
39
50
42
47
24
31
53
33
44
30
41
37
48
41
39
46
31
44
22
51
48
33
49
56
25
35
63
47
38
36
37
40
36
50
45
54
49
35
48
35
49
41
42
44
44
63
44
50
31
36
55
38
56
53
59
52
63
33
42
38
47
45
46
48
54
36
33
33
37
55
38
42
36
51
36
30
34
33
54
36
33
41
51
60
41
45
62
43
56
44
30
44
35
45
50
48
67
34
62
37
30
54
66
58
59
48
52
53
44
46
48
24
50
34
63
75
32
51
59
47
51
30
59
32
23
39
26
27
49
43
46
36
31
52
44
26
27
46
33
47
53
33
46
61
42
27
46
42
37
45
46
23
42
43
42
30
31
29
55
56
39
29
44
57
48
25
39
68
48
45
38
64
34
41
54
44
52
46
33
31
34
39
33
32
30
38
51
33
32
37
46
41
32
32
38
53
55
60
44
42
44
56
35
34
42
35
37
48
37
53
42
65
53
43
56
42
33
27
39
46
43
51
36
37
37
34
34
45
47
37
44
39
42
46
45
48
35
53
26
45
39
56
46
55
35
32
30
29
25
52
45
26
34
44
51
32
35
35
43
50
44
48
54
51
47
38
40
59
34
64
28
58
41
33
39
55
29
50
60
56
34
53
50
48
40
38
31
26
28
42
53
32
55
38
37
28
47
25
58
33
48
31
26
36
48
37
60
44
48
50
41
61
40
56
51
42
44
41
47
37
39
30
50
43
56
31
56
40
35
33
27
43
66
34
69
45
47
51
34
52
34
45
43
60
29
37
44
53
43
58
49
23
31
28
42
28
44
44
29
42
51
39
48
44
25
60
46
35
49
50
53
55
43
55
52
46
42
46
25
31
53
47
41
38
39
54
36
25
44
42
49
34
55
38
23
20
53
29
52
46
41
34
55
35
26
56
42
37
34
36
43
43
56
37
43
37
39
56
39
37
38
36
46
49
42
35
39
38
23
35
27
45
54
45
29
44
34
49
23
45
54
56
39
53
44
29
59
28
32
44
54
43
37
43
41
32
39
51
35
36
41
39
60
40
37
62
43
33
41
46
46
42
37
30
30
38
43
46
61
34
44
24
60
32
37
54
45
53
34
33
47
33
39
33
39
54
44
38
43
25
57
48
59
40
39
56
55
27
59
43
28
49
32
37
59
50
45
28
53
26
36
52
23
35
35
38
31
32
44
44
36
47
39
45
52
41
36
27
30
25
41
39
43
49
28
32
52
39
37
42
26
43
43
32
40
55
49
44
38
44
25
47
38
49
58
42
30
45
54
46
43
28
21
50
19
43
46
42
50
62
36
60
40
52
30
28
57
50
33
53
43
36
26
49
44
51
43
39
43
31
33
45
51
35
44
28
37
69
47
30
49
40
33
55
36
42
53
31
53
29
28
30
31
52
51
27
46
34
36
56
41
40
45
27
52
35
36
66
43
41
55
49
38
31
37
48
46
40
60
39
56
49
38
50
55
29
44
23
37
37
51
53
55
31
50
64
50
30
32
39
35
39
29
32
44
44
38
40
44
38
43
57
54
37
50
53
66
49
54
50
35
47
40
47
46
38
40
29
50
45
55
50
34
62
61
57
46
45
48
45
42
47
57
44
48
46
35
39
39
47
48
33
39
52
52
44
29
31
47
26
21
47
56
22
26
49
59
39
48
34
40
56
35
27
44
31
38
45
31
51
52
30
42
49
50
33
56
32
51
46
42
43
38
45
45
33
37
47
30
34
21
32
32
30
40
49
52
37
46
42
45
50
42
43
57
38
18
49
44
58
38
29
44
48
35
32
57
51
31
57
36
27
36
50
31
21
48
65
52
51
53
42
40
28
40
51
40
42
29
41
32
59
52
41
36
44
34
54
28
31
32
42
36
56
49
45
31
38
46
39
32
51
42
32
41
53
42
32