29.54
54.88
81.47999999999999
29.1
47.78
69.3
89.55
175.62
60.85000000000001
73.8
67.60000000000001
104.81
71.33000000000001
74.49000000000001
67.43
66.65
66.48
136.07
71.42
113.68
88.69999999999999
107.61000000000001
67.49000000000001
83.55000000000001
87.11999999999999
91.65
55.29
95.58
98.47999999999999
75.97
79.27999999999999
96.16
23.47
78.39
53.839999999999996
63.57
127.74000000000001
79.37
68.96000000000001
93.73
63.69
62.620000000000005
66.92
58.64
46.09
61.69
79.9
54.02
87.24000000000001
73.44999999999999
98.0
69.03999999999999
155.84
130.17
102.96000000000001
17.07
64.36
72.83000000000001
49.410000000000004
55.84
78.51
70.84
58.64
75.44
32.78
98.71000000000001
26.71
129.81
131.22000000000003
35.53
49.33
51.8
124.32000000000002
86.48
67.60000000000001
86.48
87.09
75.71000000000001
81.19
42.010000000000005
77.32
119.6
29.540000000000003
69.72
66.65
33.2
62.05000000000001
56.51
83.2
66.48
93.45
89.19000000000001
32.34
102.73999999999998
91.16000000000001
49.410000000000004
63.410000000000004
38.769999999999996
62.470000000000006
38.33
42.35
96.02000000000001
111.38999999999999
78.03
83.88999999999999
47.56
27.299999999999997
82.45
81.7
73.02000000000001
72.17
92.94000000000001
83.42000000000002
75.71000000000001
45.47
61.040000000000006
55.73
76.13
95.91
50.69
42.010000000000005
86.61
59.59
114.48
74.2
58.2
42.43
97.74000000000001
63.470000000000006
32.34
59.81
74.15
77.92000000000002
56.25
68.5
94.1
99.54999999999998
92.34
66.4
72.48
82.45
87.66000000000001
73.47
46.400000000000006
27.05
107.19
54.370000000000005
116.36000000000001
20.310000000000002
85.95
66.39999999999999
55.87
46.92
66.84
88.91
47.25
29.54
75.02
103.51
103.18
70.92
75.71000000000001
68.5
47.56
69.46000000000001
166.14000000000001
49.769999999999996
89.8
88.83
41.99
93.50999999999999
84.5
25.78
12.03
68.49000000000001
50.72
74.67
68.75999999999999
89.10000000000001
108.71
71.26
84.73
62.22
66.15
117.69999999999999
71.76
89.02
33.09
57.010000000000005
27.299999999999997
66.74000000000001
83.35999999999999
73.07000000000001
75.92000000000002
76.72
101.73999999999998
95.39999999999999
71.18
57.120000000000005
65.06
77.25
128.7
92.51
84.86000000000001
63.60000000000001
103.53
70.41999999999999
75.71000000000001
84.86000000000001
86.69
89.43
73.59
72.7
59.54
130.74
67.43
55.73
122.66999999999999
104.33
32.34
48.72
59.08
35.94
24.06
49.74
26.3
50.19
38.33
95.5
47.78
92.26
62.21000000000001
94.32000000000001
40.63
92.24000000000001
58.81
120.06
58.64
58.2
96.57999999999998
56.33000000000001
34.03
123.48
92.95
84.5
113.08999999999999
83.99000000000001
66.2
55.400000000000006
33.45
66.09
91.4
55.13
49.33
71.53
79.53
75.27000000000001
61.92
62.21
70.23
112.41000000000001
94.92000000000002
44.81
72.96
72.47
41.99
63.47
71.78
68.87
72.54
58.64
150.94000000000003
110.21000000000001
145.94
95.58000000000001
12.03
75.61000000000001
74.47999999999999
88.16
77.75
73.22
72.81
38.33
98.77000000000001
94.06
54.88
88.14
39.94
147.48999999999998
75.71
99.78
78.03
83.48
149.41
114.09
41.99
37.28
33.730000000000004
49.85
49.85
50.7
83.99
70.75
136.31000000000003
87.28999999999999
87.28
29.54
75.75999999999999
114.03
50.19
73.22
74.29
44.0
94.22000000000001
84.30000000000001
30.49
70.31
49.410000000000004
59.92
103.10000000000001
46.17
58.86000000000001
32.78
73.66
55.84
24.19
91.53
75.63000000000001
89.61
93.41
72.21000000000001
88.75
77.25
114.09
12.89
65.49000000000001
72.39
99.27000000000001
78.51
89.64999999999999
49.410000000000004
33.010000000000005
46.400000000000006
44.1
55.980000000000004
34.03
118.74000000000001
111.02000000000001
58.519999999999996
61.77
63.41000000000001
110.41000000000003
42.010000000000005
94.03
54.88
32.78
24.92
116.16999999999999
58.120000000000005
64.77
97.29999999999998
111.79000000000002
87.66000000000001
72.24
52.60000000000001
73.22
27.740000000000002
66.39999999999999
86.36
90.64
65.38
51.22
73.85
49.410000000000004
49.81
79.16
99.68
115.61000000000001
84.34
86.36
104.54
100.72999999999999
94.59
75.35000000000001
45.400000000000006
81.54
36.15
71.0
126.28999999999999
93.88000000000001
74.49000000000001
84.21000000000001
76.45
28.16
77.0
89.49000000000001
45.75
80.56
44.0
67.87
60.45
49.410000000000004
84.06
75.76
82.32999999999998
64.15
66.48
70.31
52.650000000000006
66.48
50.95
101.05
62.480000000000004
84.27
93.9
41.57
58.120000000000005
100.77999999999999
102.25000000000001
68.53999999999999
90.28999999999999
28.68
61.8
137.95
44.81
59.64
87.22000000000001
90.93
102.00999999999999
70.98
70.16
66.38
80.67
156.95000000000002
89.02
76.46000000000001
59.53
51.58
71.55000000000001
70.31
105.4
31.23
51.870000000000005
84.34
92.25999999999999
65.12
66.84
76.15
58.89
89.8
45.75
101.80000000000001
90.29
81.17999999999999
43.86000000000001
93.30000000000001
46.17
27.740000000000002
126.91
98.53999999999999
74.68
47.67
47.28
101.41
35.580000000000005
75.02
118.28
115.53
82.17999999999999
126.64
64.63
46.17
84.14
78.03
32.34
102.41
85.83
85.24000000000001
81.42999999999999
102.44999999999999
47.56
35.83
91.67
58.2
144.11999999999998
64.36
94.80999999999999
40.620000000000005
89.27000000000001
33.2
91.29
35.580000000000005
70.16
41.9
66.58
67.87
104.03000000000003
51.1
76.38
67.42999999999999
74.44
86.33
79.63000000000001
44.53
81.18
75.21000000000001
72.7
69.89
41.13
51.46000000000001
50.72
46.17
49.93
45.230000000000004
115.65
117.19
35.53
54.34
96.30000000000001
62.1
105.29
72.2
72.19
44.760000000000005
51.22
77.92
75.02000000000001
51.24
86.01
90.79
82.92999999999999
54.35
55.120000000000005
49.410000000000004
122.32
74.66
104.81000000000002
76.88
80.57000000000001
95.05999999999999
104.28999999999999
44.370000000000005
61.36000000000001
15.27
47.78
51.96
174.2
151.29000000000002
67.00999999999999
88.39
113.6
75.02000000000001
120.37
59.5
79.18
52.58
45.75
68.02000000000001
53.39
38.33
101.74000000000001
74.83000000000001
87.99
46.17
61.190000000000005
126.30000000000001
54.88
55.11
89.61
68.53999999999999
33.29
93.72999999999999
125.21000000000001
54.02
60.620000000000005
210.51
82.63
37.28
99.35
88.60000000000001
25.78
74.66
77.10000000000001
30.71
71.34
58.64
64.47000000000001
66.38
74.06
60.18
72.96
125.71000000000001
91.97999999999999
29.1
84.08000000000001
103.4
100.85999999999999
84.08000000000001
82.0
118.85000000000002
66.92
97.47
56.23
93.02000000000001
86.44000000000001
93.72999999999999
102.98000000000002
104.37
110.18
95.16
84.5
29.1
36.440000000000005
49.410000000000004
30.330000000000005
66.84
79.78999999999999
105.09000000000002
93.94
85.42
58.56
77.25
70.67
90.7
46.39
52.33
61.96
131.05
91.56
101.28
69.72
88.66000000000001
88.16
111.16000000000001
20.310000000000002
58.56
81.93
13.11
50.940000000000005
79.96000000000001
62.470000000000006
92.94
50.94
204.90999999999997
69.03
69.15
114.56
64.36
29.1
67.77000000000001
96.89
60.93000000000001
78.83999999999999
62.58
39.41
87.84
66.4
66.74
29.96
90.92999999999999
87.74000000000001
55.13
59.81
72.39
78.51
93.89
78.95000000000002
80.81
49.42
82.45000000000002
41.57
70.72
94.31
103.07
78.51
88.39
20.310000000000002
41.13
93.55000000000001
50.8
30.71
49.410000000000004
63.910000000000004
58.56
73.34
73.12
87.74000000000001
64.34
60.45
6.48
69.04
129.76999999999998
80.05
81.33
119.27000000000001
92.51
85.34
66.92
74.97
107.88000000000002
77.25
98.34
29.54
110.85000000000001
66.35000000000001
92.36000000000001
85.84
98.76999999999998
57.53
88.02000000000001
79.39
84.3
70.67
58.64
79.08
102.32000000000001
54.26
83.47
47.56
41.13
60.45
73.39
100.42999999999999
57.42
104.81
53.010000000000005
55.4
46.92
96.7
23.47
127.36000000000001
64.03999999999999
74.95
67.43
59.06
58.900000000000006
84.5
59.11
107.72
49.85000000000001
77.82000000000001
107.94
85.13
90.82000000000001
57.620000000000005
84.40999999999998
90.52999999999999
73.22
64.63
78.95
52.23
70.56
49.25000000000001
88.24000000000001
92.75999999999999
45.550000000000004
129.85
51.81
78.59
127.19000000000001
58.2
62.699999999999996
62.46000000000001
78.49
94.92
35.25
132.65
54.02
149.29000000000002
62.24000000000001
71.09
145.39
76.75999999999999
72.68
84.07999999999998
67.39
21.700000000000003
40.54
76.57000000000001
93.21999999999998
75.63000000000001
67.23
72.17000000000002
80.89999999999999
12.03
70.16
71.47000000000001
20.310000000000002
148.70999999999998
51.540000000000006
54.63
50.27
57.17
142.22000000000003
89.53999999999999
78.83999999999999
51.8
87.74
91.72999999999999
72.48
80.05000000000001
105.92000000000002
124.64
93.44
75.09
111.42999999999998
70.16
78.51
87.63
106.79
46.92
43.85
95.58000000000001
82.27000000000001
66.4
55.400000000000006
82.28
90.7
82.89
70.14
81.99999999999999
88.50999999999999
108.82999999999998
80.42
79.39
37.3
12.03
25.16
66.12
66.49000000000001
23.550000000000004
21.700000000000003
32.7
49.85
99.22
90.9
83.03
75.71000000000001
67.57000000000001
64.43
93.88
147.32999999999998
63.050000000000004
66.48
88.48
79.8
110.01
40.620000000000005
47.400000000000006
110.42999999999999
62.47
44.0
77.78
50.94
94.08000000000001
65.79
67.35
56.150000000000006
91.01000000000002
27.740000000000002
58.2
70.99999999999999
63.25
44.120000000000005
78.93
77.62
50.36
62.300000000000004
55.400000000000006
71.41
79.23
85.89000000000001
105.25
86.24000000000001
65.37
65.78
44.0
70.4
116.92000000000002
99.86
45.15
42.68000000000001
57.260000000000005
72.28
46.34
42.010000000000005
67.77000000000001
70.31
109.25
52.650000000000006
46.61
46.53
35.53
70.19
41.85
99.16
76.82000000000001
108.13
97.98
29.1
49.410000000000004
57.690000000000005
70.54
96.69
82.33
75.42999999999999
58.64
58.29
39.07
60.93
127.64000000000001
68.61000000000001
62.550000000000004
34.15
89.6
98.13
46.84
126.73000000000002
54.78
110.51
75.94
33.730000000000004
91.65
84.5
58.64
45.379999999999995
73.86000000000001
96.39000000000001
72.91
80.32
94.63
69.64
106.83000000000001
118.19999999999999
69.72
74.85
80.68
98.76999999999998
114.46000000000001
75.63
131.74
77.98
33.120000000000005
97.33000000000001
33.29
44.120000000000005
90.52999999999999
73.22
69.85000000000001
106.22
163.70999999999998
37.81
84.56
87.12
46.010000000000005
46.010000000000005
70.15
49.85
25.240000000000002
63.99
72.67999999999999
64.74000000000001
73.47
84.94
83.29
73.91
87.95
87.25999999999999
81.69999999999999
32.11
78.91
67.43
41.910000000000004
57.78
121.64
109.56999999999998
39.849999999999994
63.58
88.50999999999999
57.120000000000005
51.54
61.440000000000005
42.24
51.54
94.08000000000001
53.160000000000004
72.64
106.28
20.95
80.55
75.27000000000001
61.88000000000001
56.21
78.09
42.24
109.44
81.59
95.07
25.42
64.99000000000001
134.9
91.54999999999998
107.08000000000001
42.24
72.83000000000001
112.25
26.3
46.53
61.440000000000005
69.68
89.99000000000001
137.2
72.97
106.63999999999999
54.88
95.58000000000001
67.27000000000001
103.86
94.76000000000002
50.69
61.77
77.4
35.580000000000005
54.37
29.54
41.99
90.28999999999999
95.58000000000001
67.87
66.91
71.33
70.28999999999999
98.02
88.96000000000001
124.01000000000002
113.67999999999999
70.67
36.42
79.62
140.73000000000002
103.95
70.93
111.83
39.6
71.34
64.01
88.69
66.02000000000001
94.5
41.99
130.4
85.32000000000001
67.76
58.7
73.66
80.64
88.92
46.06
77.05
90.15
66.64000000000001
79.37
87.66000000000001
103.28
95.74000000000001
33.120000000000005
80.22
56.07000000000001
97.35000000000001
98.31
69.72
129.54999999999998
78.72
98.93
35.010000000000005
71.45
41.99
69.72
78.95
75.42
118.91000000000001
67.91000000000001
108.64
84.94
55.629999999999995
128.45
146.19000000000003
49.74
81.16000000000001
76.3
55.13
67.87
104.81
62.470000000000006
72.44
55.400000000000006
74.69
107.61000000000001
75.13000000000001
44.370000000000005
54.02
70.13
43.6
49.410000000000004
17.07
56.150000000000006
86.10999999999999
60.03
98.22000000000001
32.78
90.54
42.47
74.49000000000001
83.55000000000001
111.65000000000002
71.34
55.13
97.16
59.28
104.44000000000001
51.42
113.28
79.9
116.95000000000002
66.84
63.410000000000004
102.67
80.91000000000001
41.13
67.49
97.19
52.65
102.49000000000001
69.72
72.47
111.24000000000001
57.00000000000001
73.63
88.82999999999998
71.53
120.27000000000001
91.59000000000002
72.04
81.00999999999999
74.68
36.97
72.47
61.800000000000004
20.310000000000002
41.57
34.370000000000005
83.09
57.61
20.310000000000002
81.92999999999999
89.27
82.72
94.09
71.69
46.61000000000001
62.300000000000004
12.89
72.72
105.82
80.23
79.62
41.57
62.32
76.46000000000001
47.78
67.79000000000002
76.66
75.71
120.47
46.61000000000001
59.67
34.89
62.22
52.650000000000006
64.63
68.06
79.61999999999999
108.01000000000002
66.03
117.56
63.57
89.90000000000002
54.88
127.59
41.93000000000001
118.10999999999999
93.78
60.7
57.690000000000005
73.34
127.58999999999997
59.730000000000004
58.64
84.67
38.769999999999996
32.34
32.7
66.24000000000001
59.080000000000005
71.06
74.08000000000001
66.48
126.83000000000001
90.84000000000002
36.1
98.27000000000001
52.61
52.57
78.95
62.470000000000006
67.15
60.93000000000001
72.18
51.75
34.47
79.37
126.11000000000003
74.58
54.629999999999995
64.11
83.36000000000001
49.410000000000004
104.87
118.63999999999999
113.25
75.19
78.63000000000001
69.9
72.2
80.04
80.37
75.00999999999999
39.19
79.78
122.31999999999996
115.56
80.37
72.22
29.33
104.7
41.9
54.02
98.15
40.629999999999995
53.68
76.22
91.9
76.75
93.22
92.25999999999999
59.53
57.42
92.26
63.83
124.6
41.489999999999995
18.84
46.61000000000001
71.86
68.76
82.4
93.73
58.95
53.60000000000001
45.39
85.83000000000001
41.57000000000001
63.60000000000001
91.86
56.330000000000005
66.12
50.080000000000005
165.24
61.92
79.51