0.16
0.32098765432098764
0.3157894736842105
0.25609756097560976
0.2247191011235955
0.23333333333333334
0.2631578947368421
0.4142857142857143
0.3333333333333333
0.3411764705882353
0.47619047619047616
0.30120481927710846
0.18556701030927836
0.24175824175824176
0.37333333333333335
0.3076923076923077
0.43137254901960786
0.43478260869565216
0.2891566265060241
0.323943661971831
0.3076923076923077
0.29213483146067415
0.24691358024691357
0.44642857142857145
0.2898550724637681
0.24050632911392406
0.3050847457627119
0.20634920634920634
0.3050847457627119
0.3283582089552239
0.33766233766233766
0.2823529411764706
0.2602739726027397
0.273972602739726
0.32857142857142857
0.36486486486486486
0.1891891891891892
0.32926829268292684
0.2898550724637681
0.27848101265822783
0.41379310344827586
0.3023255813953488
0.3382352941176471
0.273972602739726
0.28888888888888886
0.3392857142857143
0.28735632183908044
0.2839506172839506
0.2696629213483146
0.3220338983050847
0.5178571428571429
0.3275862068965517
0.2891566265060241
0.5636363636363636
0.29333333333333333
0.36231884057971014
0.37662337662337664
0.2727272727272727
0.2441860465116279
0.36363636363636365
0.4305555555555556
0.27586206896551724
0.25862068965517243
0.2727272727272727
0.30666666666666664
0.25
0.3448275862068966
0.41935483870967744
0.3055555555555556
0.31666666666666665
0.352112676056338
0.3194444444444444
0.3230769230769231
0.3333333333333333
0.28125
0.3114754098360656
0.35294117647058826
0.29545454545454547
0.352112676056338
0.2786885245901639
0.32051282051282054
0.2708333333333333
0.3333333333333333
0.26666666666666666
0.1891891891891892
0.22727272727272727
0.373134328358209
0.273972602739726
0.328125
0.4
0.29069767441860467
0.2903225806451613
0.3170731707317073
0.3582089552238806
0.2857142857142857
0.3387096774193548
0.42
0.2
0.2891566265060241
0.3076923076923077
0.29577464788732394
0.2727272727272727
0.3508771929824561
0.26666666666666666
0.390625
0.3291139240506329
0.3275862068965517
0.3880597014925373
0.2962962962962963
0.3472222222222222
0.22580645161290322
0.3625
0.4
0.2898550724637681
0.3717948717948718
0.34375
0.3561643835616438
0.3793103448275862
0.3380281690140845
0.3387096774193548
0.28205128205128205
0.19444444444444445
0.3220338983050847
0.34210526315789475
0.275
0.3055555555555556
0.2054794520547945
0.2698412698412698
0.2602739726027397
0.3013698630136986
0.3010752688172043
0.3728813559322034
0.2926829268292683
0.3333333333333333
0.2786885245901639
0.3559322033898305
0.4057971014492754
0.379746835443038
0.3584905660377358
0.15853658536585366
0.2987012987012987
0.4411764705882353
0.4
0.37681159420289856
0.2786885245901639
0.375
0.43636363636363634
0.36538461538461536
0.3064516129032258
0.34545454545454546
0.3246753246753247
0.36231884057971014
0.2631578947368421
0.28
0.1917808219178082
0.3448275862068966
0.2159090909090909
0.16161616161616163
0.2604166666666667
0.3333333333333333
0.37333333333333335
0.36666666666666664
0.29508196721311475
0.2361111111111111
0.2631578947368421
0.32222222222222224
0.2987012987012987
0.373134328358209
0.34615384615384615
0.25
0.37662337662337664
0.22972972972972974
0.34328358208955223
0.37333333333333335
0.2361111111111111
0.2564102564102564
0.4342105263157895
0.3333333333333333
0.26136363636363635
0.2328767123287671
0.2638888888888889
0.275
0.3220338983050847
0.4393939393939394
0.25
0.3684210526315789
0.2159090909090909
0.4528301886792453
0.16666666666666666
0.2716049382716049
0.19642857142857142
0.30434782608695654
0.15625
0.4444444444444444
0.34545454545454546
0.23880597014925373
0.23255813953488372
0.2608695652173913
0.7872340425531915
0.43103448275862066
0.3333333333333333
0.33783783783783783
0.24175824175824176
0.3283582089552239
0.2916666666666667
0.26865671641791045
0.23684210526315788
0.44776119402985076
0.3333333333333333
0.2222222222222222
0.34210526315789475
0.30666666666666664
0.4074074074074074
0.33783783783783783
0.4375
0.2835820895522388
0.3188405797101449
0.2967032967032967
0.39215686274509803
0.1875
0.35365853658536583
0.19736842105263158
0.30158730158730157
0.22448979591836735
0.3246753246753247
0.2125
0.16049382716049382
0.2976190476190476
0.2676056338028169
0.3275862068965517
0.3125
0.3275862068965517
0.37681159420289856
0.24719101123595505
0.3333333333333333
0.328125
0.3114754098360656
0.3235294117647059
0.2631578947368421
0.3611111111111111
0.22535211267605634
0.3142857142857143
0.32
0.26595744680851063
0.3090909090909091
0.28205128205128205
0.32727272727272727
0.3728813559322034
0.35
0.296875
0.3684210526315789
0.22340425531914893
0.18292682926829268
0.34782608695652173
0.3181818181818182
0.3611111111111111
0.23943661971830985
0.36
0.5254237288135594
0.33766233766233766
0.25396825396825395
0.2
0.375
0.265625
0.37037037037037035
0.1956521739130435
0.27472527472527475
0.288135593220339
0.34285714285714286
0.3108108108108108
0.19767441860465115
0.31343283582089554
0.45454545454545453
0.30434782608695654
0.3918918918918919
0.3055555555555556
0.32432432432432434
0.3684210526315789
0.375
0.2028985507246377
0.3333333333333333
0.1978021978021978
0.31868131868131866
0.3176470588235294
0.25
0.29411764705882354
0.3333333333333333
0.44680851063829785
0.3076923076923077
0.3372093023255814
0.22784810126582278
0.16666666666666666
0.2777777777777778
0.26582278481012656
0.16981132075471697
0.36666666666666664
0.38095238095238093
0.23595505617977527
0.2714285714285714
0.2112676056338028
0.3424657534246575
0.2676056338028169
0.42168674698795183
0.2676056338028169
0.42592592592592593
0.20238095238095238
0.2923076923076923
0.23529411764705882
0.45161290322580644
0.4918032786885246
0.2711864406779661
0.2828282828282828
0.15853658536585366
0.3026315789473684
0.35
0.32432432432432434
0.28735632183908044
0.4117647058823529
0.2903225806451613
0.3548387096774194
0.32786885245901637
0.16883116883116883
0.3050847457627119
0.31746031746031744
0.21794871794871795
0.2602739726027397
0.3076923076923077
0.2716049382716049
0.3620689655172414
0.26785714285714285
0.4883720930232558
0.3472222222222222
0.4411764705882353
0.2876712328767123
0.19402985074626866
0.40350877192982454
0.2247191011235955
0.3787878787878788
0.3055555555555556
0.22784810126582278
0.3037974683544304
0.2112676056338028
0.2786885245901639
0.2786885245901639
0.3225806451612903
0.31343283582089554
0.3076923076923077
0.18823529411764706
0.30666666666666664
0.2777777777777778
0.21052631578947367
0.27692307692307694
0.32786885245901637
0.3181818181818182
0.34177215189873417
0.33766233766233766
0.24691358024691357
0.3372093023255814
0.15702479338842976
0.22950819672131148
0.30985915492957744
0.35064935064935066
0.16326530612244897
0.30158730158730157
0.37037037037037035
0.3146067415730337
0.3492063492063492
0.3
0.2247191011235955
0.28205128205128205
0.2857142857142857
0.21212121212121213
0.3333333333333333
0.23076923076923078
0.34210526315789475
0.1724137931034483
0.33783783783783783
0.3880597014925373
0.2682926829268293
0.423728813559322
0.35
0.38596491228070173
0.66
0.3787878787878788
0.2692307692307692
0.24050632911392406
0.24096385542168675
0.3392857142857143
0.4225352112676056
0.3380281690140845
0.2894736842105263
0.28125
0.3972602739726027
0.3076923076923077
0.3384615384615385
0.2463768115942029
0.3114754098360656
0.423728813559322
0.4
0.2808988764044944
0.34328358208955223
0.2823529411764706
0.2289156626506024
0.1875
0.3194444444444444
0.4264705882352941
0.3548387096774194
0.4084507042253521
0.2808988764044944
0.3548387096774194
0.32558139534883723
0.3333333333333333
0.3333333333333333
0.4852941176470588
0.3258426966292135
0.3595505617977528
0.3442622950819672
0.3
0.2916666666666667
0.24285714285714285
0.3387096774193548
0.19230769230769232
0.2962962962962963
0.28
0.359375
0.42857142857142855
0.3333333333333333
0.30985915492957744
0.2727272727272727
0.27631578947368424
0.3484848484848485
0.23529411764705882
0.2911392405063291
0.28169014084507044
0.28378378378378377
0.17777777777777778
0.46153846153846156
0.3194444444444444
0.3835616438356164
0.3620689655172414
0.3770491803278688
0.3880597014925373
0.3275862068965517
0.24561403508771928
0.2727272727272727
0.32051282051282054
0.43548387096774194
0.31343283582089554
0.2054794520547945
0.16883116883116883
0.17525773195876287
0.28169014084507044
0.29850746268656714
0.3230769230769231
0.3548387096774194
0.4166666666666667
0.375
0.25862068965517243
0.2
0.35526315789473684
0.36
0.35714285714285715
0.3010752688172043
0.22058823529411764
0.3333333333333333
0.16470588235294117
0.3020833333333333
0.35135135135135137
0.29069767441860467
0.275
0.29411764705882354
0.28
0.35185185185185186
0.625
0.3023255813953488
0.29310344827586204
0.28378378378378377
0.38961038961038963
0.30303030303030304
0.4262295081967213
0.4074074074074074
0.358974358974359
0.34328358208955223
0.3283582089552239
0.19318181818181818
0.44642857142857145
0.35443037974683544
0.2777777777777778
0.2692307692307692
0.3372093023255814
0.41509433962264153
0.3157894736842105
0.19696969696969696
0.25
0.36619718309859156
0.41379310344827586
0.3974358974358974
0.2727272727272727
0.1650485436893204
0.29850746268656714
0.3333333333333333
0.3220338983050847
0.41935483870967744
0.3048780487804878
0.4
0.34782608695652173
0.31666666666666665
0.3048780487804878
0.3048780487804878
0.2857142857142857
0.175
0.3142857142857143
0.4
0.2571428571428571
0.3424657534246575
0.23170731707317074
0.25
0.3670886075949367
0.4166666666666667
0.25274725274725274
0.2923076923076923
0.35
0.30303030303030304
0.38095238095238093
0.24675324675324675
0.5490196078431373
0.3375
0.17647058823529413
0.25806451612903225
0.3068181818181818
0.423728813559322
0.2537313432835821
0.35
0.35443037974683544
0.4126984126984127
0.25
0.1702127659574468
0.3291139240506329
0.37735849056603776
0.3170731707317073
0.3673469387755102
0.2
0.5517241379310345
0.38181818181818183
0.21428571428571427
0.3018867924528302
0.36363636363636365
0.3291139240506329
0.3114754098360656
0.24390243902439024
0.28846153846153844
0.3333333333333333
0.509090909090909
0.28169014084507044
0.4189189189189189
0.3625
0.3064516129032258
0.2619047619047619
0.375
0.48148148148148145
0.3055555555555556
0.42028985507246375
0.27710843373493976
0.3448275862068966
0.36904761904761907
0.4482758620689655
0.28
0.3142857142857143
0.3783783783783784
0.34210526315789475
0.3584905660377358
0.35443037974683544
0.22093023255813954
0.3333333333333333
0.28378378378378377
0.25
0.3559322033898305
0.30303030303030304
0.30985915492957744
0.175
0.3835616438356164
0.2682926829268293
0.2962962962962963
0.18181818181818182
0.20192307692307693
0.3235294117647059
0.4027777777777778
0.2962962962962963
0.3611111111111111
0.358974358974359
0.35526315789473684
0.25925925925925924
0.2727272727272727
0.4626865671641791
0.26506024096385544
0.22340425531914893
0.4032258064516129
0.373134328358209
0.34146341463414637
0.34210526315789475
0.2
0.4716981132075472
0.20634920634920634
0.27848101265822783
0.4666666666666667
0.2692307692307692
0.21686746987951808
0.3333333333333333
0.3253012048192771
0.35135135135135137
0.4117647058823529
0.1728395061728395
0.17647058823529413
0.35135135135135137
0.26666666666666666
0.3246753246753247
0.22972972972972974
0.39436619718309857
0.29577464788732394
0.2982456140350877
0.15833333333333333
0.3018867924528302
0.3333333333333333
0.26373626373626374
0.3492063492063492
0.38235294117647056
0.2564102564102564
0.3392857142857143
0.3114754098360656
0.2
0.38095238095238093
0.2696629213483146
0.35185185185185186
0.14285714285714285
0.3225806451612903
0.3333333333333333
0.2222222222222222
0.4533333333333333
0.34782608695652173
0.36363636363636365
0.3333333333333333
0.24242424242424243
0.225
0.3611111111111111
0.17647058823529413
0.19480519480519481
0.34
0.2127659574468085
0.3770491803278688
0.352112676056338
0.1780821917808219
0.34
0.3793103448275862
0.28169014084507044
0.40540540540540543
0.4666666666666667
0.2786885245901639
0.2647058823529412
0.2
0.27058823529411763
0.32222222222222224
0.3404255319148936
0.2894736842105263
0.29347826086956524
0.3125
0.3150684931506849
0.3275862068965517
0.16666666666666666
0.22826086956521738
0.17777777777777778
0.2222222222222222
0.34210526315789475
0.28205128205128205
0.3617021276595745
0.3026315789473684
0.4375
0.375
0.3522727272727273
0.34375
0.29508196721311475
0.36764705882352944
0.2391304347826087
0.3373493975903614
0.37209302325581395
0.3235294117647059
0.3142857142857143
0.4057971014492754
0.35384615384615387
0.28
0.3194444444444444
0.23809523809523808
0.22784810126582278
0.2894736842105263
0.325
0.2894736842105263
0.296875
0.30434782608695654
0.25
0.2826086956521739
0.2833333333333333
0.17142857142857143
0.2413793103448276
0.24096385542168675
0.25806451612903225
0.19607843137254902
0.3157894736842105
0.2898550724637681
0.3563218390804598
0.3333333333333333
0.3291139240506329
0.1875
0.3888888888888889
0.3333333333333333
0.2692307692307692
0.30303030303030304
0.23880597014925373
0.2777777777777778
0.3620689655172414
0.23076923076923078
0.4107142857142857
0.37142857142857144
0.3888888888888889
0.46774193548387094
0.27906976744186046
0.22784810126582278
0.24285714285714285
0.46875
0.32786885245901637
0.26
0.2982456140350877
0.34285714285714286
0.19718309859154928
0.43478260869565216
0.45652173913043476
0.34
0.33962264150943394
0.42857142857142855
0.35
0.2894736842105263
0.4177215189873418
0.23809523809523808
0.29411764705882354
0.3717948717948718
0.3372093023255814
0.24675324675324675
0.18181818181818182
0.27710843373493976
0.3283582089552239
0.27631578947368424
0.3508771929824561
0.34615384615384615
0.3793103448275862
0.4107142857142857
0.2289156626506024
0.3037974683544304
0.44
0.30337078651685395
0.35135135135135137
0.24
0.35064935064935066
0.2028985507246377
0.3492063492063492
0.2727272727272727
0.2
0.359375
0.3103448275862069
0.16326530612244897
0.2698412698412698
0.2608695652173913
0.3333333333333333
0.1780821917808219
0.22340425531914893
0.36507936507936506
0.36231884057971014
0.24285714285714285
0.35294117647058826
0.4117647058823529
0.3698630136986301
0.2604166666666667
0.5283018867924528
0.21518987341772153
0.3181818181818182
0.3
0.3584905660377358
0.23
0.3225806451612903
0.2535211267605634
0.22535211267605634
0.3176470588235294
0.37037037037037035
0.22784810126582278
0.2714285714285714
0.31666666666666665
0.3466666666666667
0.25609756097560976
0.3064516129032258
0.3442622950819672
0.3717948717948718
0.25675675675675674
0.40816326530612246
0.3684210526315789
0.38596491228070173
0.27450980392156865
0.22784810126582278
0.3387096774193548
0.3442622950819672
0.3968253968253968
0.2
0.2318840579710145
0.3695652173913043
0.3333333333333333
0.3333333333333333
0.32857142857142857
0.37037037037037035
0.4520547945205479
0.40540540540540543
0.2923076923076923
0.18571428571428572
0.1978021978021978
0.43103448275862066
0.18421052631578946
0.30158730158730157
0.32
0.2903225806451613
0.3132530120481928
0.47692307692307695
0.417910447761194
0.25
0.3484848484848485
0.3698630136986301
0.26595744680851063
0.35135135135135137
0.2962962962962963
0.2125
0.2875
0.509090909090909
0.4225352112676056
0.2976190476190476
0.35135135135135137
0.28378378378378377
0.2876712328767123
0.3076923076923077
0.22784810126582278
0.313953488372093
0.32558139534883723
0.2318840579710145
0.3875
0.21
0.32786885245901637
0.25555555555555554
0.21212121212121213
0.24193548387096775
0.275
0.32
0.39344262295081966
0.3125
0.25
0.3170731707317073
0.35185185185185186
0.3472222222222222
0.3176470588235294
0.410958904109589
0.3064516129032258
0.20588235294117646
0.2727272727272727
0.379746835443038
0.2753623188405797
0.3333333333333333
0.345679012345679
0.36486486486486486
0.3548387096774194
0.4716981132075472
0.27450980392156865
0.2857142857142857
0.2682926829268293
0.3220338983050847
0.4375
0.5087719298245614
0.22727272727272727
0.24096385542168675
0.4716981132075472
0.3253012048192771
0.27631578947368424
0.25301204819277107
0.3442622950819672
0.37037037037037035
0.3880597014925373
0.410958904109589
0.4262295081967213
0.3076923076923077
0.30337078651685395
0.3125
0.30158730158730157
0.25333333333333335
0.30120481927710846
0.3466666666666667