-0.2844011682782428
-0.3260007978231954
-0.20000790024519013
-0.35703795498205015
-0.3478009408319602
-0.3689143327253392
-0.4530728521712323
-0.4143025934213903
-0.22499541869691578
-0.3946088803692241
-0.41530386115811135
-0.3854864039899675
-0.26317172708317266
-0.35227698885036557
-0.20776134913771216
-0.6041042330480764
-0.2796340445526333
-0.2962361756284544
-0.37686457612332613
-0.560863814113618
-0.5155576223312109
-0.34949874850983065
-0.48290781417345496
-0.46503844798836635
-0.23769270965011288
-0.3859838511770842
-0.28064338741003825
-0.33839247754080726
-0.22853070926309071
-0.3538934188135314
-0.7165786947642268
-0.4331049001897884
-0.7552586035988327
-0.5115508446586998
-0.410782387313015
-0.6359556733917159
-0.6621088065250204
-0.4238319274163138
-0.5413885766645753
-0.30976454598869
-0.39742500170015116
-0.5028652110645755
-0.3988712340031348
-0.3747158728993543
-0.3695019765467335
-0.32876734939312563
-0.37961678983802455
-0.2677804307870071
-0.31848604748743126
-0.44702306175524165
-0.3412419950319892
-0.39612654165515826
-0.39306919352657116
-0.4254951673450613
-0.3297134072686851
-0.36461173747911263
-0.2060475151678689
-0.6686436361458848
-0.2992542200135887
-0.6059654752412088
-0.24361941082229427
-0.3868832462218642
-0.4682631757047784
-0.45651460568963714
-0.4121096250817987
-0.2888424620834566
-0.4289041299867387
-0.321854505894647
-0.39238870197509496
-0.37694577903340837
-0.3918192745041654
-0.5061695286215427
-0.3967871162083863
-0.4148615322380465
-0.3095004065660669
-0.2339030545429942
-0.225276457963361
-0.30389500523739443
-0.5663528244194822
-0.3941756912883228
-0.2987077152788276
-0.5296799666570687
-0.2958256514736587
-0.4230693654509004
-0.198674123376326
-0.4992958471012916
-0.354071080642143
-0.22780895371529772
-0.4194718588780977
-0.48833082915572285
-0.43332923710251914
-0.4266906799549218
-0.4050310802776786
-0.34411083479203436
-0.6232804923201911
-0.47520588530460195
-0.3242357587621348
-0.8147263514551574
-0.581127519742711
-1.0773559945827085
-0.3746889499834208
-0.5211597719093228
-0.35750684511870956
-0.39581675556958845
-0.28136422357406077
-0.546638599013644
-0.3480627828971837
-0.43594307377675423
-0.23328038951891059
-0.2579161229565822
-0.4327151052720486
-0.5057735583169987
-0.32727188902521104
-0.27337467206178817
-0.35914480347396405
-0.3759287186857729
-0.3901636961440484
-0.33795057674639045
-0.34845195191673445
-0.46804800199893687
-0.4022364235212337
-0.5613055894034206
-0.4029721311333756
-0.3384627918825345
-0.6043112908305902
-0.32644884320037604
-0.23034142086681644
-0.456815050604213
-0.5260241506051824
-0.31057912615401556
-0.39274479227485487
-0.6451250262051711
-0.22471779441449966
-1.0237430781761014
-0.6710355441136926
-0.3905800133352353
-0.28623960064659143
-0.3741274799686307
-0.4340365163330344
-0.4043720355026737
-0.3076776025031453
-0.3748766247730476
-0.4071158799721566
-0.30649383137560504
-0.46594037539365485
-0.3099600224474035
-0.6148834509938873
-0.37552881617384315
-0.3794758217507812
-0.533029788758722
-0.24548222261597258
-0.7993933079260738
-0.4475707982959391
-0.7781634403959701
-0.3420879148822546
-0.26903516677290323
-0.41298513709896173
-0.7196560484685139
-0.3992759115688716
-0.32618345108869795
-0.3647295087301589
-0.40956415541314223
-0.23525162210831532
-0.49015586024577457
-0.29094428505336234
-0.4174739065490617
-0.4006383005398657
-0.3748706378480201
-0.4104336639697735
-0.34965078024310325
-0.2685483073236126
-0.5543721279905459
-0.4094823047635772
-0.40853475570772474
-0.37211416953665016
-0.5438799817559263
-0.350541959683364
-0.3290211639508848
-0.2167798723616544
-0.4330786897560742
-0.5142260759797835
-0.45014135499012375
-0.4079757220046302
-0.6544490329076035
-0.34812150570076467
-0.32620722066841745
-0.4035633433241683
-0.310625637634339
-0.48343868198075746
-0.3560924404337879
-0.41005712880048545
-0.3875101011965723
-0.3870750747863346
-0.44810685429228775
-0.3228192017826281
-0.41225808736708813
-0.4703571977938931
-0.291936340484219
-0.21820096830359148
-0.38026908371951623
-0.26331031767438534
-0.41656002943021164
-0.49726544913097187
-0.2952540118599696
-0.4049686493256364
-0.29235396387061185
-0.4860936609926284
-0.3087297846790706
-0.42366180153460137
-0.651114003168352
-0.5789771941228856
-0.3830451677033253
-0.6177388252420182
-0.444073756884924
-0.41100097501064664
-0.2943964896331484
-0.6908003420004765
-0.27680326021316787
-0.6100904037189379
-0.36306162365454847
-0.6202408971223079
-0.27933085835425625
-0.3274687440546168
-0.38263871906177244
-0.19469794404201493
-0.4222919545468289
-0.5469569976014317
-0.4296445338439244
-0.46578864609643333
-0.35275914653448615
-0.2795408635924199
-0.3509778192135107
-0.38607827983060733
-0.3618776808401787
-0.4179675755279852
-0.313689729240462
-0.2458917528373627
-0.6307726344694488
-0.3165847689168413
-0.4914440242561883
-0.3090345780079992
-0.2604314961652832
-0.2528242409708338
-0.3129594648508251
-0.37772213411590483
-0.5715491417775577
-0.42604276496703064
-0.3098800594754835
-0.43657742706694225
-0.38465064519862735
-0.3456042486653132
-0.34050206461957105
-0.3163583928123086
-0.5118493841471351
-0.2786277471334776
-0.2704399436109691
-0.3454122837548817
-0.2784559808664235
-0.7091473707671115
-0.47523743505675786
-0.4778928714321522
-0.29018600521599813
-0.312913746109295
-0.3557632873960637
-0.6911688472291639
-0.2579476575003498
-0.3452130142191606
-0.3342921264490777
-0.360097651110946
-0.31559109165773336
-0.41381801991785383
-0.3224498832110044
-0.4134097850002514
-0.27989091423969503
-0.3239797145892466
-0.4854582633357495
-0.5939081959426403
-0.4807005125763726
-0.3362694925453151
-0.4690260614663444
-0.3795041135589807
-0.46596779299632846
-0.2800603191975786
-0.732718820887381
-0.14700382156419825
-0.42129090238478006
-0.5411611389397364
-0.5668910907621935
-0.3461151758903883
-0.5213652957094523
-0.5048344012954123
-0.34114105782613513
-0.3948162390935089
-0.421114004515623
-0.49646895562029003
-0.4795723963039556
-0.6195686918515826
-0.46215599322037665
-0.4079549236362153
-0.36639269795373636
-0.38198632231050844
-0.3411500485740358
-0.5190641859163595
-0.32003602441566087
-0.3111593543225602
-0.6040412693608936
-0.6132438890486962
-0.49020097592027667
-0.35970904259648817
-0.3584311971090624
-0.2872786139570587
-0.6674023159222475
-0.22711330048621842
-0.18110194060030593
-0.3855345281073688
-0.36023926512346244
-0.4397697393657066
-0.24917900787553662
-0.4923757308601665
-0.37299745535857043