329.403
386.4110000000001
411.5060000000003
447.5890000000001
349.415
249.69699999999997
234.29800000000003
379.2900000000001
312.41300000000007
266.26000000000005
425.5070000000003
249.269
271.382
364.4090000000001
427.5300000000003
348.38000000000005
301.3460000000002
399.4720000000002
210.38499999999993
515.5950000000003
327.34000000000003
281.271
396.83000000000015
328.7370000000001
336.369
481.5960000000003
303.339
414.5350000000002
418.8620000000001
352.39000000000016
434.51400000000024
356.40700000000004
485.6060000000003
490.5890000000002
317.385
538.7320000000003
348.24299999999994
371.41200000000015
278.66099999999994
483.9330000000003
348.4280000000001
475.56700000000035
462.5060000000002
277.349
514.5600000000004
316.38
382.3720000000001
333.413
365.4360000000001
510.6420000000005
328.4120000000002
307.77700000000004
297.398
410.42600000000004
429.36100000000005
374.44100000000014
362.4500000000001
412.8690000000002
465.93700000000024
310.26900000000006
442.0250000000002
435.52800000000013
299.32599999999996
442.9280000000003
258.19499999999994
299.39900000000006
357.4350000000001
465.98400000000015
293.301
408.4830000000002
375.49800000000005
378.85900000000004
327.47300000000024
400.86200000000014
464.4990000000002
318.4650000000001
409.5110000000002
295.72900000000004
253.345
429.5170000000001
438.53000000000014
307.393
417.8930000000003
405.47900000000016
422.50300000000027
267.288
370.8400000000001
265.73999999999995
335.4070000000001
360.4100000000002
379.2900000000002
450.5360000000003
369.4490000000001
479.5810000000003
382.3760000000001
400.4640000000003
373.41600000000005
321.4200000000001
349.43000000000006
287.275
381.46500000000003
291.229
474.9660000000001
426.5160000000002
465.6190000000003
405.5200000000002
275.312
336.391
257.33699999999993
440.52500000000026
428.5100000000003
393.53000000000003
267.288
249.35799999999995
330.431
431.6020000000002
246.26199999999994
302.399
440.5250000000004
294.354
473.5890000000003
185.179
388.4230000000002
237.60799999999995
382.4890000000001
309.36499999999995
425.5790000000001
236.3389999999999
339.8630000000001
458.53400000000016
267.438
221.25599999999994
274.14700000000005
544.6960000000004
389.5250000000002
230.223
455.53900000000016
345.4720000000003
323.35200000000015
345.4640000000002
532.5300000000003
324.4500000000001
464.5510000000002
282.75600000000003
386.4730000000002
443.5470000000002
459.94000000000017
390.43600000000015
437.54800000000023
361.7850000000001
391.4530000000002
379.2680000000001
407.45200000000006
400.45600000000013
388.3550000000001
379.85100000000006
415.4860000000002
233.658
330.4570000000001
348.2250000000001
387.5050000000001
517.5850000000002
330.34000000000003
463.51900000000023
325.86500000000024
172.231
421.4530000000001
210.25799999999998
379.37200000000024
272.348
365.4290000000002
376.4310000000001
389.49600000000027
403.4790000000002
388.48900000000015
381.47600000000006
448.97600000000017
376.3240000000001
384.4610000000002
532.6410000000004
380.4500000000001
383.4960000000002
415.3610000000002
364.4520000000001
444.6040000000001
344.36700000000013
251.289
407.8760000000001
257.24899999999997
332.759
413.47700000000015
466.5920000000001
334.759
407.9010000000003
291.306
432.5960000000002
367.36100000000016
381.4720000000002
453.63000000000034
216.244
276.361
352.83899999999994
372.4460000000001
313.31
239.318
412.51100000000014
368.4370000000001
346.45200000000006
397.49600000000015
448.52700000000016
454.3240000000002
325.4770000000002
420.4380000000001
447.9700000000002
353.4840000000001
221.25599999999994
199.25699999999998
252.269
299.242
405.83700000000016
490.5370000000003
361.4860000000002
351.40600000000006
420.4560000000001
409.67800000000005
441.2360000000001
383.4000000000001
269.3
199.25700000000003
355.41300000000007
395.4560000000001
499.5890000000002
364.195
287.38399999999996
271.2800000000001
356.809
415.89800000000014
291.6940000000001
390.43600000000015
441.6540000000002
381.38800000000026
373.3900000000001
337.223
367.40500000000014
363.2440000000001
345.63
522.5910000000002
382.5260000000003
278.307
190.24600000000004
406.44800000000015
462.57200000000034
335.2370000000001
363.4140000000002
492.5830000000002
480.224
392.49900000000014
428.4360000000001
366.4640000000001
312.394
322.412
322.43
267.284
305.34100000000007
386.51700000000005
209.35799999999995
243.26600000000002
235.352
286.334
383.3350000000001
235.67800000000005
331.36800000000005
314.77200000000005
270.335
348.428
296.305
452.4660000000002
405.5020000000002
217.31199999999993
458.54000000000025
363.46400000000006
472.6520000000005
504.6310000000005
358.44200000000006
385.4410000000001
470.52900000000034
388.4710000000002
346.456
305.3740000000001
294.354
434.5620000000003
397.9060000000002
453.54200000000026
428.4960000000002
315.38
424.5890000000002
429.4730000000002
401.557
513.4900000000001
325.40500000000014
328.824
384.4570000000001
357.37000000000006
424.4720000000001
374.80899999999997
304.39400000000006
486.6380000000003
334.37100000000004
269.32399999999996
418.5150000000001
402.9260000000002
352.8250000000002
383.08299999999997
401.4660000000002
505.5920000000002
311.34100000000007
292.35400000000004
430.6620000000002
289.33900000000006
459.4530000000001
263.322
369.42500000000007
359.47
411.50200000000024
332.42500000000007
423.4690000000001
416.4810000000001
231.29900000000004
478.5930000000004
270.288
317.37
351.4280000000001
510.5910000000003
365.47700000000015
397.3830000000001
456.4680000000002
271.345
388.46700000000016
417.56000000000034
278.337
463.53000000000037
497.41400000000016
349.35
419.49200000000013
548.7280000000003
391.4720000000001
293.301
320.35200000000003
267.35699999999997
318.37600000000003
414.4370000000002
544.7170000000003
320.33000000000004
447.84400000000005
415.51500000000016
417.48700000000014
272.348
249.26599999999996
391.53700000000026
419.3930000000001
491.5690000000004
340.46700000000004
316.36100000000005
386.23800000000017
349.408
332.3490000000001
260.253
389.52400000000006
212.22900000000004
269.3
313.333
429.58400000000023
303.355
277.284
247.34399999999997
354.43500000000023
415.3560000000003
375.47200000000015
296.37100000000004
208.33000000000004
357.4610000000001
426.58800000000014
357.45700000000016
374.4620000000002
295.38199999999995
369.42100000000016
281.35599999999994
347.3
327.40900000000005
376.4120000000001
285.38699999999994
335.83100000000024
340.3830000000001
327.40900000000005
250.21
361.4860000000002
465.6190000000002
399.4720000000002
422.52900000000034
548.7750000000003
342.37
381.8850000000003
493.4830000000001
382.24300000000005
420.46900000000016
387.41400000000016
275.32300000000004
234.328
463.4560000000001
551.7130000000002
296.355
404.4260000000001
408.5380000000003
399.4870000000001
393.6000000000002
396.2660000000001
261.331
316.832
396.1570000000001
315.394
324.174
248.28500000000003
216.32800000000003
294.405
351.4100000000002
352.2980000000001
455.5830000000003
349.85800000000023
383.4920000000003
296.278
349.43100000000015
404.5170000000001
430.3570000000002
324.38
429.5200000000003
322.36
457.6210000000002
413.56200000000024
301.264
471.5570000000002
365.41100000000006
305.33700000000005
482.62500000000034
431.24600000000004
328.456
473.55100000000016
252.339
319.2320000000001
271.316
277.374
432.52700000000016
281.355
334.419
469.60700000000026
327.38800000000015
340.3790000000001
236.34
303.358
367.452
302.286
250.29799999999997
219.29199999999997
390.44300000000004
356.4220000000001
331.5970000000001
432.44000000000017
407.85700000000014
482.56500000000017
342.786
280.371
394.39900000000017
357.43500000000006
311.40300000000013
353.3750000000001
405.4320000000002
434.35600000000005
520.0540000000001
314.454
407.46600000000024
349.4340000000001
460.35300000000007
410.4300000000001
344.4550000000002
414.5120000000003
340.42600000000004
470.03800000000024
329.403
288.37600000000003
329.3080000000001
438.4090000000001
287.363
240.25799999999998
390.4210000000001
451.5010000000004
284.34400000000005
416.48100000000017
448.4790000000002
470.50700000000023
344.8670000000001
274.324
358.46700000000016
444.5970000000003
413.49900000000025
466.9910000000002
243.68999999999997
489.52300000000037
331.213
274.345
296.326
392.4770000000001
432.4980000000002
271.3639999999999
231.29900000000004
395.55000000000007
289.31000000000006
394.5010000000001
505.55000000000024
477.48300000000035
482.00200000000024
387.4140000000001
339.3910000000001
229.28700000000003
290.1860000000001
389.5210000000001
478.5490000000004
404.3110000000001
466.56300000000005
210.36499999999995
413.43300000000016
466.56700000000023
270.335
445.5370000000002
388.47400000000005
359.42600000000016
448.58900000000034
499.97600000000034
442.2950000000002
299.717
279.361
477.9730000000003
372.4250000000001
251.31099999999998
340.35400000000004
299.41800000000006
346.427
403.91300000000007
295.406
270.357
310.76200000000006
356.3780000000001
447.5570000000003
356.40700000000004
330.653
292.29400000000004
416.4960000000001
502.7320000000005
369.46900000000016
351.8410000000001
404.4880000000002
393.4430000000001
383.7950000000001
410.88300000000015
426.4730000000003
373.4780000000003
322.19500000000005
357.8850000000001
317.35200000000003
244.298
228.273
396.32500000000016
408.37800000000016
348.3360000000001
337.379
344.4360000000001
310.39700000000005
338.35900000000004
468.5790000000003
368.3150000000001
387.5080000000001
325.437
291.363
324.7640000000001
364.43000000000006
555.5800000000004
429.5170000000002
349.38700000000006
421.47200000000004
280.393
503.44000000000034
376.481
341.41800000000006
323.35200000000003
467.5290000000002
304.4150000000001
450.9700000000002
445.4720000000002
426.4730000000003
485.9090000000002
422.5500000000002
495.6420000000004
227.288
229.239
393.36500000000007
311.3810000000001
474.57900000000024
288.37199999999996
303.369
358.463
277.20500000000004
487.62200000000036
358.43800000000016
376.42800000000005
573.5020000000002
281.344
330.46900000000016
256.257
448.5480000000001
283.12100000000004
374.2450000000001
231.25500000000002
431.49600000000015
211.28999999999996
378.48000000000013
276.335
333.74300000000005
324.427
501.60500000000025
336.39100000000013
255.321
286.71500000000003
335.38500000000016
338.49800000000016
290.42900000000003
465.5460000000002
339.307
380.47000000000014
391.47100000000006
412.4670000000001
350.4400000000001
282.31800000000004
493.60400000000016
390.53100000000023
391.47400000000016
338.3630000000001
405.90700000000015
481.6180000000002
392.47700000000015
458.49200000000025
414.45800000000025
298.298
439.55600000000015
385.93500000000006
402.49400000000014
427.50400000000013
398.29700000000025
333.7710000000001
199.16599999999997
471.57900000000024
497.5730000000003
491.56900000000036
406.51100000000014
302.73600000000005
394.5990000000002
370.41300000000007
382.48900000000015
443.56900000000036
387.5050000000001
431.5140000000001
353.4550000000001
420.8820000000002
250.36699999999996
487.5750000000002
450.44700000000023
309.3690000000001
330.771
301.30199999999996
296.37399999999997
379.4410000000001
434.94900000000007
374.37800000000016
408.54600000000016
348.3880000000001
312.395
396.45100000000014
336.4600000000001
316.7480000000001
374.46200000000016
354.45000000000016
328.368
391.4310000000002
417.50900000000024
338.31
420.4190000000001
466.9500000000001
412.5150000000001
384.27000000000015
464.5470000000002
346.77000000000004
398.4630000000002
370.4520000000001
266.30099999999993
370.4090000000001
336.482
369.40200000000016
205.25700000000003
347.418
486.6150000000003
331.799
219.67100000000002
493.56300000000016
445.56600000000026
453.48900000000003
441.4130000000002
393.44300000000015
427.276
500.5960000000003
371.8200000000002
373.5010000000003
434.00500000000045
468.5140000000002
371.44400000000013
333.457
427.5410000000003
330.475
453.56800000000015
490.6700000000004
313.382
361.832
405.4140000000001
321.32900000000006
320.41700000000003
236.31499999999997
318.41700000000003
422.4630000000002
335.41100000000006
464.97100000000034
340.3790000000001
319.40500000000014
335.79100000000005
433.5050000000002
341.3920000000001
403.48600000000016
387.39900000000006
442.64800000000025
432.72300000000007
371.4430000000001
349.4380000000001
393.59000000000003
418.5000000000002
466.5340000000002
357.20700000000005
417.85600000000017
175.23100000000002
433.5550000000002
229.27899999999997
282.30300000000005
528.9710000000001
433.83900000000006
250.75400000000002
378.9000000000001
343.434
327.4530000000001
417.87400000000014
355.478
316.4740000000001
517.5630000000003
368.82400000000007
356.4220000000001
293.33000000000004
366.45199999999994
310.404
326.30800000000005
435.5010000000002
452.8760000000002
395.91200000000026
438.5530000000002
349.32400000000007
474.57900000000035
300.42699999999996
503.38200000000035
361.44900000000024
389.84300000000013
320.34800000000007
283.371
405.8780000000002
302.374
312.7570000000001
384.8920000000002
399.4980000000001
261.241
349.22100000000006
386.38900000000007
374.4840000000002
402.45000000000016
390.4390000000002
260.366
351.305
307.394
393.5310000000002
261.28100000000006
394.4530000000001
475.5960000000001
334.353
392.5020000000002
487.5310000000002
353.42600000000016
395.41500000000013
421.5180000000002
400.5480000000002
313.425
421.50000000000006
384.4510000000001
229.23900000000003
382.4850000000002
424.51900000000023
468.61600000000027
550.6530000000002
451.4700000000001
410.49200000000025
319.36400000000003
328.41200000000015
297.285
555.7040000000003
576.6360000000001
281.268
373.2940000000001
449.5770000000002
396.4620000000001
239.702
439.9680000000002
244.25400000000002
329.4250000000001
485.34500000000025
312.7530000000001
192.189
404.46600000000024
366.8740000000002
479.4800000000002
221.3
323.38100000000003
291.37199999999996
320.78000000000003
407.4730000000002
359.5140000000002
365.4770000000001
340.77000000000004
483.48100000000017
223.294
367.3360000000001
447.34300000000013
427.4850000000001
400.5440000000002
380.53200000000004
251.695
365.8240000000001
340.33500000000004
376.3860000000001
334.44100000000014
373.2280000000002
466.4010000000001
422.48500000000024
306.15900000000005
344.253
390.48300000000006
351.85900000000004
268.32300000000004
271.70300000000003
499.58900000000045
466.4880000000001
547.9860000000001
316.4890000000001
228.267
383.42300000000006
475.52400000000017
345.44300000000004
455.3800000000002
411.5060000000002
227.26300000000003
398.5100000000001
498.46800000000036
396.46800000000013
428.4880000000001
519.6310000000002
340.77
350.338
243.28099999999998
381.4760000000001
354.34400000000005
475.97700000000015
359.4070000000001
339.2770000000002
475.3970000000002
392.82
378.8560000000003
288.34700000000004
339.307
480.4320000000003
445.5560000000002
279.36899999999997
391.38700000000006
365.42900000000014
247.24999999999994
341.37200000000007
186.21800000000002
281.315
332.363
461.31600000000026
266.75300000000004
330.38700000000006
304.331
348.4060000000002
464.3410000000002
350.21600000000007
446.51100000000025
335.7940000000001
543.5520000000002
522.9890000000003
213.34999999999997
285.30400000000003
335.4250000000001
185.22299999999998
230.31099999999998
541.6740000000002
357.4140000000001
522.6270000000003
335.3600000000001
356.3040000000002
374.4290000000001
351.33700000000005
403.54800000000023
188.22600000000003
307.3710000000001
462.78100000000023
371.5060000000002
394.4350000000001
358.3580000000001
313.38200000000006
292.448
284.403
588.1260000000002
477.4510000000002
329.40700000000004
314.32
350.7800000000001
342.42
397.90600000000006
346.271
357.4100000000001
341.39200000000005
381.3840000000001
400.5230000000001
446.41500000000013
349.4560000000001
433.5550000000002
308.333
498.04800000000023
336.39500000000015
363.41700000000003
388.8510000000001
394.4960000000001
397.8840000000001
373.43400000000014
377.46900000000005
301.371
281.32300000000004
310.7370000000001
490.53900000000016
365.38900000000007
338.4510000000001
300.318
267.373
317.297
399.4430000000002
285.325
335.36300000000006
436.4680000000002
443.5260000000001
270.723
429.4800000000002
479.54300000000023
324.37600000000003
407.4050000000001
438.49900000000025
326.356
310.31300000000005
386.4660000000001
401.8790000000001
377.47
445.5630000000002
382.4630000000001
449.4770000000001
424.37500000000006
342.439
343.8100000000001
426.4730000000002
324.409
373.40300000000013
532.4530000000002
251.21699999999998
338.407
522.6270000000003
325.8210000000001
267.28799999999995
433.5550000000002
191.66099999999997
240.09999999999997
483.57500000000033
312.369
382.48500000000024
449.89400000000023
173.21900000000002
316.401
312.369
442.4930000000001
250.29399999999995
386.4520000000001
412.3790000000002
460.57700000000017
250.30100000000002
365.9010000000001
537.4550000000003
446.59300000000013
342.4140000000002
480.5860000000003
419.4020000000001
406.4640000000003
415.5400000000002
271.324
439.4930000000001
369.3950000000001
399.4720000000002
336.4350000000001
248.36999999999998
235.37099999999995
305.355
385.439
368.74600000000004
357.41
307.39300000000003
516.5980000000002
387.45500000000015
230.245
249.741
361.4710000000002
264.35
359.8380000000001
419.47800000000007
383.4730000000001
327.403
327.43100000000004
327.38400000000007
428.47400000000016
386.4950000000003
419.4590000000002
307.38200000000006
349.4080000000001
237.32399999999993
307.309
346.30700000000013
317.3260000000001
231.27599999999998
308.33700000000005
374.49500000000006
384.4510000000001
345.401
367.35700000000014
418.54500000000013
405.4060000000001
404.4740000000001
416.5650000000003
280.364
339.4640000000001
476.53600000000034
253.25399999999996
468.5350000000003
374.41900000000015
355.7420000000001
355.3940000000001
371.82800000000003
355.39400000000006
442.5630000000003
368.21200000000005
472.56700000000035
504.62800000000027
240.25799999999998
354.51900000000023
325.773
304.393
313.42600000000004
370.4080000000002
412.39800000000014
271.276
398.53600000000023
276.752
441.4590000000001
352.3910000000001
483.5790000000003
457.6210000000002
348.42400000000015
434.51100000000014
459.56800000000027
237.29899999999998
405.4720000000001
433.87700000000007
353.4220000000001
277.35300000000007
381.8190000000001
194.25899999999996
394.47100000000023
391.4930000000002
491.56700000000023
322.39
249.35699999999997
389.54300000000023
296.326
475.9980000000002
314.8160000000001
380.42900000000003
532.6150000000005
413.29300000000006
275.695
390.4460000000001
299.2420000000001
332.231
241.29
464.5070000000002
365.3610000000001
340.4930000000001
283.331
350.3740000000001
382.21000000000004
312.37300000000005
329.3560000000001
305.38200000000006
272.307
314.3450000000001
376.48200000000014
379.5040000000001
532.6850000000004
340.36400000000003
391.39300000000014
349.47400000000005
225.25500000000002
375.4530000000001
356.49300000000017
270.29200000000003
263.253
287.3190000000001
247.29799999999994
360.4820000000001
364.401
487.5600000000003
345.24
521.6590000000003
383.4480000000001
254.30799999999996
296.28600000000006
355.394
389.28600000000006
294.314
230.223
336.43800000000005
298.342
438.94000000000017
400.47900000000027
340.4490000000001
336.80000000000007
440.54400000000027
353.39900000000006
378.5160000000002
316.26900000000006
382.46700000000004
245.24200000000002
367.44500000000016
341.314
262.353
400.4380000000001
298.3710000000001
356.4510000000001
298.302
309.373
338.4510000000002
299.35200000000003
313.3570000000001
403.46000000000015
460.55200000000036
391.9240000000001
263.724
305.175
427.50800000000015
343.41200000000015
433.53000000000014
405.4000000000001
578.0940000000003
360.3410000000002
370.40800000000013
273.295
346.45900000000006
252.226
485.9250000000003
440.54000000000025
407.3760000000001
316.198
416.50300000000016
395.48200000000026
278.337
373.359
309.394
321.365
282.392
325.36800000000005
377.37100000000004
385.53700000000015
304.37500000000006
403.45600000000024
351.40999999999997
502.58900000000034
460.5520000000003
463.8960000000002
467.5470000000003
486.6190000000002
386.52100000000013
317.345
269.40999999999997
505.64000000000027
484.50800000000027
417.46500000000015
304.80600000000004
357.1970000000001
470.5890000000003
474.35500000000013
419.27500000000015
381.5230000000001
250.25399999999996
224.30399999999997
503.60600000000034
343.818
394.4780000000002
383.4730000000001
402.41000000000014
326.3560000000001
433.46400000000017
339.41600000000005
255.29199999999994
204.22899999999998
240.35000000000002
381.4130000000001
359.40700000000004
419.4660000000002
223.30100000000002
306.39400000000006
416.4810000000003
319.40500000000003
243.69399999999993
356.516
316.3530000000001
300.314
365.36400000000003
499.6180000000003
319.7920000000001
405.5240000000001
300.40500000000003
395.93100000000015
323.34800000000007
279.748
351.4060000000001
283.32700000000006
274.284
223.275
331.29000000000013
395.4590000000002
247.29799999999997
391.8590000000002
376.4780000000001
268.36000000000007
437.5400000000001
278.337
381.23300000000006
389.4230000000001
433.94200000000006