40
54
47
51
45
25
27
36
41
38
51
30
26
43
46
42
39
49
23
57
39
41
51
41
42
62
34
47
51
42
52
48
62
51
38
61
30
42
32
61
39
56
55
30
65
39
49
42
47
67
35
40
35
48
39
50
42
50
59
42
52
49
34
52
31
35
46
56
34
50
37
37
41
49
53
34
48
34
27
51
50
38
45
47
54
32
40
31
40
42
35
52
42
57
53
51
45
34
39
45
42
40
55
48
51
49
36
41
27
52
53
45
35
31
40
51
30
33
54
35
55
19
49
26
41
36
46
33
43
52
33
24
26
70
45
32
52
40
37
37
76
38
55
27
44
52
52
47
48
42
51
41
54
46
45
44
51
27
39
35
46
62
40
54
33
19
52
24
50
36
42
48
42
54
46
44
54
49
43
68
48
44
38
36
52
45
28
46
33
38
53
50
35
45
31
46
48
47
48
27
32
40
48
34
27
51
44
41
46
56
49
34
48
49
45
29
24
31
51
48
57
41
50
52
50
49
45
32
21
42
47
57
32
27
31
42
51
38
48
56
44
44
43
46
37
38
62
45
37
21
48
56
31
45
63
63
50
54
46
36
37
40
32
36
52
26
29
28
34
53
24
38
37
35
36
31
55
48
25
65
37
55
61
42
46
61
46
36
36
40
44
47
54
53
35
50
54
43
64
37
35
48
43
46
52
32
51
38
37
50
45
43
32
47
65
35
35
45
39
56
35
44
43
50
42
49
51
29
60
30
34
40
64
41
54
57
28
43
44
31
52
51
46
52
71
47
34
45
31
37
56
61
42
51
51
50
34
30
46
52
56
37
45
46
40
45
35
47
21
33
40
48
32
31
27
41
41
45
35
21
43
43
43
43
34
47
31
42
38
46
37
34
36
37
40
42
55
54
48
71
39
47
57
39
52
48
33
27
58
67
36
52
49
44
43
40
26
35
49
40
30
32
23
31
45
42
52
39
39
36
39
42
44
37
54
42
56
43
39
57
41
36
58
54
40
54
28
29
29
27
51
30
40
50
47
40
23
40
37
35
28
28
45
36
28
53
45
54
41
30
48
45
38
44
46
42
61
41
50
41
49
49
39
46
37
50
37
30
40
58
36
29
42
52
32
50
57
65
39
37
40
50
45
55
23
45
31
31
39
44
55
37
28
50
36
49
66
57
55
46
41
25
26
44
55
43
52
21
52
50
32
54
43
44
52
68
45
31
33
60
47
28
42
41
45
49
41
27
33
42
58
45
27
38
52
55
40
36
47
47
45
56
53
43
35
38
43
27
24
53
48
45
41
43
36
43
58
51
44
42
35
37
40
75
53
41
49
32
50
47
41
41
56
37
55
57
51
64
51
60
24
26
48
36
60
33
33
39
35
59
48
42
73
30
32
36
51
25
42
29
52
23
47
30
37
34
62
39
37
31
35
36
32
53
51
41
52
47
43
35
60
41
42
44
45
57
46
57
48
39
55
40
45
49
55
35
28
59
56
63
46
32
53
41
47
52
43
54
41
44
24
59
55
31
39
42
38
42
53
44
44
49
35
47
39
35
44
40
42
47
52
42
52
54
57
41
60
38
43
47
39
44
32
42
22
46
59
35
22
62
51
47
56
52
41
65
44
40
44
51
47
33
48
36
50
60
39
38
49
41
36
24
31
47
39
53
41
33
36
56
36
53
50
50
41
45
43
37
48
53
33
52
20
48
28
36
62
48
26
42
43
36
50
38
36
63
42
44
39
41
32
41
52
55
48
49
46
56
30
59
44
47
42
35
48
32
42
47
50
39
37
55
44
49
43
27
41
37
47
34
46
56
39
48
57
42
43
48
50
36
53
47
26
48
49
62
68
58
47
35
41
35
62
70
33
38
49
47
26
50
33
43
56
37
24
48
35
62
25
35
33
33
52
48
47
39
61
22
52
52
50
42
50
35
41
49
45
34
34
49
51
31
47
47
37
34
30
61
58
66
44
23
47
57
40
56
51
26
45
52
45
52
64
42
49
27
44
46
54
45
33
54
48
42
35
49
45
52
23
48
41
31
40
23
34
41
58
27
38
35
44
47
34
53
38
68
65
23
36
39
24
29
72
44
66
43
31
43
48
48
22
33
56
39
45
56
35
31
33
70
71
40
38
50
41
43
32
45
49
45
42
61
40
51
37
61
44
43
42
42
45
50
41
35
33
37
55
44
38
38
28
40
50
34
47
57
48
30
57
57
39
50
53
37
40
39
45
38
55
47
52
52
45
39
51
35
45
57
32
42
68
36
32
53
17
21
57
34
51
52
23
36
35
55
28
45
58
52
28
45
57
57
40
54
49
44
47
37
50
44
47
43
29
32
40
44
46
38
40
56
46
28
31
39
27
37
53
47
37
37
37
54
50
61
35
43
23
39
40
41
25
40
41
44
41
51
49
51
48
49
31
40
60
28
51
46
49
43
44
50
56
40
53
53
29
36
38
35
33
46
53
32
43
29
58
44
54
54
42
52
54
29
48
51
41
33
42
21
48
46
56
41
32
44
45
51
35
46
63
43
29
42
43
35
27
55
51
32
33
42
37
43
39
32
36
45
40
48
63
42
48
46
24
42
47
32
40
38
34
42
44
57
27
61
48
28
41
42
40
34
27
39
34
48
44
37
40
55
40
46
45
42
26
43
44
32
59
41
42
39
34
41
31
42
57
55
35
26
27
55
42
47
51
64
46
45
37
40
29
53
54
49
30
51
48
34
42
36
40
37
37
46
42
32
48
40
63
56
56
61
62
41
46
32
60
61
47
32
43
59
59
40
40
36
28
67
37
44
46
56
41
53
42
28
25
26
48
42
48
21
36
61
39
24
32
40
36
41
59
36
51
37
45
42
30
42
32
28
25
41
46
29
51
47
31
56
29
41
44
46