50.42
93.92000000000002
96.33000000000001
72.17000000000002
64.85
42.35000000000001
17.07
68.28999999999999
50.69
78.75
97.41000000000003
38.66
55.4
107.83999999999999
81.85000000000001
101.57
94.22
108.62
0.0
99.87
96.53
78.15
77.4
107.25000000000003
105.32999999999998
58.81
72.47
98.42
121.01999999999998
63.93000000000001
105.92
99.00999999999999
96.02
102.33
51.160000000000004
116.17
55.4
54.040000000000006
33.2
119.22999999999999
78.27000000000001
97.41000000000001
97.35000000000002
68.02000000000001
136.89999999999998
61.02
94.17000000000002
79.37
94.72000000000001
77.53999999999999
54.71
66.4
38.33
110.80000000000001
66.48
86.43
38.69
65.74000000000001
86.00999999999999
107.13
69.72
81.39000000000001
65.49000000000001
74.24000000000001
39.44
50.78
76.63999999999999
96.44
61.85
105.39
72.28
36.28
26.479999999999997
86.71000000000001
114.71000000000001
50.160000000000004
88.16
118.69
23.47
71.41
86.71000000000001
29.54
79.9
73.34
109.85
60.06
76.02000000000001
33.45
48.72
66.48
66.48
68.08999999999999
51.81
97.72000000000001
120.39
109.56
74.83
41.489999999999995
40.58
101.67
122.2
84.27
84.94
49.85000000000001
63.57
80.63999999999999
90.7
64.35
49.25
91.84
76.15
70.0
70.39
46.92
32.34
70.67
59.67
54.269999999999996
84.22000000000001
58.199999999999996
82.85
82.81
76.99000000000001
29.1
69.03999999999999
38.77
75.11
36.260000000000005
46.61000000000001
65.54
20.310000000000002
51.47
29.54
98.82
79.60000000000001
65.26
77.13
54.260000000000005
65.38000000000001
47.56
141.59999999999997
56.75000000000001
114.10000000000001
66.91
78.87
54.04000000000001
96.78
112.23000000000002
4.93
96.53
110.49000000000001
61.69
133.68
83.68
85.59
64.74000000000001
105.84
50.8
62.46
50.68
79.37
122.32
96.89
122.31
44.370000000000005
17.82
118.48
64.35
97.30000000000001
44.0
56.790000000000006
43.78
79.9
101.78
75.71
61.88
82.08000000000001
116.92000000000002
92.25999999999999
94.92
73.1
72.16
26.71
88.76
53.18
93.73
61.85
50.95
77.12
51.43
65.25999999999999
94.82000000000002
77.52
62.29
48.42
90.87
96.97
75.63
82.44999999999999
73.8
76.21
60.44
83.55000000000001
141.87
29.1
89.27
78.27000000000001
66.48
71.7
102.24000000000001
65.79
20.310000000000002
108.04999999999998
67.08
63.68
55.73
30.71
43.370000000000005
112.30999999999999
79.54
99.03
54.040000000000006
66.69
41.57
72.67999999999999
51.55
75.6
51.8
37.81
52.65
62.300000000000004
117.95
65.49000000000001
38.33
84.95
67.75999999999999
63.68
84.27
66.92
91.44
93.89999999999999
105.67
61.269999999999996
89.02000000000001
48.150000000000006
39.94
159.53
66.92
54.37
32.34
52.57000000000001
110.59999999999998
52.08
65.78
168.30999999999997
41.46
62.4
82.61
106.32999999999998
62.98
50.50000000000001
61.190000000000005
61.55000000000001
85.30000000000001
59.38
12.03
75.11000000000001
29.43
47.5
111.43
76.72
68.97999999999999
62.980000000000004
28.68
86.10999999999999
52.3
94.57
88.91
20.310000000000002
110.47999999999999
77.25
91.42
78.25
82.08000000000001
81.69999999999999
95.22
58.440000000000005
69.9
64.63
54.12
85.69
51.870000000000005
67.6
86.21000000000001
46.84
56.75000000000001
119.80000000000003
45.67
99.21000000000002
68.23
46.010000000000005
72.64
114.8
53.33
111.15
81.51
102.32000000000001
55.760000000000005
50.050000000000004
85.8
56.84
63.61
29.1
65.5
106.60999999999999
70.67
49.410000000000004
48.470000000000006
73.85
92.41000000000001
74.85
95.07000000000001
46.94
71.11
60.66
72.69999999999999
85.26
57.78
89.60000000000001
68.28999999999999
81.17999999999999
90.41000000000001
90.03
70.23
86.51
67.23
43.32
67.42999999999999
73.02
80.9
94.09000000000002
63.35
109.33000000000001
142.62
94.74
87.22
50.940000000000005
75.96000000000001
49.57
45.480000000000004
79.16
81.08
118.25000000000001
55.510000000000005
104.37
89.78999999999999
49.410000000000004
64.63
71.41
124.64
83.3
35.940000000000005
90.06
78.91
60.17
117.44999999999999
82.94
26.79
37.3
47.56
75.57000000000001
47.769999999999996
66.84
91.16000000000001
40.86
76.88
38.92
52.980000000000004
82.08000000000001
24.06
37.190000000000005
51.22
31.98
75.71
37.38
93.5
78.59
75.14
70.23
79.47
29.540000000000003
55.400000000000006
67.77
57.010000000000005
109.54000000000002
35.580000000000005
61.88
92.87999999999998
68.62
121.6
58.64
82.27
47.03
64.63
95.91000000000001
63.99
31.23
41.050000000000004
84.67
94.96
69.81
93.53
66.76
68.23
29.33
83.37
54.88
32.34
120.88
54.45
52.330000000000005
34.89
24.39
59.81
87.37
99.11000000000001
68.13000000000001
55.400000000000006
72.47999999999999
76.74000000000001
71.11
90.14
68.46000000000001
52.49
71.52999999999999
44.760000000000005
70.58000000000001
68.46000000000001
46.61
81.59
89.02
64.11
87.91000000000001
109.43
45.33
80.22999999999999
53.849999999999994
41.57000000000001
48.42
47.260000000000005
105.4
42.24
49.74
72.92
97.2
60.03
33.62
71.69
97.39
97.63000000000001
78.43
102.77999999999999
77.63
76.66
53.33
129.9
71.53
161.45
65.87
41.13
87.61000000000001
78.84
78.79
97.54000000000002
122.83000000000001
78.95
104.29999999999998
41.46
77.77
81.99000000000001
79.37
79.54
58.64000000000001
100.10000000000001
98.49000000000001
58.370000000000005
39.42
52.3
94.09000000000002
83.45
58.38000000000001
35.53
112.39
127.28999999999999
56.21
78.15
112.98
131.74
53.22
56.220000000000006
49.86
75.71000000000001
79.38000000000001
95.75
51.05
23.55
41.99
61.69
67.37
84.94
91.10000000000001
26.790000000000006
44.370000000000005
97.45
49.580000000000005
97.35
115.69
79.12
107.97
56.15
81.78000000000002
63.45
59.220000000000006
79.37
111.55
37.81
100.63000000000001
15.27
79.25999999999999
106.26
17.29
83.83000000000001
100.19
88.07
102.84
100.82999999999998
83.09
74.99000000000001
46.61
90.77000000000001
116.28
64.11
67.76
67.15
59.08000000000001
46.92
25.009999999999998
48.14
78.76
90.31000000000002
108.57
110.57
29.1
75.27000000000001
43.26
46.67
73.63
62.2
84.94
70.23
90.52
95.79
86.96000000000001
79.36999999999999
54.35
35.580000000000005
75.6
58.95
72.31
107.93999999999998
159.48
99.77000000000001
73.22
57.690000000000005
32.78
69.67
97.21
77.2
59.620000000000005
68.01
96.68
75.71
68.52
163.06
66.65
70.58000000000001
64.74
41.57000000000001
76.15
41.9
46.84
79.37
101.82
50.27
59.39
139.71999999999997
86.96000000000001
142.8
75.27
114.03999999999999
40.86
60.92
75.02
38.77
109.85000000000001
51.220000000000006
55.11
58.64
61.31999999999999
88.18
101.98000000000002
50.27
84.61999999999999
55.96
24.06
60.44
70.31
50.44
83.47
70.14
72.08
54.88
66.63000000000001
86.99000000000001
55.400000000000006
60.45
113.08999999999997
52.61
61.37
76.66
77.69000000000001
55.24000000000001
66.48
105.84
110.9
83.98
74.92
84.94000000000001
95.5
44.89
69.72
52.49000000000001
82.57000000000001
95.5
87.63
90.81000000000002
84.94000000000001
122.99
86.33
86.71000000000001
67.00999999999999
32.7
50.8
77.25
121.07999999999998
64.63
118.17999999999999
96.02
130.75
91.56
72.54
41.46
34.14
85.59
55.89
81.16
68.46000000000001
107.02000000000001
102.5
124.15999999999998
34.89
108.74
116.18000000000002
56.27000000000001
59.5
88.62
66.91
76.38
102.30000000000001
112.51
62.550000000000004
114.12
74.77
102.97
33.2
59.84
67.87
67.42999999999999
89.34000000000002
78.2
71.41
55.12
78.09
97.12
84.3
55.63
104.77000000000001
73.47
86.86
53.17
81.26999999999998
91.41
58.2
86.48
38.33
62.1
92.78
55.4
22.0
86.36
73.66
54.88
66.88000000000001
90.29
109.61000000000001
82.93
62.91
77.05000000000001
54.46000000000001
107.1
63.39000000000001
66.32000000000001
57.230000000000004
75.27000000000001
87.66
91.72
52.980000000000004
50.95
100.26999999999998
94.09
53.22
54.27
66.65
112.11000000000001
77.99000000000001
92.77999999999999
66.37
70.67
73.22
109.57
88.24000000000001
116.92
118.09
56.75
72.47
79.2
67.94
41.99
101.66000000000003
70.42
51.22
85.31
20.310000000000002
92.51
46.5
79.03999999999999
152.36999999999998
45.230000000000004
24.92
58.64
55.63
36.440000000000005
85.35000000000001
41.93000000000001
32.260000000000005
117.53
57.92000000000001
87.04
86.94
41.57000000000001
80.91000000000001
93.72999999999999
81.69999999999999
117.58
82.27
104.21000000000001
127.64000000000001
85.38000000000001
41.99
76.15
56.80000000000001
74.28999999999999
69.97
29.54
79.98
45.91
90.06
100.85999999999999
71.32
106.45
70.3
124.32
43.26
64.80000000000001
69.15
60.21
84.86000000000001
74.43
70.23
70.19
42.74
120.05000000000001
115.56
83.55
73.53999999999999
74.49000000000001
97.92000000000002
64.63
79.53
69.56
67.05
42.010000000000005
77.74000000000001
79.19
102.00999999999999
104.22
128.28
76.30000000000001
86.33
63.25
79.19
55.73
101.3
185.88000000000002
112.24000000000001
23.55
99.93999999999998
65.69999999999999
46.17
71.09
90.7
61.77
91.78
74.93
37.3
69.56
69.9
108.13
38.33
65.72
55.400000000000006
74.32
111.79
52.650000000000006
56.489999999999995
76.88
136.19
78.62
94.23999999999998
83.42999999999999
71.53
34.17
40.620000000000005
92.05000000000001
65.6
84.47
49.56
68.28999999999999
69.68
69.72
91.31
39.19
115.10000000000001
51.66
56.15
94.94
45.730000000000004
100.79
77.75
113.94999999999999
23.55
24.06
85.69
84.59
49.94
97.36
96.33000000000001
38.33
43.18000000000001
60.93000000000001
75.8
73.59
137.41
73.4
109.59
29.1
61.88000000000001
125.71000000000004
81.29
90.28999999999999
32.34
57.690000000000005
119.46999999999998
84.5
58.64
103.06
88.91
69.62000000000002
64.86
101.13
79.54
74.68
98.69
42.74
56.15
72.43
127.36000000000001
34.89
32.78
86.11
76.88
90.41000000000001
61.77
94.28
39.82
115.13000000000001
95.66000000000003
27.299999999999997
82.67999999999999
68.54
60.77000000000001
41.46
130.95
94.08000000000001
127.71000000000001
98.25000000000001
30.49
92.50999999999999
78.84
61.88000000000001
26.3
71.28
59.290000000000006
75.11
124.15999999999998
128.98000000000002
69.66
35.5
41.46
110.97
143.51000000000002
55.63
83.45
115.61000000000001
58.97
54.46
46.17
80.64
82.06
78.21000000000001
83.44
120.91000000000001
84.66
86.79
48.67
73.21
72.42
63.69
76.75
41.99
80.64000000000001
90.17000000000002
55.629999999999995
62.300000000000004
80.89
84.82999999999998
85.06
87.74000000000001
50.69
71.05000000000001
71.5
94.83999999999999
83.41999999999999
104.31
85.13
108.38
126.73000000000002
43.6
96.33000000000001
107.71000000000001
60.440000000000005
95.07
69.56
92.67999999999999
92.26
103.41000000000001
81.29
72.70000000000002
75.44
51.22
76.71000000000001
85.89000000000001
59.5
42.68000000000001
89.00999999999999
52.3
61.440000000000005
87.71
97.38000000000001
63.08
115.88999999999999
73.26
79.03
86.79
12.89
29.1
137.98000000000002
50.8
79.03
80.23
54.7
54.7
67.43
77.92
44.760000000000005
102.32000000000001
155.06999999999996
93.72999999999999
33.51
46.61
119.87
0.0
41.57000000000001
85.89
114.32000000000001
106.79
64.42999999999999
83.03
92.09
125.32000000000001
82.86
49.410000000000004
32.34
29.1
55.84
70.67
52.71
83.81
45.39
88.75
68.01
81.28000000000002
20.310000000000002
95.05999999999999
55.120000000000005
68.02
95.58000000000001
71.61999999999999
45.230000000000004
36.95
54.900000000000006
134.18
50.69
110.06
55.63
85.61
38.33
94.54999999999998
159.48
126.19
38.33
75.27000000000001
85.59
58.64
59.75
111.98000000000002
75.94
97.97000000000001
94.18
45.33
52.60000000000001
53.16
139.54
73.86
106.79
43.18
136.98000000000002
96.53
88.05000000000001
93.5
61.46
95.08000000000001
108.05000000000001
84.09
46.53
32.34
72.47
33.29
46.92
124.78999999999999
108.11000000000001
74.18
67.58
43.08
96.02
112.03
111.85
70.58000000000001
67.87
45.92
104.81
59.31
98.76999999999998
123.16999999999999
90.79
86.69
76.38
45.379999999999995
75.88
71.85
86.79999999999998
84.30000000000001
12.03
37.27
72.24
72.92
23.550000000000004
103.91
111.68
84.5
71.09
106.35000000000001
102.64000000000001
84.22
38.33
135.94
96.37
60.25
71.09
81.42999999999999
77.77
68.4
96.56
71.64000000000001
42.85
111.09
86.10999999999999
62.300000000000004
80.07000000000001
97.45
63.160000000000004
29.54
55.63
63.99
11.530000000000001
61.940000000000005
93.83
69.72
58.41
93.19999999999999
81.42999999999999
99.74000000000001
27.05
140.18
47.24
90.31
127.31
86.36
58.95
80.91
71.34
57.690000000000005
71.41
74.33000000000001
90.2
74.77000000000001
72.24
104.54
72.47
40.620000000000005
99.93
66.91
92.4
67.79
74.85
41.57000000000001
93.92
72.71
75.02000000000001
105.79
74.86
42.31
84.78
60.93000000000001
109.62
85.38
54.46000000000001
44.480000000000004
34.480000000000004
72.16
82.67
97.83000000000001
48.3
99.86000000000001
81.91
69.64
58.11
43.08
86.84000000000002
117.86999999999999
88.07000000000001
77.25000000000001
20.310000000000002
99.67999999999999
45.900000000000006
80.75999999999999
77.25
45.56
82.77
28.8
79.46000000000001
65.47
52.57
88.00000000000001
93.14
88.89999999999999
102.45000000000002
102.00999999999998
81.06
95.07
98.16000000000001
75.19
92.55000000000001
46.17
86.79
95.86000000000001
86.36
49.31
90.06
76.46000000000001
88.07
76.66000000000001
88.16
81.47
58.86
129.77
72.17999999999999
92.59
76.12
99.41
105.38000000000001
110.47000000000001
46.61
20.310000000000002
50.69
16.130000000000003
100.52000000000001
92.51
90.64000000000001
58.04
43.07
90.06
70.67
70.26
52.89
61.830000000000005
98.66000000000001
80.32000000000001
140.64
49.580000000000005
87.54
83.63
61.88
64.96000000000001
46.17
65.38
44.370000000000005
100.44
26.03
75.63
71.2
56.489999999999995
84.50999999999999
66.92
46.330000000000005
65.2
70.02000000000001
66.21000000000001
73.86
74.91