2.461100000000001
4.918320000000003
4.304120000000003
2.3636799999999996
5.991800000000005
4.142100000000003
3.598620000000003
3.5047000000000024
2.4145000000000016
4.201800000000002
1.3532
4.875120000000003
1.8156000000000003
4.360000000000003
-0.398400000000001
4.189200000000003
3.5188000000000015
3.9640200000000023
4.167800000000003
4.355200000000002
2.3356200000000005
3.933740000000003
4.648200000000003
3.4581000000000017
5.646900000000002
4.842200000000005
3.6785200000000016
3.5955700000000017
3.667900000000002
3.4840000000000027
3.805100000000002
4.4398000000000035
4.802500000000003
4.869000000000003
3.361900000000002
4.085500000000002
5.756000000000001
1.9351
3.535700000000001
3.535700000000001
1.0911
3.5348000000000024
2.3280000000000003
4.284200000000001
3.134220000000002
3.0790000000000015
2.4140000000000006
2.3002200000000004
0.5526000000000009
3.168700000000001
5.525000000000005
3.188600000000001
3.0809200000000008
2.3689999999999998
2.423800000000001
3.9307000000000034
5.563900000000005
4.679460000000004
4.625360000000003
3.181660000000001
2.376099999999999
2.20282
1.8703999999999994
4.743620000000003
4.935200000000003
2.4444000000000004
4.585280000000003
3.2033000000000005
4.272900000000003
1.6139999999999994
3.8633700000000024
4.662320000000003
4.572300000000002
4.318500000000002
4.104220000000003
2.6915000000000004
4.177100000000002
2.928580000000001
3.8372000000000037
4.836300000000003
5.159180000000003
4.8888200000000035
3.682800000000002
5.586500000000005
2.871900000000001
4.324340000000003
3.410800000000002
3.527280000000002
3.6895000000000033
3.784300000000003
3.5487400000000022
6.283900000000005
3.9929200000000034
6.447900000000004
3.3854000000000024
2.773340000000001
2.0397999999999996
5.564400000000005
4.5780800000000035
3.506300000000002
5.381700000000003
3.7463700000000024
0.5137999999999996
3.796280000000003
5.427500000000005
3.539240000000002
4.266200000000001
4.680400000000002
4.479620000000003
6.576960000000004
3.886000000000003
4.994680000000003
5.189100000000003
1.6807999999999998
3.706000000000002
2.6286000000000005
4.786900000000003
1.9709999999999999
3.7173400000000028
3.684700000000003
4.709600000000003
2.57294
4.411520000000002
4.200420000000002
2.7441000000000013
2.3383000000000003
3.5873000000000026
4.172000000000001
3.866170000000003
2.4775
5.008760000000004
2.3768000000000002
3.327300000000002
3.0276000000000014
3.2649000000000017
3.4346000000000014
4.226700000000004
2.6764600000000014
3.6037000000000026
4.6505000000000045
6.607500000000004
3.4491000000000023
4.5789000000000035
3.128900000000002
3.3134200000000016
1.9078999999999995
5.654800000000003
1.1909999999999996
2.2988800000000005
3.102120000000001
4.810120000000003
1.7747
3.357400000000001
3.6636000000000024
3.6419000000000015
6.574400000000003
2.6248200000000006
5.3542600000000045
3.1371800000000007
6.671600000000004
0.18220000000000008
2.4540000000000006
2.753000000000001
4.6555000000000035
2.524800000000001
6.975440000000003
3.339220000000001
1.4188999999999996
3.2058000000000018
2.8760000000000012
4.165600000000004
5.420700000000004
4.076160000000003
4.930020000000003
3.373800000000002
1.5170999999999997
4.119300000000003
3.3036200000000004
5.4082000000000034
5.0096000000000025
3.8202000000000034
3.9655000000000022
2.4460000000000006
5.654240000000005
4.612300000000003
3.565620000000001
2.5276000000000005
3.9133000000000013
2.50152
4.193220000000002
2.5010000000000012
5.960800000000006
4.236280000000003
2.7418000000000005
4.607400000000004
3.436700000000002
1.1972199999999997
4.5180200000000035
3.8057000000000025
4.657400000000003
4.228100000000004
3.9719800000000025
3.3747000000000025
4.310480000000003
3.6791000000000027
2.4407000000000005
3.611720000000002
1.8721199999999993
3.203420000000002
4.246300000000002
0.8049999999999999
1.3832799999999998
3.1432200000000003
4.038400000000004
4.952200000000001
1.7281999999999997
3.442820000000002
5.796500000000005
4.299280000000003
1.6090999999999998
4.060520000000003
3.731300000000002
3.7018000000000013
3.8755000000000024
5.364800000000005
4.508580000000003
3.0374000000000017
4.844860000000004
2.9086000000000007
4.229000000000003
4.382000000000004
2.921000000000001
5.2097200000000035
4.749700000000003
3.6786800000000017
4.801600000000003
3.1365000000000007
4.375000000000004
3.548020000000003
5.444200000000005
3.843700000000001
4.1601000000000035
3.686040000000002
2.895300000000002
3.033900000000001
1.5188999999999995
0.7148999999999999
2.59208
4.120520000000003
4.049700000000003
3.0036000000000014
3.770900000000002
4.872200000000004
4.194000000000003
6.3293000000000035
4.006320000000002
4.940700000000004
5.099340000000005
2.8775000000000004
4.3251000000000035
-0.22719999999999968
2.1614800000000005
3.542200000000003
2.4729
3.597900000000001
1.4347999999999999
3.1708200000000017
3.5381000000000027
5.347400000000002
4.387600000000003
2.154
3.218020000000002
3.0924000000000014
3.4307700000000017
4.2135000000000025
2.99038
5.520500000000005
4.466400000000004
1.3550999999999993
2.2043999999999997
-0.5592999999999972
4.8183200000000035
2.4564000000000004
4.014340000000003
3.6743000000000015
4.472900000000003
4.120000000000001
5.317600000000003
6.122400000000003
6.770780000000003
5.250720000000003
4.846540000000004
3.4392000000000014
2.908500000000001
3.1644700000000014
2.2413999999999996
3.635920000000003
4.699900000000004
2.047599999999999
3.8629000000000033
4.248700000000003
5.319700000000003
1.3097399999999992
6.017200000000002
1.8090999999999997
3.301700000000001
5.044000000000006
5.6426000000000025
4.152400000000004
3.351700000000002
5.1970000000000045
4.480820000000003
3.2847000000000017
6.285900000000004
3.9063200000000027
1.2872000000000003
3.0326000000000013
4.974340000000003
3.3302000000000023
1.6121999999999999