10
9
9
6
10
9
10
9
6
9
6
9
14
10
9
10
10
10
10
6
6
6
6
10
9
9
6
6
17
17
10
14
6
10
6
10
9
16
10
10
9
9
6
13
6
10
6
6
10
6
9
6
10
6
10
10
10
9
6
9
6
6
14
6
10
10
9
9
10
10
17
13
10
13
6
6
9
6
6
13
9
13
10
13
7
9
6
10
10
6
10
9
6
6
5
10
6
10
6
6
9
9
6
10
10
9
6
7
8
9
10
6
6
10
9
10
9
9
9
10
13
13
10
5
9
6
9
9
14
9
9
6
6
6
17
5
14
10
10
13
10
6
13
14
9
6
6
6
6
6
6
9
6
10
10
10
6
6
10
23
6
10
10
10
10
9
10
6
10
13
5
17
10
14
9
6
9
6
14
10
6
9
6
10
6
9
9
10
10
13
6
10
10
10
9
9
18
9
10
10
9
9
9
9
6
9
6
10
6
9
6
9
6
6
10
10
6
6
13
9
6
9
6
9
6
13
13
10
8
15
10
14
10
9
6
6
6
9
6
9
10
10
10
6
6
6
6
14
10
14
6
9
6
10
6
13
6
14
6
6
8
9
10
10
14
6
10
6
14
13
9
9
6
6
10
13
6
9
10
13
8
13
17
14
9
6
6
10
9
6
9
10
6
13
9
6
10
9
10
6
8
6
6
9
9
7
10
10
16
9
6
14
6
6
13
10
9
9
13
6