341.338
368.4140000000001
460.5150000000002
308.337
424.8840000000001
449.48800000000017
399.38300000000015
303.111
310.3090000000001
324.3320000000001
232.28299999999996
394.47700000000015
342.42000000000013
381.39100000000013
288.242
451.50400000000025
474.85600000000017
347.4140000000001
433.4390000000002
406.87200000000007
301.4150000000001
358.4880000000001
443.4810000000001
452.53200000000015
373.1950000000001
372.5590000000001
385.3760000000001
344.3670000000001
431.5360000000001
304.3490000000001
337.31000000000006
528.5610000000004
450.8340000000002
293.28200000000004
339.4830000000001
411.38700000000006
417.6460000000001
353.4660000000001
315.35
315.35
377.4020000000001
310.34900000000005
262.294
291.31000000000006
241.246
237.262
389.4660000000001
338.4730000000002
436.5340000000002
398.47300000000007
529.1590000000001
328.418
266.29999999999995
256.7579999999999
395.43400000000014
474.6520000000004
438.9360000000001
442.5190000000001
454.9430000000002
382.4260000000001
277.207
411.4430000000001
263.322
296.153
404.8570000000001
273.292
355.353
365.4140000000001
467.9290000000001
426.5020000000002
359.42900000000026
324.307
388.2500000000001
364.4010000000002
423.4500000000001
229.663
295.29800000000006
252.27300000000002
518.5470000000003
331.2460000000001
358.4220000000001
542.4550000000002
373.3300000000001
282.43100000000004
331.1650000000001
497.6610000000003
489.62000000000035
358.39700000000005
402.2240000000001
470.2350000000002
406.5310000000002
424.90900000000016
364.5370000000001
428.3440000000001
518.7040000000003
373.43400000000014
189.17
459.4540000000001
400.27599999999995
509.67600000000033
397.9120000000001
417.4500000000001
236.27100000000002
411.55000000000024
335.447
297.387
333.80000000000007
413.0980000000001
401.51000000000005
526.6180000000003
398.37800000000016
410.4170000000001
369.8330000000001
289.291
267.284
393.3550000000001
453.90700000000027
249.291
354.4350000000001
460.6250000000002
390.45000000000016
320.3520000000001
555.6150000000004
329.83000000000004
461.5590000000002
389.82400000000007
325.36400000000015
374.187
520.9980000000002
403.4420000000002
472.6140000000002
354.3620000000001
272.175
395.43700000000007
277.27900000000005
381.52900000000005
373.43300000000016
281.359
361.37200000000007
378.44700000000006
448.4820000000001
315.35400000000004
361.3970000000001
383.7910000000001
439.49300000000017
403.5040000000002
461.4990000000002
367.3650000000001
297.266
384.237
375.4280000000001
447.51300000000026
367.63000000000005
352.3710000000001
510.52700000000027
471.8600000000002
315.44200000000006
350.5970000000002
344.37000000000006
414.5090000000001
183.16299999999998
416.4550000000001
335.35900000000004
377.4150000000001
286.356
464.8050000000002
333.3510000000001
561.5280000000001
361.3800000000001
285.37200000000007
546.7580000000004
342.42300000000006
281.403
502.57100000000025
329.396
250.258
539.7120000000003
373.75600000000003
487.5120000000002
395.8460000000001
410.5180000000003
433.53300000000013
422.34500000000014
391.47400000000016
407.5120000000001
419.4370000000001
456.5490000000001
373.36800000000017
398.44400000000013
524.6680000000001
290.344
491.6510000000003
432.5490000000003
452.46300000000025
393.5370000000001
294.27000000000004
388.2840000000001
387.50100000000026
443.4960000000002
390.3700000000002
356.5160000000001
421.88700000000017
478.6650000000002
396.41000000000014
283.327
323.3850000000001
417.5120000000001
529.6440000000002
388.4140000000001
266.30400000000003
368.3270000000001
323.399
455.5610000000001
330.83299999999997
473.3770000000001
310.396
362.52000000000004
436.6270000000001
409.40500000000014
324.29200000000003
387.53400000000005
316.307
372.4270000000001
357.7970000000001
310.39300000000003
369.4280000000001
289.678
459.9330000000002
283.19399999999996
462.48300000000023
451.4790000000002
389.8870000000001
406.51100000000014
297.78499999999997
442.52200000000033
349.3460000000001
271.276
428.3990000000001
397.4120000000001
498.6080000000002
434.4960000000001
513.5350000000002
355.82500000000016
357.3910000000001
386.688
304.3310000000001
335.385
263.27599999999995
494.03800000000024
514.5340000000003
315.42100000000005
317.13800000000003
445.49700000000007
291.31000000000006
488.01100000000014
369.4750000000001
559.8480000000003
498.60800000000023
491.6100000000004
321.336
462.51300000000015
365.4210000000001
460.6250000000002
497.5550000000003
480.9960000000002
322.32800000000003
413.54300000000023
384.3880000000001
389.411
305.33700000000005
467.54700000000025
313.40600000000006
433.41100000000006
345.4530000000001
376.32400000000007
363.4460000000002
505.6170000000002
487.39800000000014
496.54900000000026
443.5140000000002
533.5640000000002
447.48700000000014
320.34800000000007
453.60800000000035
427.4160000000001
345.42
360.167
530.4370000000004
445.5250000000001
521.3480000000002
285.73400000000004
409.8770000000002
522.9890000000003
257.293
438.55700000000024
264.37499999999994
324.33600000000007
358.3930000000001
323.30800000000005
498.7140000000004
440.0150000000003
452.8450000000001
292.33500000000004
437.44300000000004
290.296
432.5420000000002
406.43800000000016
512.4040000000002
369.51500000000016
391.3850000000001
491.5210000000003
516.5790000000003
370.79600000000005
599.0940000000002
542.5910000000001
522.4440000000003
331.466
281.38000000000005
398.4880000000003
250.185