0.8487639922561709
0.4922900091174637
0.5295465884273446
0.44889524973579664
0.2891636907034777
0.5442855376844326
0.5278322281661944
0.5981156140156006
0.5078678740283051
0.5313062342834974
0.5969362176118971
0.5016315570713402
0.6750809296040834
0.47123333018927105
0.7051095752097011
0.3782651481442793
0.27731832662343425
0.7090741459406664
0.6938276703789887
0.3513689493646318
0.8040278901289161
0.6149282196140773
0.24355188272921638
0.619239279450552
0.5041331004811792
0.557159677855415
0.5198363070923288
0.8346453198343462
0.6059255841007203
0.6997277211879874
0.6121742222741149
0.3203642193985405
0.5383240925145493
0.4242008069035419
0.8020711980677477
0.5183107166740728
0.46025569445944614
0.8831423888921255
0.6436013873196544
0.6436013873196544
0.5188291119243565
0.8471823917968846
0.39697672035489656
0.5458724903880845
0.4708737039795697
0.7187255019729165
0.6634479202256726
0.6960726014443548
0.7361010733022633
0.4774225280086809
0.3886854472675435
0.6925941837652122
0.6787355099928722
0.7800954229384335
0.6735760490733903
0.3027234144587686
0.4275588897735671
0.43838394481890397
0.4722274290567511
0.5907357579218324
0.38798106803671834
0.27880616993647545
0.5607699132552827
0.8594044841056042
0.4728523685103944
0.6859846087753594
0.5213795095393327
0.5060452202884181
0.3092093561465755
0.6412939522052964
0.7298350808234448
0.5031383720585269
0.6729373192101302
0.5308133800695741
0.3399535282195013
0.7370811853419184
0.4445787480908079
0.4996709289993302
0.22149115892200072
0.6465034300909897
0.477434649753473
0.3613127680724223
0.6707471913560554
0.6414938928106774
0.486152347575978
0.621192573810705
0.4542061508261678
0.7052350348162183
0.2824930793131076
0.25878271395610614
0.6739627362301693
0.47233383591978406
0.6936391042911056
0.48601066908789553
0.16561969542086138
0.4664582760656641
0.7846097916467413
0.26318485685348353
0.6027616536561918
0.5082555771818158
0.2567954346890296
0.6524919791006357
0.6732147137071087
0.504274052904921
0.5583177181459796
0.5930458643647957
0.7739264560719347
0.5339657518341439
0.6985175741724139
0.22998054672170418
0.4608758655834181
0.4873655689624311
0.49508631602787867
0.6828222807157633
0.6787433984935946
0.4000109084494761
0.5309480068895002
0.6137607069117955
0.6065930716210604
0.31378516771258663
0.46460747197130664
0.5517501714269774
0.23897943672379948
0.8551468495962895
0.6319752673110466
0.5086218695517725
0.8739047358500649
0.5610319389339534
0.3420375558160369
0.4817419623049308
0.35364082813574804
0.642005546454215
0.5814960359844334
0.5730502423208522
0.7423062895662207
0.6349815576126161
0.3897684406112395
0.6932752176614094
0.6979654815423268
0.7274544336242007
0.2577936046659016
0.7800168599712762
0.5457749486198299
0.4115310532839884
0.4218717360564347
0.7627883368611726
0.28152591359837026
0.6223586042078202
0.2982953829524706
0.5551302746472399
0.4583801765508405
0.6010027409150199
0.8173877589757935
0.6083753855921281
0.3972762872644667
0.173388884800325
0.6191039234271069
0.5329967859663401
0.7438593005178415
0.22855000477441606
0.5233137491273911
0.5504469080345286
0.37200997737317687
0.6295262451510677
0.5864961113474023
0.3541141896266473
0.5936741268942899
0.17337470088677254
0.571718895492706
0.8468284844671335
0.13678224714060547
0.3170053632129154
0.7296043478798447
0.26016951238334557
0.7538476236730627
0.4688365379964578
0.2535543553059619
0.40272302302435864
0.24397417587528622
0.44213245509018245
0.40123455349062853
0.4627460992710976
0.45417141161262936
0.43172638448521283
0.1948924881699872
0.42157547901430475
0.6904366857106705
0.5858379428898437
0.5582512265680221
0.17328948330104849
0.8590474157738738
0.3556054642536825
0.5873345123136698
0.5497465720287616
0.5607154152647892
0.4518228893275151
0.3342149660752169
0.7404503024846174
0.40397443925888893
0.5508938918450467
0.45937576878957653
0.5334748341432302
0.33819265227472395
0.29664792813074387
0.5999067082132836
0.5806434410630782
0.5440430929575898
0.32623306857415946
0.7384678166945385
0.6954173419825469
0.22154250088170147
0.8519749430293396
0.35168040031854564
0.23661171408505838
0.3150648032194162
0.8333223380947942
0.5918141369939428
0.44547480649529925
0.47435462210653445
0.6595544273303918
0.6684878716552957
0.8000166117437032
0.3812616350812146
0.7190884152323908
0.7007795838205183
0.5609293054368694
0.3109343889824115
0.4326366781739885
0.7872379876619966
0.5583949119079877
0.3612384686582838
0.6278916571578768
0.4433193280178568
0.5029813844686577
0.5301747514829137
0.48765852627677886
0.5076990792136491
0.5746356443205024
0.4955227632445435
0.358291263612027
0.34819294032063597
0.21866793350298003
0.6705779425366808
0.37095556839224003
0.4196285584801637
0.25296246271658773
0.4506205221518241
0.31745719303221975
0.667540811406029
0.35384108692579214
0.7456699606462671
0.814523147470176
0.30899064045520275
0.4448888469548305
0.24725441276460797
0.5690078836409442
0.22646085521722803
0.25737680926423495
0.46570874163814435
0.3982858785702076
0.3879414865437056
0.5992624347765004
0.3146510331898377
0.43975871364142405
0.7093410428639054
0.5663459539267678
0.8174653758087075
0.42227623147158116
0.3328586381923833
0.5493006002171141
0.519014122751718
0.3490324345762272
0.6239531383524294
0.5885176579906771
0.32391197510430825
0.7297139647024562
0.2871726901859973
0.5575358422580977
0.4994275981576632
0.3378882350105221
0.1958614797585973
0.2812240963577225
0.7124466653747568
0.5933629427896016
0.28533257024628794
0.46491813009953903
0.5428846287092164
0.3485441810683856
0.34117100172885934
0.1950226678107582
0.6205810362386784
0.5077078705591445
0.4058439230157456
0.7803020770074481
0.6889750997312947
0.6557099361473989
0.5013306993619561
0.576724087776168
0.4358719908168905
0.4433160558596386
0.45709640094227955
0.5266103023765775
0.632784618970851
0.3854317323205752
0.7814381360595035
0.6710239101194538
0.3265553744746642
0.1906745686446223
0.7574431647719674
0.5370128552731344
0.24924647857346818
0.21190905773088003
0.5963981636755986
0.13687633454595996
0.18140165630561042
0.2690251237047297
0.6131602973560393
0.6604832554999845
0.7124073582338216
0.7673332844402131