2.1398858515612584
2.4460558329831557
3.104770668966041
2.105277761139515
2.5017434423982987
3.086863179420451
2.6419616379773476
2.2291765119647646
2.3005191812578563
2.034052487247937
2.89801580660607
2.5490567310687915
2.3714506772931863
2.2206419350958857
2.3152371015273463
3.304174490734651
3.02467230196896
2.3445913961418547
3.066414417981221
2.2854660279251995
2.7315580924008795
2.2787069298641445
3.0596738517427156
2.5217153627658444
2.1200646977151045
2.644129497046208
2.8579595650768876
2.297823389523888
3.2555808041147998
2.717446045163184
2.309582005407412
2.4580048749064627
2.4703828314192737
2.2470881923515904
3.027089424152857
2.7730262986486043
2.145205082330488
3.8666082340421033
1.998346434109834
2.042113679767402
3.4736954235295947
2.263066400192768
2.468199733684223
2.4186853764175265
1.5431243490688367
2.223554758357663
2.488516183850356
2.8942039149856686
3.147932522179091
2.417218269530329
3.2365265861606467
2.1710991813625817
2.2439283116887
1.898699645916892
2.1445335035416146
4.21480012800061
2.147729488909924
2.2509899287728103
2.509114313681973
2.9774598371981185
2.110474769750411
2.344115578181638
3.4679917336842223
1.914580600329252
2.5257998612802623
2.2640121516667406
2.363555547636837
2.6660654834599438
2.807860521666532
2.470702297496688
2.5118278118867075
2.3300527134922806
2.268394309592713
2.5207587290707885
2.9741844399780106
2.701881769124091
2.1686728077362076
2.8309694563450307
3.193026419582984
3.319978267567828
2.551329389563561
3.2479240671885288
2.45646103275738
3.2229330437088493
3.2774029322448612
2.9657016697911605
2.9522809332123696
2.500075985804333
2.5381551922205983
2.6663932635074215
3.58885035641807
2.7853468492320683
2.231830695565833
2.497396302059112
2.8114131409973364
3.250934483459943
1.7807021241536773
2.529531092423017
2.4410435438689486
2.505380885687078
2.343352161528438
2.919678807274
1.5747290818405553
3.069700904562527
2.4444552554627013
2.5096151588937072
2.1084508297142293
3.710897788948138
3.87841193705471
2.5882304313009143
2.4331930886822466
2.3700227294778475
2.280911510149245
2.335589774278324
1.9707676172537862
2.702359480620663
3.064862270035965
2.162195427994403
3.093347877563425
4.492269269171304
2.3886603963745543
2.5311978389550536
2.9059219632903464
2.223573697489341
2.749010093035576
2.186337797155968
2.521960056737271
2.698237774638182
2.6017819963411313
2.773328982011753
2.1546994112176243
3.693567544576908
2.2617994787309
2.3917447687049673
2.4273251588937086
2.520418793952855
2.5019088020747073
3.7551265148067614
2.6272699917983395
3.41733940854909
2.055155400115325
2.0766183091098345
2.2778522355642945
2.4692514056250037
2.9252182737381442
1.9759750002839649
2.1064217327958286
2.0978324553445145
2.4236864341098343
2.453198021381322
1.851010621585738
3.3464136710734795
1.7225137638480756
2.089835851561258
4.0600253829594
2.818937952058226
2.559686534992558
2.392660009660224
2.295654597805056
2.822170593234505
2.8369781150458326
2.5889691950254985
2.9142582631399563
2.677089461735868
3.0207427184683606
2.332668340324643
2.379937774638181
4.147265433083558
2.7258975819297255
3.077470756793195
2.8208642348125412
2.497911088652934
3.8791031450673037
2.9302077442653935
2.519841445291794
3.432242201777836
2.526438322481054
2.5802819657544926
2.4575379774884905
2.435387544662664
3.3921680538837933
2.0916720700673928
2.7654839233826163
2.3725981706692245
4.2477331281206565
2.768578802493783
2.642285666467119
2.186440538175175
2.628198391790219
2.4772341819054216
1.924244540330708
3.5848298636405787
2.371612934371628
2.8161817595253353
2.7447643234763834
2.6990087169882457
3.954350696553681
2.1615927634574543
4.059909565808894
2.1434520708424927
2.7729013354585508
2.8802613464534055
3.043044912393606
2.521932918679836
2.223172851201401
2.4245673747837895
2.378464604058962
3.4499204880749685
2.1653832843076337
2.6978730898211456
2.6018053119516136
2.4253636204321687
2.317114313681973
2.427523461280975
2.2837938694489885
2.766215795391437
2.334200451048842
2.7496804914934216
2.4575944728331667
1.8999427925089627
2.316283230243428
2.2386164556661416
2.2048031043085103
2.2021255590368813
2.854062849896911
2.2684024164575334
2.619790200985845
2.2780903765017992
3.082768007905093
2.376098117358417
2.5700336012293867
3.1892234942958417
2.4591531513636724
2.065257466586015
3.2698504489169427
3.2306807385206717
1.9800633228639661
2.2319821048482744
2.819043961410472
2.7774719908436047
2.812004312018839
2.5601917684874174
2.313539530491024
3.152710824475667
2.783083533712375
2.5180597873161314
2.7991585229738334
2.8109487624244043
2.8776257467638686
2.414904068509971
2.6515882345122943
2.1740181742937494
3.02016181554362
1.9427497994944503
2.5339299273786207
2.496332926317489
2.80593864077305
2.875750686759792
2.278635900115326
2.290762569876305
4.299493470879325
3.31419610433478
4.1825461305146
2.39107717467002
2.797248684535468
2.0640440127812276
2.1365294256917533
2.4628674847226026
2.2957565127677295
2.280044709828024
3.1620794005984134
3.1288848956482953
2.6398237691550293
3.09901904581627
2.2203723523549694
2.54557917761335
2.2261481831244385
2.4095572845042543
2.583499620089171
2.623750598033359
3.972662552001321
2.4732549570184155
2.7849843877004243
2.9747012869540157
2.1729531202488523
2.3642413114353733
2.3276481710825383
2.3908036286689924
2.2085885725795755
3.3713053897598098
2.718100410776053
2.4041622948795744
4.0845026319640825
2.3054562162517893
2.8347360462597404
2.3314426865868736
5.075763964902288
2.9160718159838748
2.3698217180171675
2.96666789404245
2.796260281364649
2.7158230596149284
2.5924552078350445
2.426936716393019
3.3427696355415666
2.0640213630549322
2.5811962152068855
2.418497019302297
3.273939697715104
2.738241292191752
2.5676776991529646
2.8337721260420476
2.7289256433098146
3.523797647134126
2.9356421934884747
3.3425198616929013
2.9566603054843608
2.75427288041168
2.8363773463512523
2.264698628503689