40
49
61
38
49
58
46
33
39
41
29
49
43
46
36
56
59
42
56
52
36
44
54
51
41
43
50
41
55
39
43
66
62
42
42
52
41
44
38
38
54
35
37
41
38
26
44
38
57
41
43
37
33
25
51
60
50
56
54
43
42
50
30
30
47
37
50
45
56
49
43
40
44
44
54
24
42
34
55
35
44
60
47
31
36
63
61
44
50
61
50
48
42
50
55
41
24
64
42
65
42
52
25
42
35
34
38
41
51
63
48
49
42
38
34
49
57
27
41
55
50
44
69
34
58
43
38
46
64
52
56
48
24
52
39
39
41
36
44
51
53
36
46
41
64
51
65
46
41
41
52
57
35
41
60
67
39
36
43
55
24
52
43
45
36
46
39
72
45
33
57
41
36
58
36
37
59
55
58
49
51
55
62
52
54
57
57
46
43
57
32
62
47
56
47
48
53
43
61
47
43
43
58
53
33
37
48
62
46
34
53
36
52
33
46
33
39
50
52
44
44
41
51
41
42
44
41
60
24
59
58
49
49
35
50
51
40
43
51
60
59
62
43
41
36
33
43
37
60
63
46
33
51
40
55
40
66
62
55
47
53
39
55
59
57
39
50
56
42
35
56
40
54
40
56
44
57
55
63
48
74
55
40
60
57
42
48
55
52
50
36
44
65
30
55
30
53
48
39
60
44
53
36
53
37
49
47
72
45
42
61
63
54
75
63
66
40
33
44
36