64.63000000000001
93.33
100.42999999999999
93.35
89.36
97.29999999999998
95.86000000000001
47.28
95.58000000000001
65.74000000000001
72.19
74.44000000000001
57.690000000000005
76.61000000000001
108.69
98.00000000000001
194.14999999999998
66.4
80.23
83.67999999999999
35.91
34.47
101.38000000000001
84.94000000000001
68.27000000000001
23.550000000000004
101.38000000000001
73.62
65.64
52.900000000000006
81.27
105.09
120.41
88.09
59.22
83.56
68.27000000000001
57.5
86.63000000000001
86.63000000000001
119.35
44.760000000000005
73.85
67.2
60.209999999999994
58.040000000000006
122.65
72.8
110.48000000000002
98.73
23.47
53.43
35.760000000000005
24.5
75.17
74.57000000000001
60.45
85.58999999999999
94.82000000000001
130.03
100.67
136.8
68.13000000000001
49.33
79.50999999999999
79.5
102.91
95.08
73.8
110.08000000000001
69.33
52.580000000000005
66.4
68.82
110.61000000000001
22.0
80.67
65.61
125.4
27.82
55.14
79.9
66.4
28.15
51.21
95.58000000000001
79.17
90.19
73.32
125.92000000000002
53.290000000000006
70.92
22.08
65.78
93.22
104.57000000000001
63.33
101.04
69.27
78.75
55.74
96.18
78.43
91.14
42.35
63.06
68.02000000000001
46.5
58.480000000000004
119.47999999999999
103.16
83.21
61.040000000000006
88.73
52.330000000000005
127.68
88.06999999999998
56.260000000000005
64.58000000000001
74.57000000000001
74.55
81.22
163.08999999999997
55.4
95.58000000000001
110.01
62.910000000000004
96.7
106.52
101.89999999999998
76.02000000000001
93.73
12.47
92.88
59.160000000000004
62.300000000000004
48.42
60.05
66.4
41.9
96.37
77.25
71.55
93.04
117.18
70.16
103.59
122.22000000000001
121.78
72.17
84.27
121.10000000000002
58.2
81.42999999999999
108.33
133.84000000000003
26.790000000000006
24.06
90.19000000000001
21.17
103.78000000000002
124.78999999999999
63.68
66.4
32.78
46.92
93.05
199.72000000000003
83.56
54.02
93.22
34.89
50.82
88.44000000000001
49.33
96.63
119.03
126.41999999999999
101.41000000000001
72.37
82.08000000000001
82.27000000000001
169.42999999999998
50.68
102.59000000000002
117.44999999999999
99.15
86.48000000000002
111.00999999999999
102.32
68.28999999999999
58.220000000000006
78.25
105.09
26.790000000000006
108.75
159.82
64.63
114.65000000000002
73.59
23.550000000000004
115.47
64.17
109.14
47.89
85.17
84.66999999999999
113.32
49.85000000000001
73.63
188.38
83.28999999999999
98.74000000000001
52.6
88.0
74.6
32.78
23.55
105.97
101.57
72.70000000000002
45.330000000000005
83.67999999999999
73.22
43.35
83.60000000000001
101.75
81.06
15.6
110.8
100.06000000000002
83.88000000000001
71.26
22.0
100.62
85.02
87.76
11.41
110.61000000000001
74.07000000000001
127.36000000000001
146.78
56.89
103.48
71.62
110.00000000000001
66.23
64.97
95.58000000000001
105.09
110.94
46.53
101.38000000000001
67.53
70.75
93.79
127.36000000000001
88.44000000000001
106.2
71.88
150.54
132.02
74.57000000000001
96.77000000000001
72.96000000000001
94.28999999999999
69.72
119.10000000000001
68.02
71.18
84.05000000000001
52.260000000000005
96.97
102.52000000000001
115.59
95.04
76.07000000000001
68.5
129.89
124.78000000000002
188.04999999999998
109.75
73.13000000000001
73.1
128.35999999999999
33.45
92.05
96.45
84.23
71.16
60.74
74.09
123.32
60.03
92.43
32.34
88.53
52.60000000000001
104.78999999999999
68.17
68.45
91.81
84.5
68.01
91.66999999999999
76.15
109.59
159.38
35.910000000000004
95.86
115.07
126.69000000000001
88.16999999999999
142.55
144.5
210.53999999999996
26.790000000000006
32.59
86.10999999999999
103.27999999999999