2.0773
3.908400000000003
1.7576999999999998
3.669940000000002
4.191800000000004
4.031600000000003
3.4167000000000023
2.858100000000001
4.127400000000003
4.878680000000003
4.195300000000004
3.9097200000000027
6.632920000000006
2.8160800000000012
5.054620000000004
4.257600000000004
3.121900000000002
3.8491000000000026
3.705300000000003
4.668600000000003
5.478800000000005
3.456400000000002
4.306900000000004
5.256600000000005
4.219500000000004
4.432820000000004
3.432520000000002
3.7237000000000027
4.276920000000003
4.903400000000004
5.3852000000000055
3.7618000000000027
2.8462000000000014
4.265700000000003
4.402200000000004
3.916000000000003
5.116000000000005
3.0546000000000015
5.1234000000000055
5.426800000000005
4.249000000000003
6.222700000000004
5.093900000000006
2.688600000000001
4.284400000000004
3.536400000000002
2.7150000000000007
3.813900000000003
3.382900000000002
3.6601000000000026
3.9624000000000033
3.365700000000002
5.0198000000000045
5.086900000000004
3.6594000000000024
1.9429000000000003
2.3621
4.205200000000004
4.204000000000003
4.962900000000006
5.555900000000005
4.725000000000004
4.370400000000004
4.619000000000004
2.9362000000000013
2.994700000000001
2.4608000000000008
4.214100000000004
4.382300000000003
3.150300000000002
3.4356000000000027
5.824300000000005
2.923800000000001
4.231700000000004
1.6115999999999997
4.331900000000004
3.342900000000002
4.1463000000000045
5.424420000000005
5.3713400000000044
5.335400000000005
3.371500000000002
4.237000000000003
4.523600000000004
4.429200000000004
4.101600000000003
3.2695000000000016
3.255700000000002
3.005200000000001
3.980380000000003
3.6422000000000025
3.942300000000003
4.567300000000003
3.501000000000002
4.231600000000004
3.7367000000000035
5.299520000000006
2.8101200000000013
5.129000000000005
2.845900000000001
7.156200000000006
3.900800000000003
5.845500000000006
3.8888000000000025
3.0134000000000016
4.867600000000005
2.8640000000000008
2.568760000000001
3.0934000000000017
2.497320000000001
3.4075000000000024
3.9348000000000027
2.6186000000000007
2.9989000000000017
4.080400000000004
4.602700000000004
5.109400000000005
3.335200000000002
6.167720000000006
6.044000000000007
3.556300000000003
2.724100000000001
3.1500000000000017
2.9484000000000012
4.414000000000002
4.190100000000003
3.9148000000000023
5.163600000000004
4.787100000000005
3.7874200000000027
3.469000000000002
4.985600000000005
3.552800000000002
4.638300000000004
3.7170000000000023
3.151700000000001
3.7737000000000025
5.059700000000006
5.158020000000005
4.199900000000003
2.970600000000001
4.256100000000003
3.7622000000000027
3.5385000000000018
3.6838000000000024
3.4947000000000017
2.905800000000001
3.719400000000002
2.596000000000001
2.0939
2.4335000000000004
6.117800000000003
2.4674000000000005
2.3396999999999997
3.2687000000000017
4.860120000000005
3.9802000000000035
4.697900000000004
2.4865000000000004
2.814000000000001
4.436500000000004
5.146000000000004
3.525400000000003
4.867600000000005
3.458000000000002
3.5078000000000014
5.559100000000006
3.248700000000002
4.096600000000004
5.630640000000005
4.595200000000005
6.471900000000006
4.352120000000004
3.7168000000000028
4.265700000000003
3.4276000000000018
3.1202200000000015
4.563900000000006
4.733800000000004
3.879100000000003
2.982000000000002
3.490800000000002
3.957900000000003
4.2493200000000035
4.430400000000003
5.163600000000004
4.873800000000004
4.434800000000004
5.094600000000004
3.3099000000000016
4.043200000000003
4.044800000000003
4.640520000000004
2.5907
3.370000000000002
5.885140000000006
4.678900000000003
3.865400000000003
3.246200000000001
6.266800000000003
3.400400000000002
2.8089200000000014
2.893700000000001
3.7822000000000022
2.977500000000002
2.681000000000001
4.918200000000004
5.054620000000004
4.037500000000003
7.634900000000008
3.951100000000003
7.419600000000007
2.549100000000001
2.7003000000000013
5.374700000000004
2.8307000000000015
2.55372
8.013200000000008
5.163600000000004
3.9544000000000032
2.5636
3.0134000000000016
4.936900000000006
4.817300000000005
5.159000000000003
5.864220000000007
3.772400000000002
3.1579200000000016
6.289300000000006
3.952900000000003
3.8072000000000026
4.046800000000004
3.9143000000000034
3.6448000000000027
4.103500000000003
4.127900000000003
3.220500000000002
2.5131200000000007
4.209900000000003
7.719600000000008
3.673320000000002
2.8560000000000016
5.2809400000000055
2.184
3.9573000000000027
3.1846000000000014
1.9351
4.091900000000003
2.757580000000001
3.3099000000000016
3.6745000000000028
4.009800000000003
4.390900000000003
4.843480000000004
4.627600000000004
4.706200000000004
5.625320000000006
4.197900000000003
3.675500000000002
4.385220000000004
2.671900000000001
4.172000000000003
4.6063000000000045
3.092500000000002
3.0399200000000013
4.304900000000003
2.342200000000001
5.390700000000005
4.926800000000005
3.591700000000002
2.2068000000000003
6.360420000000007
4.194500000000002
3.434700000000002
3.928600000000002
3.750300000000001
4.4943000000000035
4.0709000000000035
3.1224000000000016
7.6673000000000116
3.6925200000000027
5.801400000000003
0.5567000000000012
4.567300000000004
4.318700000000003
3.233900000000001
4.076800000000003
3.416000000000002
2.676940000000001
1.8949
3.525100000000002
2.952300000000001
2.7821000000000007
5.365000000000005
4.090900000000003
4.227640000000004
4.448700000000003
4.356400000000004
4.430400000000004
5.659400000000006
2.4371
2.9217000000000013
2.7939000000000007
2.0023999999999997
5.299500000000006
5.533520000000005
4.464700000000003
3.121200000000001
3.9870000000000028
2.7878000000000007
5.130000000000004
6.207620000000006
3.3336000000000023
3.502900000000002
3.9155000000000033
4.347000000000003
4.151900000000004
5.555800000000006
3.6183200000000024
3.057500000000002