11
9
6
11
9
6
10
6
13
9
10
14
9
9
6
6
6
9
15
14
10
6
6
6
6
6
6
6
15
6
6
10
13
10
6
10
9
6
9
10
6
9
10
6
10
13
6
6
6
9
15
6
9
15
6
9
9
8
6
10
10
6
8
6
9
10
9
10
9
10
6
13
6
21
6
10
6
17
9
14
6
10
6
6
6
6
6
10
9
6
6
6
6
10
14
6
9
9
6
10
15
10
6
9
18
13
6
6
6
6
6
11
9
10
6
9
9
6
14
6
9
6
21
11
9
9
9
6
9
7
6
6
6
9
21
9
6
6
6
13
10
9
10
9
6
21
10
10
6
18
9
6
11
10
14
6
6
15
14
9
9
7
6
13
7
11
6
14
20
11
10
9
6
10
10
9
6
10
6
6
17
9
9
10
9
6
10
9
9
9
9
10
9
9
13
11
9
6
9
14
10
10
9
6
6
10
9
6
10
6
15
10
12
9
6
6
6
14
6
10
9
18
10
6
9
6
6
6
9
9
6
13
9
6
10
6
6
6
6
14
6
15
9
9
9
20
16
10
6
9
10
6
9
10
9
6
14
6
13
7
10
9
9
19
9
9
17
12
6
9
6
14
6
7
9
9
6
7
9
10
10
6
6
6
6
9
7
9
9
9
6
7
9
6
10
6
9
13
9
6
9
6
6
6
17
14
6
10
9
10
10
9
6
6
6
6
10
6
9
6