365.48100000000005
372.87700000000007
236.31499999999997
397.5480000000001
432.3510000000001
519.427
395.52800000000013
359.8570000000001
411.54900000000015
349.8650000000001
423.58200000000005
434.56900000000013
531.9140000000002
332.4070000000001
381.9070000000001
427.6140000000002
421.5410000000001
341.84200000000004
457.4990000000002
382.4510000000001
456.4170000000002
321.85200000000003
430.37900000000013
458.5530000000001
492.59000000000026
479.5280000000002
285.387
292.83500000000004
528.6820000000002
444.3980000000002
404.5040000000001
449.5760000000001
237.36799999999997
315.482
309.4940000000001
417.4750000000001
420.9190000000001
366.51300000000015
488.03100000000006
474.4070000000002
397.5880000000002
418.3890000000001
486.4870000000003
430.2860000000002
475.55900000000014
463.57800000000026
421.5380000000001
370.5180000000001
404.4820000000003
336.43500000000006
279.383
344.4300000000001
464.3680000000002
497.4140000000001
333.4350000000001
393.4950000000001
308.3850000000001
490.6920000000004
384.54500000000013
469.6290000000002
429.3950000000001
340.4700000000001
373.44300000000004
514.5960000000001
336.43900000000014
294.35400000000004
499.3740000000002
452.48200000000014
587.2890000000001
333.42800000000005
423.55700000000024
494.46600000000024
295.814
308.45000000000005
407.49000000000024
444.62300000000033
357.4940000000002
373.45200000000017
434.94600000000025
498.6560000000003
472.4520000000003
247.38199999999998
506.6170000000002
560.4860000000002
493.65200000000027
404.3410000000002
351.4980000000002
263.381
493.60800000000035
290.40999999999997
387.91100000000006
521.6320000000003
356.47300000000007
462.5940000000002
323.4360000000001
341.458
470.61700000000013
421.5450000000003
405.5170000000001
429.53600000000023
542.1480000000004
441.54700000000014
521.6520000000003
335.4510000000001
267.37199999999996
510.4650000000003
452.5990000000003
355.4820000000001
410.5620000000001
334.427
296.41400000000004
465.60400000000016
440.5190000000002
362.47700000000003
427.9760000000001
383.923
397.9020000000001
438.52800000000013
566.6530000000002
476.61100000000016
262.328
293.798
320.4360000000001
341.45100000000014
385.30500000000006
441.5720000000002
326.82700000000006
481.42700000000025
430.5960000000002
401.57600000000014
302.44300000000004
352.522
465.5730000000002
353.4870000000001
288.3940000000001
464.5260000000002
417.93700000000007
325.49600000000004
462.54100000000017
411.5490000000002
419.5290000000001
432.30500000000023
386.5110000000002
326.83100000000013
419.3560000000001
306.4090000000001
379.5040000000001
417.55300000000017
355.4820000000001
269.3
399.51600000000013
429.1340000000001
379.5080000000001
323.3960000000001
339.36600000000004
301.4740000000001
307.3970000000001
287.4060000000001
302.41800000000006
372.2700000000001
386.898
463.64700000000016
273.20700000000005
510.4650000000003
321.852
360.4610000000002
337.5730000000001
313.8320000000001
309.453
537.7370000000002
297.41700000000003
518.1260000000002
373.51800000000014
459.5500000000002
315.4820000000001
401.3080000000001
329.4190000000001
421.6290000000003
462.42100000000016
445.5540000000003
300.4020000000001
461.39700000000016
379.5040000000001
453.61200000000014
462.3810000000001
481.42700000000025
457.4050000000002
447.36600000000016
385.96400000000006
326.8310000000001
407.48900000000026
456.37700000000024
412.53700000000015
308.385
342.44600000000014
524.6940000000003
386.2890000000001
442.56300000000016
350.4660000000001
407.48600000000005
389.49900000000014
384.47600000000017
322.41200000000015
318.4240000000001
334.43500000000006
207.29199999999997
396.9180000000001
381.90700000000004
460.62200000000036
514.7170000000002
474.8920000000002
469.5750000000001
339.4100000000001
481.5970000000003
444.5010000000001
340.8510000000001
468.5240000000003
533.1810000000005
481.42700000000025
431.58000000000027
409.4900000000001
267.37199999999996
443.63500000000033
481.6400000000002
358.2720000000001
480.50500000000034
360.88800000000003
343.85800000000006
495.4540000000002
305.425
420.3400000000002
443.5470000000002
374.41000000000014
355.50300000000004
426.5170000000002
349.5030000000001
205.34499999999994
339.4390000000001
347.43700000000007
536.1850000000005
413.52200000000016
383.51700000000017
474.0990000000002
392.5070000000001
340.85400000000004
339.3910000000002
339.4390000000002
375.92500000000007
214.31199999999998
326.8310000000001
261.409
449.33800000000025
354.88100000000014
438.5750000000002
440.9500000000002
530.2370000000002
512.6830000000002
453.5830000000002
481.56800000000027
369.55300000000017
380.49600000000004
391.54000000000013
339.87000000000006
294.398
281.359
340.8540000000001
297.35400000000004
466.6290000000002
520.6440000000002
489.55500000000023
316.3800000000001
540.7370000000003
492.59000000000015
441.57200000000023
340.8580000000001
335.329
333.4530000000002
415.96500000000015
354.84100000000007
534.8290000000002
378.47200000000015
381.69000000000005
341.4330000000001
356.47300000000007
392.5430000000002
466.6550000000003
355.52600000000024
394.4710000000002
351.4540000000001
379.46400000000006
331.4600000000001
425.5730000000002
288.43500000000006
345.4860000000002
410.49300000000017
354.46900000000005
381.9070000000001
442.56300000000016
462.38100000000014
329.487
283.33099999999996
347.2420000000001
319.41200000000003
299.8020000000001
423.5120000000002
501.57800000000015
424.34700000000015
263.34400000000005
369.44000000000005
329.18100000000004
465.3910000000002
495.4540000000002
336.41400000000016
364.27600000000007
287.2340000000001
441.57500000000016
463.6030000000001
466.47800000000024
340.8580000000001
320.414