0.8120012181349987
0.757958929761091
0.6199156932769007
0.4671872278810821
0.5073693305109103
0.30893131638020616
0.6790325185029635
0.8912333749344774
0.6198320420214057
0.731943291842527
0.6170894383518263
0.33644314211393284
0.25809239293083724
0.8649589580786047
0.6867074412509007
0.7172272111198098
0.4135586163911992
0.7600806768567324
0.5063127077162594
0.7120889004229743
0.47864848430255347
0.848841132690908
0.5255399525977082
0.3574818695429572
0.5395113482599388
0.3496670006935396
0.7160018339194508
0.8505279174507089
0.27317206556118756
0.5597341810108318
0.5438612576373347
0.6093694168953313
0.7839965488478094
0.8604750415603676
0.6527189222048309
0.7380602773069893
0.45777343224592676
0.8479489381190952
0.3264190783322174
0.4964795405181849
0.7915090489519186
0.5457045306511774
0.415862842683874
0.5341916991812966
0.6461428342756478
0.6262558614986498
0.6311239073842871
0.8705287840911123
0.6384614057996214
0.7642984153684504
0.8428637069733037
0.7688641563824778
0.5337403943739261
0.5465373594942933
0.7132274940118797
0.726127575812881
0.8065807705571105
0.6033057167185932
0.8118094280542175
0.4369600204742813
0.4988752283344899
0.6261454856790447
0.7313138978332363
0.42897047012831063
0.777985153739303
0.5418847038528298
0.6556890409767597
0.4202246076805094
0.3593720307239525
0.7502439326862055
0.46871743249982345
0.42048854387424
0.8066418280952954
0.7188700585349229
0.4954669679503083
0.5875248868510304
0.6005702926906202
0.5907803358458338
0.42796270246197876
0.23011099054647208
0.5042316795751521
0.8620217161645694
0.49811805353378147
0.19708521387649203
0.32649220173702825
0.7368004126277657
0.8956053484984898
0.7419479465478122
0.455786073807965
0.8513165042875975
0.7611207321323186
0.5113964249640728
0.6878618396044567
0.6383552807835409
0.9172277995580276
0.7333935417504804
0.31067492072571806
0.631406783117215
0.48657823914196896
0.5981897175131259
0.26342144815121593
0.5670224084042909
0.34459366740878916
0.7674633660497092
0.792886796274925
0.37280697359690945
0.5907873547140705
0.8630143552445866
0.6440181847797374
0.794221361877627
0.8407449398608615
0.45019162290275216
0.501852584612475
0.6323466215209584
0.4834594379602131
0.6309103208148907
0.6640874497331423
0.2649613520686084
0.17240169248674056
0.35597735527739455
0.8466688889790651
0.929979631503212
0.7228617797131331
0.8635269575194984
0.7010431919894293
0.5694151959022148
0.7655577339249169
0.47379279882528913
0.470760570525318
0.6838391095296622
0.8409188173948569
0.578144704760871
0.4390395293081643
0.6934845257465959
0.6119183346650044
0.363409255882554
0.6225977139560914
0.5837382068839982
0.35868163365416766
0.48319951881412093
0.5663117495573687
0.607771720454196
0.5981860041649161
0.799289386461013
0.5540913278867068
0.6671211911023431
0.7732817120412211
0.5676455890719206
0.7887240288171686
0.6408966263409975
0.698504298810576
0.35014840715594203
0.7219626720980691
0.9416036486291145
0.6354829630820211
0.6390559464421959
0.7309122767262053
0.5791645622326819
0.859788182076165
0.6629503823919486
0.7758386578707335
0.4461397220715508
0.8309422860511717
0.37280697359690945
0.8488219076244651
0.7291585972733172
0.3867470880654946
0.8004791906295722
0.7862728942803761
0.19805202430892924
0.7796319172640594
0.2582832013883592
0.7063269835162226
0.4021976495400511
0.8604750415603676
0.6709619297926396
0.7615237231764923
0.601186010822671
0.4323357948752583
0.5039075876181925
0.9262868321167456
0.6448995151805658
0.6311263025825481
0.3912224829128265
0.23230838099131088
0.47379279882528913
0.5144869424596182
0.3777608193486054
0.5504149591357725
0.7375770724766862
0.6399951576731936
0.5676700215960333
0.4781085488641856
0.7807243505570033
0.5713560643749876
0.19427556178470376
0.7103623703215204
0.5370298785256991
0.6933374394939558
0.504923056197133
0.7018791056514305
0.7954997640910629
0.8020613005765689
0.7338972414853393
0.7060666737943999
0.7858727090788076
0.6224864254122539
0.6867074412509007
0.5549978726800133
0.1610965900579701
0.5245567433892461
0.2913270352575922
0.8384032633370019
0.39856175548415407
0.47316638332681094
0.8355826926800201
0.6561050314850715
0.19200872883868142
0.47379279882528913
0.5892953153713067
0.5725818332989291
0.792886796274925
0.5603963010820434
0.3517149166520499
0.7014266147814955
0.5623545248071352
0.7370975919770938
0.9258882715906518
0.26920598240038296
0.7302756350061895
0.6984345743183686
0.4074325168784962
0.6946899383459032
0.8905064214198238
0.45927667684794327
0.6903853333963326
0.6228944286013284
0.9091106512086357
0.7047038908061153
0.23323222895637405
0.4350839452541476
0.8048695029648197
0.3596918903249887
0.7375561936004237
0.7543135562713936
0.8403436400116807
0.7972909408771731
0.8041590507688784
0.7565800287537611
0.7375770724766862
0.7743731542716096
0.3927541867014163
0.7289220997501585
0.6186579065007266
0.6281222024796652
0.4347290944026104
0.20680719508625256
0.5375505309213404
0.6016328175502498
0.7436406770647478
0.7452631924442191
0.670383517472467
0.6946436405572869
0.8036262979518564
0.6827810758410539
0.7455978331547657
0.7070300086816592
0.3188776456636269
0.47545968292551655
0.4118373605452767
0.7644141915816826
0.18324717593498074
0.540833306941746
0.5701973145249624
0.7842857549215786
0.6746849171869742
0.8457893003185649
0.659874816597169
0.6749267239963115
0.21699914600747305
0.48352547084389985
0.5391871956552778
0.7869434425499668
0.6878618396044566
0.4460031993377475
0.5587554737946316
0.7687334643866797
0.6146774854969277
0.7231414558200668
0.7087973084443661
0.5954370844257256
0.5732436554798478
0.7460780948535275
0.8056010517675247
0.7616864318075832
0.725566871249343
0.7010248788047917
0.4169742489300614
0.23230838099131088
0.6993988997672326
0.6076796830459563
0.8598510559963802
0.8031865503123741
0.7558132464087878
0.3830000570445986
0.2556827620326975
0.6669294729292844
0.7700545493130767
0.6677975209080032
0.8361317496348022
0.5490454848845666
0.28572388512264946
0.7303087028982765
0.9021236821250611
0.8279515907365387
0.5282192637546204
0.5817348304704225
0.6060117969475063
0.7273458800841204
0.769259918375801