2.243286346453406
2.524412774638181
2.8219340758368396
2.5615272027823206
2.1144706675823937
2.2417918046214798
2.1107402369703543
1.9579993130997178
2.106625442732833
2.3390634595696884
2.3208756616974657
2.688904041725813
2.931137572100141
2.3784472319616796
2.339225370122046
2.225321410360568
2.6091156502614012
2.261832364429578
2.7675526041667613
2.87867776586247
2.0747929343716276
2.7058110434907316
2.220006719482299
3.329930135218479
2.9398691777774335
3.8149973162538213
1.6176465980996646
1.8190157017662756
2.868598624229479
2.083885260766941
2.1325034033675614
2.87669727316314
3.443335679100924
2.9236918127215006
2.5241563242197245
2.234045767979694
2.2842493823885395
2.3586712609833196
2.61236735995303
2.8121909002718155
2.1213035594912064
4.088740442363479
3.1765105940502725
2.955986113123961
2.659375100520183
3.5390384940628286
1.984044902985545
3.0723866324580076
2.16976686776775
2.188779581803619
2.2847187780614266
1.949368201403196
2.988273844530399
3.225158597405218
1.8947121592535652
2.7582424780823125
2.1954970127928384
2.5062605811496663
3.0768748246482422
2.239441023207551
2.1972028400732615
2.317814696564252
3.941253175492082
2.7570200215427736
2.0711560178814246
2.0195832388435626
2.4937011866132472
2.7141174877058116
3.0354015842366815
3.6456916042312297
2.118496011294704
2.340431442073367
2.2042745866002296
3.3880919583962292
2.5107660979918123
2.9790151710359556
3.1040342235846836
3.166902346351253
2.308816011294704
2.8559483182545105
2.2026207586252973
2.7340895376352563
2.5550446951449484
2.6068104905283214
2.378414252320445
2.215508210358731
2.143773868161885
2.712363203255064
2.435561608737613
2.3758138837274174
2.5410174443457922
2.8965040452114135
2.2627390095498026
3.14537087662909
3.4164097150595047
2.3616732764459076
2.303002935082082
2.5061256816243755
2.37949615892661
2.968526808334097
2.7552602800736388
2.4501224625268705
2.3187716312224893
1.9207025875279946
2.4911199273187528
2.874446075064359
2.0954077384988334
2.6079059491564074
1.9848037286236995
2.251446038671446
1.596274363103916
2.651709205571059
2.8012283584657958
1.9503969233764824
2.1209896826055648
2.180846896599464
3.992727942347882
2.2016167591183446
3.0215428705291494
2.1812923433323146
2.2602825099580848
2.862058388857214
3.318503561213352
5.029319127326945
2.208136979814194
2.85615446682945
2.6532132227680485
2.4143944107827338
2.998714731482236
2.1088246386797564
1.8642130993403576
1.851377181771353
2.404017553961479
2.408330266735126
2.463109629376106
2.69289124626917
2.295323082872068
1.9371815951988083
3.6930026682038877
2.054405877515441
2.1387613536446626
2.3137890677262813
3.58361881470651
2.0385284607566394
2.383928313893433
2.789389112549909
2.0772506966326443
1.9901282175499873
2.4455036130145977
3.436730901395851
2.2135648096199283
2.5901937306279024
2.2630364603253135
2.022795317532813
2.9797869994036947
1.9433958846592851
2.496486930164469
2.38400548736427
3.209898692505794
2.4529601349647834
2.708002405538444
2.1716215370713954
1.8299425433790155
2.8771755495502696
2.0662098956482957
2.303425384914945
2.961737471816443
2.7477327321867566
2.450999445500541
2.8082328774349072
2.5514033511830387
2.714831733357986
2.5621481528986116
2.473858938576864
2.8808163319522695
2.218214987493818
1.8930103864075996
2.7946084651388325
2.1695139023923726
2.323121047606854
3.841882457128267
2.614390825469295
2.2016837172705443
3.8126616807607085
2.896886780525474
2.3996857569365826
2.2416313959100904
2.640077215762064
2.0040610578952283
2.310255157589218
3.1246690616995076
2.513879088217781
2.307675301235534
2.179777555779264
2.2084034539607025
2.74570270285356
2.2816204962977107
2.288012020814456
1.99925985909403
2.5087306955658306
1.9602837450506367
2.0857166001641225
2.0253909838383386
1.9594962655284807
2.8605057844116395
2.727646079833166
2.282200707055825
2.287444305033288
3.1529191283773397
3.2851713031581458
2.802215331509375
3.816744841355802
5.679388037014826
2.51238510351331
2.396152809393456
2.9323351515855016
2.780204122321198
2.6212902403148277
2.4098093146288893
2.1975447383473536
2.19539169008085
2.5662687336848027
2.885288129005822
2.2534337422644626
2.3070301666273814
2.4241384486326485
3.1534050881557434
1.90145287087965
2.35942601549994
1.9147866055530187
2.3309961985088172
2.184441526167351
2.0761083794204396
3.1917415541958505
3.369970207105826
1.8136770823304893
3.597817508404594
1.8929300823304889
1.8720352836694545
2.4569249615568864
3.6667597357484505
2.4555617310687925
3.777875964715099
2.4660136998017688
2.6971949957884984
3.0969581532498474
3.9155960562385452
2.4444099295380752
2.504483318842942
2.236620089715915
2.5863776554695175
2.420067878892038
2.2024000243747466
2.469495129458391
2.573962165140859
2.4450435062011255
2.8319943805171324
2.8355508470867097
3.543972281433918
3.594713691045003
2.824503698508817
2.9599507656758313
1.9830855512427643
2.821290851183038
2.0996781117473056
2.1550804962977104
3.2676693561458183
3.064275087405475
2.6535240544031176
2.887836669902864
1.9165886417521154
2.9287481441372307
2.520474188378026
2.0960443510915887
2.088075057511146
2.22044618191644
2.9010873254213863
1.8999231632794658
2.430683269896347
3.6324834098377616
2.1280508842499053
2.7157947377856306
2.5667065801569287
2.2740893503482447
2.5480800803526726
3.213118154779017
3.5633009149174972
2.1396956907519957
2.4387790279251984
2.281400415206752
1.9944284607566392
2.0402744728331665
2.238071312739862
2.9881055873560456
3.6361569445063573
1.9139288657630367
2.3459567310687905
2.824773162765288
2.713560626679321
2.8036650763267694
2.2703520571567353
2.881253351183039
2.185792419374632
2.114523487699131
3.262377522345396
2.7293711397124056
1.9745996600472786
2.2401081030837453
2.2441904214290638
3.235081646602138
2.3590750937461475
2.423169903611827
1.9213948952203026
1.9156100615151015
1.8209701771231366
2.094114479180833
2.9942815958592135
2.392940876239516
2.26601192486914
2.7646945599742487