38
42
27
45
45
44
48
38
47
43
52
48
65
39
42
47
43
41
53
40
46
33
45
53
60
54
27
27
62
42
47
55
22
32
33
47
49
41
55
49
43
43
50
35
59
54
45
48
41
42
30
35
48
54
40
46
35
54
49
51
41
39
43
63
40
31
45
52
54
38
43
52
31
34
39
49
40
47
50
55
44
26
59
67
50
41
40
25
55
33
42
62
43
56
36
44
52
47
43
47
58
45
59
38
28
57
48
42
45
41
30
58
52
38
42
39
46
55
63
54
29
31
35
41
41
46
40
52
48
41
29
38
52
39
35
57
44
32
53
49
44
41
44
38
42
36
39
44
38
30
45
41
39
37
43
31
38
34
35
35
42
49
25
57
33
39
33
35
33
61
32
55
44
51
32
37
36
45
47
45
34
55
40
49
46
52
46
45
38
35
47
47
48
38
41
60
38
50
42
43
44
43
39
39
34
23
48
44
52
61
56
55
46
50
51
36
62
54
52
47
45
28
49
52
42
48
34
37
51
35
44
51
45
45
49
40
23
38
41
53
46
38
52
49
41
42
46
38
25
35
27
55
42
53
51
44
58
50
57
46
41
45
38
32
32
41
37
55
62
61
33
62
58
45
39
39
35
42
40
55
41
36
38
43
45
55
43
44
40
41
33
44
30
42
49
43
47
52
46
41
32
35
42
31
53
58
43
35
39
25
48
53
40
37
26
47
56
47
38
34