52.57000000000001
51.1
58.72
59.980000000000004
43.86000000000001
44.81
43.86
44.81
35.580000000000005
42.82
43.86
72.87
77.76
50.580000000000005
41.290000000000006
44.81
66.85000000000001
42.5
62.21
35.5
35.580000000000005
26.79
35.580000000000005
33.95
67.15
69.21000000000001
30.49
6.48
76.38
28.6
6.48
60.93000000000001
12.47
23.47
29.54
26.790000000000006
23.78
57.18000000000001
43.86000000000001
35.580000000000005
35.580000000000005
23.47
29.950000000000003
50.80000000000001
52.57000000000001
55.760000000000005
61.88
49.410000000000004
43.400000000000006
48.489999999999995
12.47
24.94
48.720000000000006
66.48
32.510000000000005
73.55000000000001
44.010000000000005
31.420000000000005
49.410000000000004
36.02
31.4
8.17
30.490000000000002
67.15
44.39
54.27
61.88000000000001
88.94000000000001
71.6
70.0
54.040000000000006
35.580000000000005
26.79
6.48
64.88
42.84
49.769999999999996
63.93000000000001
23.78
72.87
37.39
23.47
73.39000000000001
109.42999999999999
64.88
35.580000000000005
44.29
41.489999999999995
83.31
27.03
53.6
70.39000000000001
44.85
65.12
32.7
22.270000000000003
42.24
45.480000000000004
32.510000000000005
57.2
45.230000000000004
54.040000000000006
44.81
31.5
23.47
55.81
57.28
48.830000000000005
48.050000000000004
60.940000000000005
15.71
90.98
80.82999999999998
41.370000000000005
44.81
31.64
45.84
87.95
72.87
23.550000000000004
29.270000000000003
35.580000000000005
39.260000000000005
39.72
39.26
44.81
39.26
48.470000000000006
50.160000000000004
44.81
15.71
32.34
62.63
36.61
8.17
112.66000000000001
45.25
23.47
47.09
35.580000000000005
70.59
39.26
49.410000000000004
35.16
61.60000000000001
39.26
36.02
44.81
48.830000000000005
61.72
60.93000000000001
39.41
52.57000000000001
44.81
38.77
20.310000000000002
34.2
3.24
32.78
36.67
23.550000000000004
44.81
6.48
55.81
26.790000000000006
59.07
32.26
11.41
12.47
64.66
3.24
35.580000000000005
46.61
83.73
23.47
33.010000000000005
28.6
29.950000000000003
44.81
44.81
37.63
60.400000000000006
40.870000000000005
69.21000000000001
65.60000000000001
48.470000000000006
48.470000000000006
50.08
19.37
23.78
39.93000000000001
61.36000000000001
33.010000000000005
55.39000000000001
32.260000000000005
72.87
36.61
57.7
44.39
28.16
44.81
60.03
44.39
33.95
41.57000000000001
12.03
45.33
41.290000000000006
63.07000000000001
33.95
74.24
12.47
40.540000000000006
80.57
44.54
61.8
87.12
15.71
48.470000000000006
28.180000000000003
83.73
23.47
29.950000000000003
44.81
31.92
35.580000000000005
70.92
35.580000000000005
33.010000000000005
21.060000000000002
55.81
53.09
24.3
46.17
72.12
19.37
3.24
44.81
19.370000000000005
18.950000000000003
59.980000000000004
48.300000000000004
46.84
60.400000000000006
39.26
40.160000000000004
68.36
26.790000000000006
27.03
23.78
12.47
78.72
39.26
69.02000000000001
40.510000000000005
35.580000000000005
72.87
55.760000000000005
55.760000000000005
26.79
65.88000000000001
26.79
21.060000000000002
15.71
49.94
39.26
63.93000000000001
49.64
64.60000000000001
81.31
41.49
72.87
73.39000000000001
63.27000000000001
35.16
49.94
62.58
44.81
40.85000000000001
46.94
45.92
27.05
101.73
44.85
40.620000000000005
81.49
26.79
55.150000000000006
45.900000000000006
62.11
19.37
65.04
32.34
23.47
61.940000000000005
23.55
48.13
42.64
65.60000000000001
3.24
70.17000000000002
61.80000000000001
48.050000000000004
67.59
63.93000000000001
59.980000000000004
35.580000000000005
31.92
50.52000000000001
32.26
41.57
33.010000000000005
24.3
35.580000000000005
6.48
44.81
60.93000000000001
35.580000000000005
23.78
70.92