-0.3948224765365878
-0.2822168186136415
-0.28537524089427857
-0.3997539915403264
-0.30593421379774444
-0.3374936788115279
-0.5124388323825845
-0.28861419572215324
-0.49187736909034796
-0.3318743762063529
-0.5281393818601957
-0.4052076969965128
-0.4411183301131132
-0.2833576084913069
-0.1738648796605782
-0.44526614419460203
-0.2831104203017722
-0.29452471804927755
-0.27016833946987506
-0.32989240817971666
-0.4927433840119875
-0.6391135949827549
-0.41228028165363406
-0.20398716538302963
-0.3694392085421869
-0.41615562446944143
-0.31813795429165376
-0.4980444578556439
-0.49928562838663126
-0.273446544845122
-0.3687628878327316
-0.29530819021632815
-0.42661888718903357
-0.7500541065642975
-0.5641268692396063
-0.4189056980737044
-0.37231195774317005
-0.2700338909612583
-0.3748384188179389
-0.5252373424395955
-0.4499878647633095
-0.26633653847850086
-0.5181883829844554
-0.44382030548797624
-0.41800106402074416
-0.19881133027791031
-0.27250190755067866
-0.30075977597207726
-0.35126656565402986
-0.5893217018477156
-0.32756833533395524
-0.354750490261511
-0.232689568809335
-0.3609877645918904
-0.45615910853940145
-0.3555806712218594
-0.28924584113713714
-0.3121839155981693
-0.39712735523812626
-0.5145912751838737
-0.3309453598154683
-0.37086261560657957
-0.4160764215036276
-0.2725058567001473
-0.18865957380466022
-0.6800227470192416
-0.35033808251631754
-0.3638118976984212
-0.19104046475927874
-0.3560137436358559
-0.29536477536900846
-0.4087069009022162
-0.5149470176560536
-0.3093051979997585
-0.48806242030773966
-0.40548344285906224
-0.3595441219308204
-0.5008265628103854
-0.4110373426963043
-0.41472501017367047
-0.3173795861993762
-0.5603180118913097
-0.4316828784154245
-0.3982679100787406
-0.45811927940636193
-0.5247884167846429
-0.41849002214402
-0.4295139244874087
-0.3875432198120006
-0.5014465483480914
-0.2024335052558849
-0.24539504264112938
-0.34322175203659266
-0.3036094808564954
-0.4359704777272176
-0.5438988551168222
-0.41998920398998507
-0.3962282903054325
-0.3915940676604142
-0.307961024884727
-0.24699179427707052
-0.5244202316217144
-0.3894976983309969
-0.27493486878789497
-0.39680293518270965
-0.3287009111779408
-0.3344592174841677
-0.4923372318652192
-0.464393499789683
-0.501654284852118
-0.3120591429461614
-0.3276428436906149
-0.3184535893208796
-0.3272429642602343
-0.28557275658496967
-0.31721802994813214
-0.40468478613529835
-0.3106667843881109
-0.39081938185887943
-0.3002733153972589
-0.24972873616297875
-0.395183508381932
-0.5324349448435453
-0.29282833855216434
-0.3610592633546075
-0.29995441083410695
-0.25432766567297593
-0.39616053953176983
-0.41298788527590796
-0.23434848020305513
-0.4033030448954378
-0.5859092405809081
-0.4000408783995226
-0.5404029677287621
-0.3961152227833239
-0.42690528727356425
-0.6787336842446079
-0.3333534835418304
-0.3445345817601012
-0.34642621746080393
-0.27655701290559764
-0.3623203753654901
-0.3288886928722298
-0.2683016098057938
-0.31389819051490575
-0.32798706117236887
-0.3662865075510167
-0.3008620618050039
-0.4266127357551159
-0.6989179666320524
-0.47304943775442637
-0.3154760378067923
-0.4180275110149801
-0.4454731055978116
-0.46986106172563985
-0.33884603074008623
-0.3433899223908855
-0.5343624712087907
-0.29310495113052804
-0.4340169679646586
-0.36307486677166495
-0.41234911135769353
-0.3800913989770331
-0.19336683313001718
-0.2853863965809631
-0.2972718106239491
-0.4082570790495892
-0.3812389650470488
-0.6987926772411683
-0.40979156868374306
-0.2981914687534939
-0.42413922037030444
-0.38949176587495704
-0.3497415008330184
-0.3040431408257305
-0.19453143996509958
-0.3486078260245904
-0.19410374154994087
-0.4096105919795031
-0.2523920795379444
-0.4463903641682261
-0.43155680026670457
-0.3325127239011842
-0.3497998826144886
-0.4013090269250934
-0.6090613338859654
-0.25562368676279623
-0.34358235074263244
-0.409378967139392
-0.22767793660450444
-0.33175797787697403
-0.2412947696128611
-0.47787821401391284
-0.3706171254783519
-0.33397390751145206
-0.465476533921958
-0.47440976422350245
-0.3574155996855855
-0.531211166475977
-0.42851133862717794
-0.5199520695934507
-0.45047315305839675
-0.29964202612306207
-0.40426201466023204
-0.25326224097111155
-0.23550506897859577
-0.38016402018738515
-0.24365677740441422
-0.47511951300350574
-0.2924887716228831
-0.29047775617849453
-0.27193382777926584
-0.37657447254367343
-0.1921158477779103
-0.3059462087455098
-0.43870692625065116
-0.22280605029854775
-0.23358606289674777
-0.3458331531896545
-0.43714153231668673
-0.29031346130649605
-0.2889844923782321
-0.5679198890469376
-0.2741486825501509
-0.36507500450241875
-0.5554318873487575
-0.4278220157518007
-0.34505965270104755
-0.4012563469792897
-0.4927216734813815
-0.5464247962292722
-0.3632064763389065
-0.20083936737025584
-0.5952968277336671
-0.44215904092809644
-0.20232121230283157
-0.2625721459599128
-0.2943510768690829
-0.4105274876248145
-0.3382911437828235
-0.33531086221131445
-0.3965129548269033
-0.22528372021471504
-0.37691061850899343
-0.33948456261249216
-0.3209410380438654
-0.41383632667747877
-0.35045896512400015
-0.22951010926095125
-0.33995858509303795
-0.39075944722713035
-0.693554924318177
-0.3965650618897421
-0.43808875007685855
-0.28606751948737374
-0.3470501870410358
-0.3804573729446222
-0.2669181921264267
-0.4788803356440808
-0.23432258061934164
-0.31561920391425247
-0.21686865892464696
-0.4786478946177145
-0.35535681019280946
-0.3278187173528977
-0.3005100799208386
-0.3097516328730067
-0.3197988670699306
-0.5448853111562417
-0.34016854822852516
-0.4270310230945588
-0.37237561478527553
-0.3069593977456769
-0.24221900846223046
-0.28877483717377916
-0.45800416859686305
-0.3916736932502457
-0.3304325873373205
-0.3127894037405852
-0.3401004625625016
-0.35085762291804284
-0.4945513421188884
-0.6531325358913459
-0.3617238256960913
-0.45587205723146973
-0.37412484899396076
-0.3988842053890496
-0.32414497730753056
-0.47219789073336105
-0.732889590319246
-0.32899171994913123
-0.3168640909544078
-0.26598140446929347
-0.34169578748971513
-0.23923655587811596
-0.7504760185826853
-0.3514358222268309
-0.41162962286027943
-0.46408522486512993
-0.485049239073018
-0.4720773461312477
-0.3039240389669442
-0.5706677000966712
-0.4573507684056638
-0.41448773089553204
-0.2666761357208419
-0.41890949095777835
-0.570589959550237
-0.3518756850816224
-0.30732085226055184
-0.27684087462137086
-0.3514992660290745
-0.1826397591992522
-0.6602096258222556
-0.6100697689312087
-0.20406342220045795
-0.23540982776229194
-0.24663224761724803
-0.3685851723554462
-0.3811152629124546