-0.4439790304047675
-0.33213678329874713
-0.4282976234885756
-0.28822968148989064
-0.3193604101509982
-0.2995204936349961
-0.27961013340184987
-0.3051402398150993
-0.45174444587810286
-0.30029651965350285
-0.5469175897491519
-0.45497267235027267
-0.2627405413842687
-0.2946971349652436
-0.346941763038988
-0.43405344246922906
-0.2411321504983865
-0.281254380992053
-0.5368539284437744
-0.25018588615055365
-0.4957153723898463
-0.24435759437000748
-0.2294508952138027
-0.32264231474476024
-0.3013041162929648
-0.26964431860131877
-0.2806248223558071
-0.37148562177250843
-0.3321104238087043
-0.45936539074900795
-0.40851759139174376
-0.19970598783199978
-0.20037941375668533
-0.22682377426647077
-0.35269139361277435
-0.2709079255800786
-0.2917527253629801
-0.35441316743184514
-0.3173208220080899
-0.26759532887556886
-0.2826217226155884
-0.48445406112254985
-0.3223259726685164
-0.36609124727259595
-0.3423853493419031
-0.57845149073573
-0.4022774598239923
-0.9354662142852644
-0.35146231169889086
-0.3520419554051948
-0.48170575794202625
-0.3351586535080652
-0.3797475495370878
-0.5359588641111984
-0.297402929473059
-0.5618645432384598
-0.4141389403631035
-0.3613948325838672
-0.39419849730709094
-0.2895139754973467
-0.3199482135407343
-0.298813351936846
-0.5308340779231531
-0.5588170530607958
-0.3872441409671694
-0.3004857391336516
-0.2403220138073297
-0.24046212996555152
-0.37196853336421465
-0.37369302686316586
-0.38482075345607636
-0.28789412184997537
-0.2102270255514011
-0.3343657828985417
-0.3037700574307637
-0.5858416072370255
-0.22705575186300464
-0.45944474108888633
-0.4318695109870236
-0.641892949899143
-0.429960136409338
-0.4238199827044377
-0.23956737697946076
-0.5050053381301325
-0.45602457633002497
-0.4146809193484984
-0.4190475974151628
-0.32698345072270485
-0.357503116681976
-0.27210530333942984
-0.488684241998521
-0.35731724907271906
-0.3789868317985658
-0.3509450178089002
-0.3412790907893241
-0.5874309217184375
-0.41082697355144776
-0.3069082012333669
-0.35197921879346217
-0.29547302412445886
-0.6201997726461845
-0.38227512665283475
-0.6314142997720139
-0.4757712799027802
-0.4421829237962811
-0.2913664105029511
-0.34994483030327034
-0.5601154922593152
-0.5429050199902358
-0.3462499239582293
-0.30979897025336606
-0.37311815530871156
-0.3997338821378107
-0.30590038223024935
-0.36933790348536083
-0.3443900463239561
-0.5270477078980286
-0.3907239810619093
-0.49455720868761655
-0.43210472123825283
-0.32006768038976874
-0.36979144453861057
-0.35333222868872394
-0.42885958980054967
-0.3448958935957415
-0.3481490727035865
-0.3736598384039098
-0.3481656266230712
-0.3311098425444995
-0.3204126975327881
-0.29283855790764163
-0.46761265028576604
-0.6219148342631706
-0.31066959926689586
-0.4198966304292469
-0.4262563576115667
-0.5627392793221534
-0.5687271655612701
-0.33698708077539674
-0.4734812183194339
-0.3124208380117024
-0.33817974422258024
-0.40757168728560206
-0.4074806999623477
-0.377781220110046
-0.2651121475542001
-0.30118399207307445
-0.42729102511562583
-0.26185367269737353
-0.4208774387105742
-0.3438949992982183
-0.5312403463628612
-0.4742409735562987
-0.3559968848185073
-0.514574284332199
-0.2910780984684037
-0.5201575122266149
-0.5648857990146541
-0.27219393159112637
-0.5610214858537569
-0.5424786934226722
-0.47091693165013976
-0.4406260163680455
-0.4176791358925574
-0.4490261877909762
-0.2705147561753044
-0.3891075744657371
-0.39330486117211894
-0.27424607516595345
-0.5197060219172058
-0.358574939101055
-0.4282022117169531
-0.6200877419433783
-0.48458399059677887
-0.3802521443250847
-0.6566030281477118
-0.2906082451948843
-0.33945309411130403
-0.31647703036448643
-0.2129261287997349
-0.3723801889972516
-0.28499706288158777
-0.2642415953207005
-0.26290218358444006
-0.7392162116420092
-0.30488958994748105
-0.3573630071532319
-0.27736208562868475
-0.6114660185689228
-0.37528330660435977
-0.40519113576862875
-0.5468525001123848
-0.36340070662081797
-0.34013787163525866
-0.26645324098475004
-0.29662748181655774
-0.43479005541584465
-0.38959126999253096
-0.4587120080380432
-0.23645777706291918
-0.2707487735974196
-0.2767848248410548
-0.3677076051382054
-0.306643962642355
-0.542474348598469
-0.37869181173089983
-0.3173673086115583
-0.422726520124875
-0.3885346096730768
-0.3671131783270019
-0.22034114407770206
-0.4031491505544009
-0.3510112394200049
-0.6172473549833124
-0.3049627717646167
-0.412773456207801
-0.3884367910289711
-0.2682056803328034
-0.20654686631725894
-0.34009875808943535
-0.2908098764604397
-0.3688800744255819
-0.18682733090822637
-0.47840412958744527
-0.6049317540259518
-0.28239699430253545
-0.41742303402053593
-0.23648497569676885
-0.5178059098508675
-0.33695640346656813
-0.24520619804845037
-0.4459479467403162
-0.2532927340330923
-0.4414588171721334
-0.37456650122194063
-0.32140514003815324
-0.23741063481274796
-0.3922935985058819
-0.2324777664667907
-0.2760520884527575
-0.3706564595647109
-0.25396663912714945
-0.4395848598822299
-0.4045163106886667
-0.4739274390659541
-0.6889616333729892
-0.28164883399103824
-0.33928558310260604
-0.2562310280554923
-0.42650665895474305
-0.3975605158722751
-0.3078421276501531
-0.2898538630348902
-0.2490645418262896
-0.37012615221317446
-0.41832280121603593
-0.41398644135521323
-0.3578132625832026
-0.32300718459806277
-0.22566815407652982
-0.5622809259326412
-0.36499268168940946
-0.3573629545562085
-0.2928759769064603
-0.36267521794575414
-0.34123923434241876
-0.3007012110112174
-0.4187004137542363
-0.30941804075850043
-0.4525668476935607
-0.43249034389725893
-0.5652554006230786
-0.32054238475859
-0.4062484690420533
-0.2766177174136919
-0.381388056957884
-0.22840005147826686
-0.36146139159674007
-0.24898807614003005
-0.26688979021554243
-0.2705113202954408
-0.44509326140241356
-0.5099829558420447
-0.39956479415787377
-0.3590527609093171
-0.28163525891914315
-0.3440623196164157
-0.3351667563797897
-0.29071033567142746
-0.5130842693028501
-0.4138616837521162
-0.3509512587567618
-0.4851774636619087
-0.502651264508452
-0.29208413599081445
-0.2963403111473253
-0.5857791379208779
-0.43489890433957784
-0.3847757465283081
-0.48389716943562666
-0.47013852983845433
-0.33110518178772785
-0.45956935908058977
-0.30807566855269825
-0.40647869214905086
-0.3866661446095623
-0.313113463015019
-0.2324959691662066
-0.4429630717619523
-0.2180130154687455
-0.2513872782489612
-0.37415015549231256
-0.336209473947468
-0.2800567361190196
-0.3464220986192714
-0.24492647102096976
-0.2770527260322635
-0.35863047581000607
-0.4575703271513728
-0.41145173916649236