0.45348837209302323
0.7538461538461538
0.24705882352941178
0.3150684931506849
0.5142857142857142
0.8769230769230769
0.379746835443038
0.4166666666666667
0.25925925925925924
0.6166666666666667
0.8
0.5
0.4375
0.684931506849315
0.569620253164557
0.40476190476190477
0.37037037037037035
0.7413793103448276
0.5
0.68
0.4927536231884058
0.6
0.3492063492063492
0.5185185185185185
0.4
0.3194444444444444
0.3146067415730337
0.4878048780487805
0.4235294117647059
0.38202247191011235
0.44776119402985076
0.5569620253164557
0.475
0.5316455696202531
0.7413793103448276
0.4918032786885246
0.4642857142857143
0.5949367088607594
0.40540540540540543
0.5428571428571428
0.6935483870967742
0.24561403508771928
0.4189189189189189
0.5357142857142857
0.6271186440677966
0.23376623376623376
0.42168674698795183
0.24468085106382978
0.4864864864864865
0.4418604651162791
0.6071428571428571
0.3488372093023256
0.45714285714285713
0.5483870967741935
0.4069767441860465
0.3373493975903614
0.43209876543209874
0.5483870967741935
0.5
0.5172413793103449
0.44871794871794873
0.3068181818181818
0.47540983606557374
0.4507042253521127
0.6086956521739131
0.9047619047619048
0.4375
0.4155844155844156
0.4117647058823529
0.30864197530864196
0.5072463768115942
0.38636363636363635
0.45454545454545453
0.410958904109589
0.37209302325581395
0.345679012345679
0.4864864864864865
0.5161290322580645
0.46774193548387094
0.2542372881355932
0.6075949367088608
0.5901639344262295
0.43902439024390244
0.37662337662337664
0.32051282051282054
0.4090909090909091
0.4430379746835443
0.4444444444444444
0.8571428571428571
0.3
0.30337078651685395
0.4931506849315068
0.3493975903614458
0.45569620253164556
0.525
0.6271186440677966
0.38823529411764707
0.42857142857142855
0.39759036144578314
0.4470588235294118
0.7846153846153846
0.4423076923076923
0.5588235294117647
0.5588235294117647
0.5211267605633803
0.46296296296296297
0.43333333333333335
0.6153846153846154
0.4864864864864865
0.5362318840579711
0.23809523809523808
0.4444444444444444
0.3918918918918919
0.5428571428571428
0.4358974358974359
0.35
0.41333333333333333
0.4567901234567901
0.53125
0.6216216216216216
0.7758620689655172
0.3472222222222222
0.2926829268292683
0.5079365079365079
0.42528735632183906
0.5411764705882353
0.463768115942029
0.23404255319148937
0.4146341463414634
0.4857142857142857
0.4024390243902439
0.8867924528301887
0.5084745762711864
0.4146341463414634
0.30120481927710846
0.39080459770114945
0.3258426966292135
0.7962962962962963
0.45348837209302323
0.4069767441860465
0.4533333333333333
0.42857142857142855
0.546875
0.6756756756756757
0.6935483870967742
0.88
0.2967032967032967
0.4810126582278481
0.47058823529411764
0.40789473684210525
0.33783783783783783
0.4594594594594595
0.5617977528089888
0.367816091954023
0.4235294117647059
0.4647887323943662
0.569620253164557
0.4861111111111111
0.2857142857142857
0.6
0.6986301369863014
0.45348837209302323
0.4084507042253521
0.475
0.5571428571428572
0.4722222222222222
0.5641025641025641
0.8947368421052632
0.4931506849315068
0.47368421052631576
0.45569620253164556
0.47297297297297297
0.4142857142857143
0.32954545454545453
0.5151515151515151
0.5070422535211268
0.49295774647887325
0.4444444444444444
0.45454545454545453
0.36363636363636365
0.367816091954023
0.41025641025641024
0.5
0.32098765432098764
0.37209302325581395
0.3764705882352941
0.7833333333333333
0.6379310344827587
0.40425531914893614
0.3253012048192771
0.3384615384615385
0.4225352112676056
0.3333333333333333
0.41975308641975306
0.3764705882352941
0.5
0.33707865168539325
0.3333333333333333
0.5125
0.5192307692307693
0.7384615384615385
0.5384615384615384
0.47297297297297297
0.36764705882352944
0.3150684931506849
0.352112676056338
0.425
0.6909090909090909
0.4430379746835443
0.5535714285714286
0.38095238095238093
0.4222222222222222
0.5441176470588235
0.4626865671641791
0.22105263157894736
0.26506024096385544
0.4482758620689655
0.4588235294117647
0.3953488372093023
0.5625
0.8493150684931506
0.75
0.4864864864864865
0.5217391304347826
0.36507936507936506
0.8703703703703703
0.5588235294117647
0.47619047619047616
0.2948717948717949
0.3333333333333333
0.5428571428571428
0.7368421052631579
0.5070422535211268
0.45454545454545453
0.4358974358974359
0.6428571428571429
0.5737704918032787
0.4625
0.3225806451612903
0.3870967741935484
0.3793103448275862
0.4588235294117647
0.4470588235294118
0.42168674698795183
0.7313432835820896
0.4810126582278481
0.27358490566037735
0.3448275862068966
0.4307692307692308
0.4050632911392405
0.42857142857142855
0.609375
0.6896551724137931
0.425
0.29347826086956524
0.32894736842105265
0.4246575342465753
0.3018867924528302
0.3492063492063492
0.47619047619047616
0.3
0.3793103448275862
0.36507936507936506
0.7419354838709677
0.4605263157894737
0.43661971830985913
0.4819277108433735
0.4626865671641791
0.25882352941176473
0.6206896551724138
0.725
0.2962962962962963
0.6666666666666666
0.30666666666666664
0.4805194805194805
0.41333333333333333
0.5084745762711864