0.28378378378378377
0.32857142857142857
0.5172413793103449
0.4032258064516129
0.20238095238095238
0.3157894736842105
0.30158730158730157
0.28735632183908044
0.27692307692307694
0.44155844155844154
0.40625
0.4426229508196721
0.3076923076923077
0.3387096774193548
0.296875
0.2807017543859649
0.2876712328767123
0.3384615384615385
0.3375
0.8913043478260869
0.5
0.43243243243243246
0.2903225806451613
0.2542372881355932
0.27586206896551724
0.2830188679245283
0.3125
0.41935483870967744
0.30158730158730157
0.2807017543859649
0.3146067415730337
0.2923076923076923
0.4696969696969697
0.5294117647058824
0.3125
0.3125
0.4153846153846154
0.2903225806451613
0.4067796610169492
0.3442622950819672
0.29310344827586204
0.3108108108108108
0.3050847457627119
0.29310344827586204
0.28846153846153844
0.30158730158730157
0.44642857142857145
0.2542372881355932
0.34545454545454546
0.4230769230769231
0.40384615384615385
0.352112676056338
0.3125
0.47368421052631576
0.29213483146067415
0.3333333333333333
0.5384615384615384
0.37037037037037035
0.41818181818181815
0.3246753246753247
0.29411764705882354
0.30952380952380953
0.2808988764044944
0.2923076923076923
0.3
0.6231884057971014
0.47761194029850745
0.30357142857142855
0.28205128205128205
0.30158730158730157
0.3
0.4696969696969697
0.29310344827586204
0.296875
0.3142857142857143
0.38461538461538464
0.30612244897959184
0.44680851063829785
0.3472222222222222
0.30120481927710846
0.32857142857142857
0.34285714285714286
0.421875
0.2894736842105263
0.2647058823529412
0.4782608695652174
0.5384615384615384
0.28
0.31645569620253167
0.3125
0.30357142857142855
0.40350877192982454
0.391304347826087
0.2923076923076923
0.5
0.275
0.2909090909090909
0.2903225806451613
0.3333333333333333
0.30666666666666664
0.25806451612903225
0.6538461538461539
0.27586206896551724
0.4696969696969697
0.20588235294117646
0.65
0.2898550724637681
0.3191489361702128
0.2542372881355932
0.2830188679245283
0.40384615384615385
0.2830188679245283
0.4
0.30158730158730157
0.32857142857142857
0.30357142857142855
0.3125
0.3380281690140845
0.296875
0.3058823529411765
0.2876712328767123
0.2923076923076923
0.29333333333333333
0.3333333333333333
0.47297297297297297
0.27058823529411763
0.2916666666666667
0.7014925373134329
0.4827586206896552
0.3373493975903614
0.41818181818181815
0.2903225806451613
0.38235294117647056
0.27692307692307694
0.3157894736842105
0.3333333333333333
0.4117647058823529
0.3088235294117647
0.42
0.2903225806451613
0.35714285714285715
0.3442622950819672
0.2916666666666667
0.30357142857142855
0.35802469135802467
0.47368421052631576
0.20588235294117646
0.6964285714285714
0.8163265306122449
0.2987012987012987
0.25806451612903225
0.2972972972972973
0.2830188679245283
0.41935483870967744
0.25
0.20588235294117646
0.41818181818181815
0.2903225806451613
0.29069767441860467
0.3125
0.3188405797101449
0.2923076923076923
0.3855421686746988
0.3939393939393939
0.3125
0.25
0.2823529411764706
0.28
0.5352112676056338
0.4745762711864407
0.2830188679245283
0.2903225806451613
0.4032258064516129
0.5666666666666667
0.2542372881355932
0.3382352941176471
0.7457627118644068
0.3333333333333333
0.28205128205128205
0.2903225806451613
0.39705882352941174
0.3
0.2830188679245283
0.3088235294117647
0.5303030303030303
0.32857142857142857
0.2857142857142857
0.3050847457627119
0.296875
0.20588235294117646
0.2926829268292683
0.3793103448275862
0.44
0.2903225806451613
0.296875
0.2903225806451613
0.2903225806451613
0.2923076923076923
0.3220338983050847
0.32653061224489793
0.2807017543859649
0.39705882352941174
0.29310344827586204
0.30158730158730157
0.32894736842105265
0.40384615384615385
0.3283582089552239
0.43283582089552236
0.527027027027027
0.40384615384615385
0.42105263157894735
0.6086956521739131
0.3050847457627119
0.36486486486486486
0.34328358208955223
0.2916666666666667
0.4533333333333333
0.25
0.4657534246575342
0.30158730158730157
0.4032258064516129
0.3
0.40384615384615385
0.6438356164383562
0.3424657534246575
0.2923076923076923
0.2830188679245283
0.2823529411764706
0.27941176470588236
0.3283582089552239
0.25609756097560976
0.2830188679245283
0.29310344827586204
0.296875
0.2903225806451613
0.3194444444444444
0.2830188679245283
0.38095238095238093
0.2903225806451613
0.2830188679245283
0.375
0.2542372881355932
0.27586206896551724
0.2923076923076923
0.32857142857142857
0.30357142857142855
0.2542372881355932
0.5172413793103449
0.2857142857142857
0.2808988764044944
0.5
0.3076923076923077
0.30666666666666664
0.2903225806451613
0.3
0.4166666666666667
0.40384615384615385
0.2692307692307692
0.3387096774193548
0.3
0.3157894736842105
0.3472222222222222
0.296875
0.2903225806451613
0.2716049382716049
0.38095238095238093
0.20224719101123595
0.2542372881355932
0.4444444444444444
0.4533333333333333
0.38461538461538464
0.32857142857142857
0.20588235294117646
0.31645569620253167
0.3384615384615385
0.35
0.3333333333333333
0.5172413793103449