425.4040000000001
275.101
301.4150000000002
292.36300000000006
475.52300000000025
257.264
315.332
276.163
383.5170000000002
363.4390000000002
428.53300000000013
242.68700000000004
360.3910000000002
328.481
427.54100000000017
419.5260000000003
482.5800000000002
428.2460000000001
509.45200000000017
272.329
388.4230000000001
340.46700000000016
477.3990000000002
435.5240000000003
419.8940000000002
517.6670000000003
370.361
346.43700000000007
325.43000000000006
413.5220000000002
402.31400000000014
271.345
376.48200000000014
352.3500000000001
384.4830000000001
428.5350000000001
236.65800000000002
418.5150000000003
487.5970000000003
272.739
448.42600000000016
391.22100000000006
411.54600000000016
389.4520000000003
339.35100000000017
358.398
404.44400000000013
497.7410000000002
472.58500000000026
496.59200000000016
356.0360000000001
397.5440000000002
324.38000000000005
253.714
455.25400000000013
367.37700000000007
399.47600000000017
295.368
494.61700000000036
314.3910000000001
417.4870000000002
379.36300000000006
297.2890000000001
467.5510000000004
381.4980000000002
355.173
432.5490000000001
351.4020000000001
321.288
315.4170000000001
356.3590000000001
296.39500000000004
421.9970000000001
478.4170000000002
371.3490000000001
311.341
297.38700000000006
426.5230000000001
302.355
223.25300000000001
298.7729999999999
493.5200000000002
465.47500000000014
305.399
372.42100000000016
392.4520000000002
457.5920000000004
309.84299999999996
355.3970000000001
430.4760000000001
467.59100000000035
467.99400000000014
355.35400000000004
371.9340000000001
482.94200000000023
409.4860000000003
391.43100000000004
295.42599999999993
352.1770000000001
446.5880000000002
263.68
238.23200000000003
464.54700000000037
351.33600000000007
436.9430000000002
416.54700000000025
282.317
418.5340000000003
474.3950000000002
369.42500000000007
368.43700000000007
517.6340000000004
451.54500000000036
459.4980000000003
368.3720000000001
243.33500000000006
395.48400000000004
236.2899999999999
270.329
267.35400000000004
336.43600000000004
425.89000000000027
347.34000000000003
383.1980000000001
282.29900000000004
419.90900000000016
409.5340000000002
383.48800000000017
198.226
418.4150000000002
414.4570000000002
365.4510000000001
340.3820000000001
412.5110000000002
428.396
417.581
287.3620000000001
305.2460000000001
461.5350000000001
272.284
272.30400000000003
353.37900000000025
526.7850000000003
478.6140000000002
428.53200000000015
397.4750000000003
408.50400000000013
359.40100000000007
431.53600000000034
447.7200000000001
407.85700000000014
395.8460000000002
308.293
437.5430000000001
339.847
429.92900000000026
423.5340000000003
307.44
343.4710000000003
496.40800000000024
293.41
351.3880000000001
340.445
236.3
309.73400000000004
382.8760000000001
415.35600000000017
297.398
356.4300000000001
415.4930000000001
394.4960000000001
384.4130000000001
275.73900000000003
430.3020000000002
316.401
473.5580000000002
315.37300000000005
425.3200000000001
303.159
374.4370000000001
319.426
368.48400000000004
421.95400000000006
261.34999999999997
378.4530000000002
262.334
254.67299999999997
384.867
236.227
383.40400000000017
352.39000000000004
429.5310000000001
354.41300000000007
372.49400000000014
452.51500000000027
440.9310000000004
413.4740000000001
341.32700000000006
450.92200000000014
362.41500000000013
381.39200000000005
495.21500000000015
453.55700000000013
476.6060000000002
476.57600000000025
445.93200000000024
306.39099999999996
277.121
379.4380000000001
300.4710000000001
281.315
312.442
495.38000000000017
346.77400000000006
372.3770000000002
381.4570000000001
323.3960000000001
303.377
310.78100000000006
435.56800000000015
386.51700000000017
389.4480000000001
453.91100000000023
377.4000000000001
306.38700000000006
423.4180000000002
464.50300000000016
454.8950000000001
425.4880000000001
259.284
247.25
222.28800000000004
476.47000000000037
517.5860000000004
371.4870000000001
229.239
371.31500000000005
460.53400000000016
395.50300000000027
324.40200000000004
405.47300000000007
296.41100000000006
311.38100000000003
352.50000000000017
316.361
324.4650000000001
357.20700000000005
303.387
408.4720000000001
513.6420000000003
487.6230000000002
369.4210000000001
380.49100000000027
447.44400000000013
364.401
489.5280000000003
379.23900000000003
449.48500000000007
321.72
488.59200000000027
406.52900000000034
388.4450000000001
488.3490000000003
325.36400000000003
297.745
228.251
348.39000000000004
304.777
240.715
252.726
497.57000000000016
388.50800000000027
413.4360000000001
425.51800000000026
353.44100000000014
396.3990000000001
455.3780000000001
398.4220000000001
444.58200000000016
264.20599999999996
419.51000000000016
438.47400000000016
372.4760000000001
368.3920000000001
311.38500000000005
308.79
325.40800000000013
488.6580000000003
518.7050000000004
381.3930000000001
479.3200000000004
302.355
378.4530000000001
304.84600000000006
415.55900000000014
401.8750000000001
319.43399999999997
372.4460000000002
337.33500000000004
181.23499999999996
345.7900000000001
287.38500000000005
312.37200000000007
299.3740000000001
494.63600000000054
381.4570000000001
304.77700000000004
360.4540000000002
327.4490000000001
404.4910000000001
297.745
414.48100000000017
374.3740000000002
305.72100000000006
275.7789999999999
271.25399999999996
258.3169999999999
336.4170000000001
297.358
481.5960000000003
469.67000000000047
489.4750000000001
224.329
314.34800000000007
295.37100000000004
523.85
480.5840000000003
446.5250000000002
427.76200000000017
517.6340000000002
260.289
418.99300000000017
198.29099999999997
230.22299999999998
463.53000000000037
279.752
402.8420000000001
294.30600000000004
362.85700000000026
421.47500000000014
440.55000000000024
323.73199999999997
368.38500000000005
343.42
450.5350000000003
460.58100000000024
308.366
197.18999999999997
371.4400000000001
252.27300000000002
310.39700000000016
328.799
314.42900000000003
350.41800000000006
380.51300000000026
405.76000000000005
397.41800000000006
546.7780000000004
291.307
345.3550000000001
416.4340000000002
404.86900000000026
398.55100000000016
294.3140000000001
206.27000000000004
318.41700000000014
491.61300000000017
278.337
530.5620000000002
425.5540000000001
358.41500000000013
245.30700000000002
342.37000000000006
351.40600000000006
303.446
321.295
375.49800000000005
292.3380000000001
395.5030000000002
351.4500000000001
422.5540000000001
362.34100000000007
263.34899999999993
276.29200000000003
519.6010000000002
410.47400000000016
258.365
250.31799999999993
426.4690000000003
256.26500000000004
294.43
421.67800000000005
429.49900000000014
282.73400000000004
451.90900000000016
371.44100000000003
496.5680000000002
420.4650000000002
382.41600000000017
285.229
378.2220000000002
345.4140000000002
514.9660000000002
359.40700000000027
391.8800000000003
358.18100000000015
368.4580000000001
304.38900000000007
269.728
372.49700000000007
378.4240000000002
304.41100000000006
491.5000000000002
223.23100000000002
454.6550000000004
271.75100000000003
338.314
441.50700000000023
394.44900000000007
279.344
356.44700000000006
216.166
380.3660000000001
330.2960000000001
364.3740000000001
437.52500000000015
441.55000000000007
360.4350000000001
441.4780000000002
369.42400000000004
293.33000000000004
324.40900000000005
459.5240000000003
331.22800000000007
254.28900000000002
389.20900000000006
338.36300000000006
382.51400000000007
368.79400000000015
379.8290000000001
512.4260000000002
338.8340000000001
402.49400000000014
287.70300000000003
303.19200000000006
391.3090000000001
443.28300000000024
229.07000000000005
301.456
407.5360000000003
454.4830000000002
295.3640000000001
382.42400000000015
443.50300000000027
319.71399999999994
263.326
399.30200000000013
350.8270000000001
438.5490000000001
360.8660000000001
399.39400000000023
385.8990000000001
432.5960000000001
263.68399999999997
270.115
244.24999999999994
459.54900000000015
239.32200000000003
338.7550000000001
247.31899999999996
226.16299999999998
285.32099999999997
369.4860000000002
444.02500000000015
367.4010000000001
268.342
457.5520000000002
467.6160000000001
339.42
453.9440000000001
328.3240000000002
341.802
199.27800000000002
371.3890000000001
328.79900000000004
407.4480000000002
448.51900000000023
437.4240000000001
334.37600000000015
429.8670000000002
449.5760000000002
347.85200000000003
325.434
395.5030000000001
306.3
276.25600000000003
365.4580000000001
250.257
532.7250000000003
480.5460000000003
369.42100000000005
418.8810000000002
373.4970000000002
481.61800000000034
286.287
376.3240000000001
379.8030000000001
369.4210000000002
349.412
378.49400000000014
211.353
338.473
318.4020000000001
375.22799999999995
232.23899999999995
323.4440000000001
319.4050000000001
201.229
361.261
362.38500000000005
374.4180000000002
327.1890000000001
388.42000000000013
467.5980000000002
475.56700000000023
380.5130000000001
324.4710000000002
374.50600000000003
403.47900000000004
341.46100000000007
499.5450000000002
337.42700000000013
380.44400000000013
338.3630000000001
326.3040000000001
410.4340000000002
216.28
291.30600000000004
450.5240000000001
475.61000000000024
332.78700000000003
354.57900000000006
201.25100000000003
301.27700000000004
189.21400000000003
416.35900000000004
362.769
399.47200000000015
485.65000000000026
498.44300000000015
341.3710000000001
506.4510000000001
344.39200000000005
456.49500000000023
305.33299999999997
556.4350000000002
439.53700000000026
212.24799999999996
330.409
245.16000000000003
329.444
498.39500000000015
478.2900000000002
392.5000000000001
298.367
319.361
416.9050000000001
392.8860000000001
481.6370000000003
328.39
341.40700000000015
357.38100000000003
446.5100000000001
412.2980000000002
372.42400000000004
336.3910000000001
316.2960000000001
235.37099999999995
444.53200000000015
342.4870000000002
336.3910000000001
401.4180000000001
269.22999999999996
295.335
282.278
494.54800000000023
415.9900000000001
375.42900000000026
375.4530000000001
365.3890000000001
299.765
267.33599999999996
389.4330000000001
386.45200000000006
447.5380000000003
350.42200000000014
449.261
246.69699999999997
475.93200000000024
317.2720000000001
261.288
353.3550000000001
436.4890000000002
345.302
309.40900000000005
403.9790000000001
278.78300000000013
416.5250000000002
428.52900000000017
362.451
324.38
344.392
348.4720000000002
274.36400000000003
329.2530000000001
321.3180000000001
465.4810000000002
303.314
459.5240000000002
538.6700000000004
354.15999999999997
442.49300000000017
333.387
405.8340000000002
460.0240000000001
439.55900000000014
317.772
437.4470000000002
473.95700000000033
383.38200000000006
251.28199999999998
247.301
383.4220000000001
429.5420000000002
226.32
354.53800000000007
384.82300000000015
379.5510000000003
300.4020000000001
474.4730000000002
370.5180000000001
283.396
509.8970000000004
486.2380000000001
494.5440000000002
311.168
270.33200000000005
405.42900000000014
492.4090000000002
446.95600000000024
498.6490000000003
366.3690000000001
446.5070000000002
366.288
382.5330000000002
276.3359999999999
318.3730000000001
300.22099999999995
224.32899999999995
218.28500000000003
339.288
337.4480000000001
270.267
350.4180000000001
530.6250000000003
305.4030000000001
342.3209999999999
288.37600000000003
530.5780000000002
398.81200000000007
340.3350000000001
384.35400000000016
468.5290000000002
526.4530000000002
258.28499999999997
425.46000000000004
380.5360000000002
269.077
298.34600000000006
273.313
252.31699999999998
283.322
326.4180000000001
486.5690000000003
300.3620000000001
488.58800000000036
346.427
360.45700000000016
409.19200000000006
341.3310000000001
372.4750000000001
394.28300000000013
519.6420000000003
342.44300000000015
267.19699999999995
358.4230000000001
360.4140000000001
423.5130000000001
364.4050000000001
435.5530000000003
283.32700000000006
273.33200000000005
234.68599999999998
431.5140000000001
328.00300000000004
499.54500000000024
476.94500000000033
304.3750000000001
478.5740000000002
200.19700000000003
417.50200000000024
324.38400000000007
296.128
228.25500000000002
286.287
329.42500000000007
297.749
371.4180000000002
307.39300000000014
330.2360000000001
455.5000000000003
493.6320000000003
221.29999999999995
380.4770000000001
454.5260000000003
489.53100000000023
308.4030000000001
354.38700000000006
216.26899999999998
526.4530000000002
419.53200000000027
312.344
460.3680000000002
390.48600000000016
403.5480000000003
416.5250000000002
456.0080000000003
410.4780000000003
267.28799999999995
460.6250000000002
285.72700000000003
378.8059999999999
327.4090000000001
358.4630000000001
406.5580000000002
266.3910000000001
381.4320000000001
409.4170000000002
353.4440000000002
247.25
426.44800000000015
425.87200000000007
281.155
362.8860000000002
323.35200000000003
236.27799999999996
427.57000000000016
294.4380000000001
374.4290000000001
271.276
318.417
515.0340000000002
409.5110000000002
368.4840000000001
318.33600000000007
387.41700000000014
431.6210000000004
435.2990000000001
333.77100000000013
247.29399999999998
348.358
379.40299999999996
369.4870000000001
260.3809999999999
411.7670000000001
471.5570000000002
430.53600000000006
289.122
271.4039999999999
326.7800000000001
266.261
394.46000000000026
384.8480000000001
367.40500000000014
413.4400000000002
298.3419999999999
391.92400000000015
294.236
523.5290000000002
360.37700000000007
415.51500000000027
384.52400000000034
295.338
384.48300000000006
233.31099999999995
432.52400000000034
512.5520000000002
462.4320000000002
430.4820000000003
356.834
324.38000000000005
421.8840000000001
278.37699999999995
352.478
386.43300000000005
333.3910000000001
391.49700000000007
203.28199999999993
483.38400000000024
417.9180000000001
304.321
314.21999999999997
482.6280000000003
476.89800000000014
337.22800000000024
294.35400000000004
504.05200000000025
529.5660000000001
345.39500000000004
348.3190000000001
431.5140000000002
362.81300000000016
399.27700000000016
342.826
377.22400000000005
442.52400000000017
403.61400000000026
356.3260000000001
349.184
320.8050000000001
311.37800000000004
421.4940000000002
329.581
184.279
381.4320000000002
281.355
472.56700000000023
246.31
382.46000000000015
462.5240000000002
487.55300000000034
384.48000000000013
369.42100000000016
394.3800000000001
296.798
368.39200000000005
587.6590000000001
301.39300000000003
440.9790000000002
378.5160000000003
344.4070000000001
322.41100000000006
271.3639999999999
398.4840000000001
484.56300000000033
406.8760000000001
487.6470000000003
268.14300000000003
191.27799999999993
281.82700000000006
428.8940000000002
321.38000000000005
364.4050000000001
407.38800000000015
387.5930000000002
460.6000000000004
301.411
375.4530000000001
304.393
289.375
408.4320000000002
317.388
330.3840000000002
337.18100000000004
342.31500000000017
334.40400000000005
267.672
242.303
247.29099999999997
376.47800000000007
347.70500000000004
253.77299999999997
421.4780000000001
295.3450000000001
419.5060000000002
395.4840000000001
214.224
319.38199999999995
330.34400000000016
255.252
246.265
555.0600000000002
323.7610000000001
303.43100000000004
174.20700000000002
520.0290000000003
450.56000000000023
367.367
282.43800000000005
310.74
496.5490000000002
390.8920000000002
314.36600000000004
343.4080000000001
448.5040000000002
459.65900000000016
414.48700000000014
369.39600000000013
346.86200000000014
383.78700000000015
473.9860000000002
285.30300000000005
379.46000000000015
246.33499999999995
270.29599999999994
369.49000000000024
279.72700000000003
430.5300000000002
431.5100000000001
347.37100000000004
238.29
411.5090000000001
383.37900000000013
219.19600000000003
434.5180000000002
278.31100000000004
369.85600000000005
214.29300000000003
382.4820000000002
323.39500000000004
392.48000000000013
400.4340000000001
475.4760000000003
298.557
381.84100000000024
339.442
350.46300000000025
195.218
428.4700000000002
419.50300000000004
523.6120000000003
391.4450000000002
373.2060000000001
424.48200000000026
416.4770000000001
440.49600000000027
408.57100000000037
407.9230000000001
499.04000000000025
339.4390000000001
378.18200000000013
307.353
258.32500000000005
264.74100000000004
325.41200000000003
356.76500000000004
378.36200000000014
454.54800000000034
425.58300000000025
309.82200000000006
393.4870000000001
400.8180000000001
380.4920000000003
316.27900000000005
460.51500000000016
471.0250000000002
347.4400000000002
488.5250000000002
396.403
405.4720000000001
428.96300000000014
336.4460000000001
352.47800000000007
325.773
417.46200000000016
376.434
311.38100000000003
373.43200000000013
304.37100000000004
418.4320000000001
388.4010000000001
488.65400000000045
295.382
418.90900000000016
427.5450000000002
319.34600000000006
329.45000000000005
265.316
349.4750000000001
345.39900000000006
409.57700000000017
420.60400000000027
369.218
319.34200000000004
450.49100000000016
353.33800000000014
324.40900000000005
273.38300000000004
371.5310000000002
403.4600000000001
468.5530000000002
428.28600000000006
379.4610000000001
371.16200000000003
351.41300000000007
340.836
332.42500000000007
403.52300000000025
317.41799999999995
358.7850000000001
370.4270000000002
494.5800000000002
392.4840000000001
426.66500000000025
276.29200000000003
266.127
464.5840000000003
379.57400000000007
489.9810000000004
416.4810000000002
262.33399999999995
441.48700000000014
394.5440000000002
453.3110000000001
286.291
358.7890000000002
320.39200000000005
510.4170000000003
364.82200000000006
415.55900000000014
399.47200000000015
283.283
498.5830000000003
330.306
451.50100000000015
364.4450000000001
406.8910000000002
335.7910000000002
365.3930000000001
273.2629999999999
322.38600000000014
401.8970000000003
284.31500000000005
383.5170000000001
296.33000000000004
427.50400000000013
572.7280000000005
370.47400000000016
230.242
492.4880000000002
372.49
542.4810000000001
336.46100000000007
385.48900000000026
273.28799999999995
461.5840000000001
484.5340000000002
338.4070000000001
209.17599999999996
396.49400000000026
456.31400000000025
284.384
449.5290000000004
381.4790000000001
569.1260000000002
423.4910000000001
393.4910000000001
392.79900000000015
341.43
375.475
226.30099999999996
308.41
436.51100000000014
298.3860000000001
337.3450000000001
369.44600000000014
438.45900000000023
253.21399999999994
444.5200000000002
381.39500000000004
441.5320000000003
315.657
205.217
354.4060000000002
391.4710000000002
403.3910000000001
301.37100000000004
346.50200000000007
224.30399999999997
412.5110000000003
427.3800000000001
342.75400000000013
490.6480000000003
429.54900000000015
459.5270000000002
325.34700000000004
524.6400000000003
369.4610000000002
295.291
370.40900000000005
470.5700000000004
400.34700000000015
324.384
300.35800000000006
344.43600000000004
249.09300000000002
328.44500000000016
350.34600000000006
390.4170000000001
316.284
379.46000000000015
343.35800000000006
414.89300000000014
337.81000000000006
389.33800000000014
352.3900000000001
294.788
334.354
297.3539999999999
460.53700000000026
408.4580000000003
461.5250000000002
365.43300000000005
453.9700000000001
237.32800000000003
474.5610000000003
430.50100000000026
472.51700000000034
459.3800000000001
402.4760000000001
368.3410000000001
343.766
439.4630000000001
320.37
310.4410000000001
420.9620000000002
366.42100000000005
420.51300000000015
292.284
362.45400000000006
435.4450000000003
466.4600000000002
408.545
278.69500000000005
461.6090000000002
372.29200000000003
488.97100000000034
309.325
406.3940000000001
404.5360000000001
309.749
499.68000000000035
314.40700000000004
353.4250000000001
422.46000000000015
379.45300000000015
410.5360000000003
453.5030000000002
429.4980000000001
397.4310000000001
318.4020000000001
221.26000000000002
394.58100000000024
397.47500000000025
386.398
359.3850000000001
280.331
439.53700000000015
474.5650000000002
377.4650000000001
190.15799999999993
441.5050000000002
354.3810000000001
431.5610000000004
493.41600000000045
429.52100000000024
338.41100000000006
330.84
332.4110000000001
327.36600000000004
280.125
460.60000000000036
488.99700000000024
461.5090000000001
288.34700000000004
291.2710000000001
343.33500000000004
419.355
353.4440000000002
261.325
385.4680000000001
403.90600000000006
357.88500000000016
375.83700000000005
331.43700000000007
262.74
389.24900000000014
386.42900000000014
293.37
507.87400000000014
419.4880000000001
255.42699999999996
328.42199999999997
445.36100000000016
249.269
298.258
433.45700000000016
299.265
262.353
379.2350000000002
504.63200000000035
478.5010000000002
279.347
453.4510000000003
416.6110000000001
286.419
393.39500000000004
499.64000000000027
248.71300000000002
249.31300000000002
493.43100000000044
387.50500000000005
536.0750000000003
393.50900000000024
299.355
431.49200000000025
336.4420000000001
385.47100000000023
425.5250000000003
491.65700000000027
414.2880000000001
293.77900000000005
476.9390000000003
356.4910000000001
275.735
376.909
458.51400000000024
484.5120000000002
298.342
443.5510000000002
327.40900000000005
354.765
387.21100000000007
364.46700000000016
446.55400000000014
357.45000000000016
339.3510000000001
415.5110000000001
274.36700000000013
353.33800000000014
314.7320000000001
369.67599999999993
277.4079999999999
441.5970000000002
385.4670000000001
410.5870000000002
387.5050000000001
287.35600000000005
441.55300000000017
310.3970000000001
342.3550000000001
358.81000000000006
305.33400000000006
405.4980000000002
317.3450000000001
471.6230000000002
221.281
319.382
364.32300000000004
441.35500000000013
578.757
352.3710000000001
429.5420000000002
392.362
276.31700000000006
292.40400000000005
406.414
359.99400000000014
374.50600000000014
415.54000000000025