0.2647937897030392
0.58531782498283
0.865742301850927
0.556117163282876
0.6449712323825023
0.8549919938938881
0.6166553760599242
0.867874009436273
0.6002886705726136
0.7884325863190448
0.5227160140595294
0.8114775860080953
0.8112398380813068
0.7554145345414593
0.5828862879114561
0.64186246139948
0.3329271655249526
0.45763352527309176
0.3149184928025535
0.7489919255051045
0.5222425480835996
0.5613201187157839
0.46205178538299563
0.3413948102558749
0.6137955976345922
0.35396801421624025
0.6354976509971694
0.6770641780112154
0.7795302791423276
0.7182101034460122
0.5338519676349909
0.5805758437188907
0.8559002079668752
0.4186646772174995
0.5600198396145996
0.39398271618649816
0.8896481691798481
0.7758577976741525
0.5698038818063799
0.8620966717445122
0.5467849836661228
0.6261486163121744
0.7878842529403721
0.5520773843846842
0.7369742243838909
0.7247143089220124
0.5585679572328458
0.26828859828163626
0.5220604393037436
0.2623665440287956
0.24773021431561487
0.6076659061541818
0.9403952780824382
0.805836287103284
0.4007532393955832
0.5575969937991143
0.6802055747658251
0.7422926400482184
0.557539958128441
0.77711897047781
0.5136820842113843
0.7115865552352016
0.5713683244026186
0.5989244809584459
0.7794563414469569
0.61888156253466
0.43018804493134916
0.6751669672490472
0.6960813491709202
0.8470374927083663
0.3915433507875466
0.764154820498006
0.3208430392355877
0.20540086647909278
0.24817470867021926
0.6300559288625872
0.5919873125647332
0.4086198357497428
0.7866527928536572
0.8118223660681898
0.7854770047617616
0.24943950903300138
0.3414457430162464
0.8346375616671539
0.7922868734306582
0.6869472056266894
0.3975999570073221
0.8303536525493076
0.4307049496026854
0.6119115253045945
0.4953986576471528
0.6283289747189594
0.637927526766392
0.8809194683054424
0.6034326598178584
0.518426799101229
0.4585678300794003
0.7504226014142228
0.6696662008653292
0.40204732929855685
0.4682504972622406
0.5992374613222331
0.35565050667230136
0.3267052057757619
0.42348026150190116
0.5436077262996561
0.4714677156924662
0.6711827828036084
0.5690326483429832
0.7274963025983142
0.40421476140679485
0.3770363554096767
0.6694308001229599
0.27386665376245617
0.5920299098663246
0.5602054933175548
0.6001949747849968
0.797288739168614
0.6349113219728931
0.47551563639713956
0.7440574949186217
0.5221518835306526
0.6370398124870525
0.7937324749300751
0.7501285465033828
0.732272479981587
0.5856706059642001
0.6982614441836463
0.5378530569443218
0.549993020782712
0.4060146866789571
0.7343439801809024
0.491199989403323
0.7280910387810098
0.5725796138955811
0.5367671874943427
0.6947636489520227
0.5058160443752333
0.6776393141838636
0.5256752486917701
0.671271626812005
0.8834944556325288
0.07244470226846667
0.5964697915647652
0.3424396785317352
0.8106605911464152
0.6357855490893913
0.7856172860217059
0.497142722658951
0.4564219625172369
0.6800653313189516
0.4489418190718235
0.4183071759478907
0.3419845431681905
0.4526257768215111
0.3277817611260294
0.4980825113400542
0.8552924875516913
0.8778653354029373
0.5775674488732561
0.8289885408352005
0.44620511550613595
0.8681303770635225
0.3923735876413403
0.5348256889961437
0.4425000455542449
0.5641287580307729
0.8780675650868395
0.5695210850936855
0.42538072912982355
0.4342984039634077
0.5279445764396128
0.9023204615440304
0.6449837610922543
0.7416178545554638
0.3768851024967102
0.8076527806213853
0.3511067136089641
0.6362777625192619
0.5489425385227071
0.8673505771792951
0.7845335140503785
0.7730039922304252
0.8625223347539186
0.35170917295194437
0.8935155173851244
0.5748219530930371
0.749306238002479
0.3429772218062638
0.48320793024872805
0.6889359617598444
0.4143213230254315
0.569951721241235
0.6474563829707077
0.6396212189821618
0.6106731665696008
0.6408074663640296
0.7388746794320645
0.6004590566546697
0.41917570745395205
0.6256488090448291
0.6926005187321576
0.3164512978289128
0.382450805767215
0.25620876826651323
0.19948229758200406
0.6497312705742259
0.36597414410544654
0.7108760207980832
0.7564080960692624
0.7712790622506426
0.883451606797585
0.463178634665094
0.6301168012121199
0.6854894766720611
0.6984407898338197
0.9430505912056047
0.663137341113309
0.8725119828034448
0.45772848787154585
0.710785671438607
0.7336337652690668
0.3519803919674152
0.6327786444144237
0.9081113452893016
0.4603569097221433
0.4527691109922096
0.5128836542048972
0.5365275983480147
0.6284278122887194
0.5937591094528922
0.5800054659960514
0.6788373214452483
0.2412231816293743
0.5555804851359805
0.7886832828465743
0.7679951379391391
0.48154893497959744
0.8145732649069003
0.2721868433937473
0.5034570295001372
0.4970330983721205
0.7674190142036018
0.8325580068886463
0.6377592312309655
0.7533210945608328
0.7621882370596099
0.6961447567115269
0.5707693126637736
0.4222388005692922
0.37627816348028376
0.7671664157560603
0.863298735294631
0.3686450708849832
0.4911817438940201
0.3220622102119415
0.41664945195715525
0.5428987356281642
0.8462325788520885
0.41390014061385594
0.7682457274422445
0.7877291572144703
0.4909661553587998
0.5245693236728177
0.8037458501250553
0.8767840859051043
0.913511169234812
0.9225647309015699
0.8232637572653072
0.8540165158958015
0.3703629879655617
0.728705624985245
0.6844852609668458
0.6618433091243371
0.9175696340195105
0.6300843991666377
0.5367531054731914
0.38858094172500407
0.6289636435091615
0.6318728142270728
0.5526970906140355
0.740788787346405
0.49493145826673657
0.5843182306113188
0.8038414608737734
0.6996925174798627
0.8094249516211777
0.4976184118400373
0.5786374933716993
0.3316141495978537
0.678705502101408
0.4598603653304629
0.612688620645498
0.6373788748963823
0.7544313927636356
0.6311942416181573
0.8119072742589174
0.8033654317439293
0.44794983226894586
0.4508871982080099
0.7301356274594275
0.8570839671792363
0.5079761157957737
0.8290613729423022
0.4265246369223206
0.7505145029661008
0.8502320523296214
0.7228959645848219
0.77893853995941
0.4308951147639738
0.8550787977379006
0.6189773054639092
0.8230989629302755
0.8760637204493079
0.8147739570482279
0.3123469256151163
0.47126912382290953
0.793468238217917
0.9038257757259707
0.5034725078216078
0.5419860668778284
0.5201075556837716
0.7560576873271472
0.6174073953304621
0.5969110395838596
0.2696423006262284
0.5646940495708879
0.5931674849170051
0.6728652763033619
0.4076954282808597
0.7915614742805055
0.6841017941200344
0.6062571302344952
0.7524003129350884
0.47958883513251127
0.8746033316314505
0.5025471897478768
0.5898356072377875
0.8847988365685227
0.32960620292586107
0.43019484906415
0.7345736970897525
0.7549846218212307
0.642345764671039
0.3920768938766192
0.5406155862454429
0.5747029954785092
0.5125069246930146
0.47744916971777607
0.708836568740273
0.8165929549797855
0.755057939827523
0.851559288442874
0.7489499028002
0.6575780588628305
0.8017480885208933
0.7789677916108914
0.4282039363918792
0.306909102228468
0.7143280503673184
0.5445366152654918
0.7409120780465375
0.5447901722814553
0.5103102978758337
0.7937129341998083
0.8353521777940661
0.4806180111216736
0.8415681505162423
0.21044719288940764
0.5626667589964415
0.6336389846968928
0.6655392852557688
0.8607964423084653
0.8529188194365471
0.8616616615748218
0.8552734118021453
0.748031396510889
0.6429023314362169
0.7803483184870549
0.8327722441079994
0.5564438575795038
0.5197225778890274
0.6239665671572686
0.8182577051604125
0.39255911852049474
0.7019712501448807
0.8785017237434809
0.5976047923456534
0.6188827026287264
0.7150761107556316
0.746552921411541
0.6601766939899837
0.34235824226100914
0.5881199727504901
0.28849340590829814
0.6207496687281651
0.3975751817190689
0.7347757797025494
0.6283951651924748
0.8989598663402917
0.8830738767563413
0.7739891611747385
0.40847890433442735
0.8011759187884663
0.6294120607314114
0.8488637496113567
0.6199186202241976
0.5478737816927314
0.8869600266077834
0.6169380890065926
0.3648717674615345
0.7592321179468752
0.26687714799358475
0.6953012003128456
0.4285708874685175
0.6701959500666645
0.42756181298801643
0.578800273280553
0.48032518024520365
0.827281434763368
0.49994649564241334
0.7321432953908792
0.8856045386560045
0.4733162399620012
0.6405028557520063
0.4094625409956634
0.4162298799890993
0.8487596413034361
0.775941961425864
0.37370515771200824
0.43817754477979504
0.5327765578002278
0.6803310592539182
0.8262398611183404
0.7221365378004903
0.514640517275103
0.7472371072680611
0.46822413675698965
0.5961305213186073
0.6565118782296373
0.6607825778116468
0.7420840713399162
0.6146109248810542
0.4730391693307041
0.6168122923204802
0.7657389274099434
0.5927188622821843
0.8318081717350191
0.31050694757785796
0.7314833443151798
0.34277021332135665
0.49768652189462037
0.5742713992208582
0.6595610988372412
0.8314700917621878
0.8265223581934413
0.3958594643600375
0.544707955190163
0.5290167883993708
0.762413217489052
0.7727635839250774
0.728976128778866
0.793537748552615
0.6771898382466368
0.926699864805354
0.7963139207854205
0.60876198215047
0.658486572517794
0.44097059650548553
0.7964124043379842
0.814141931994315
0.8360414555388346
0.6103499063452558
0.36246154204032255
0.4703000974609311
0.7428984050798171
0.5106030214111796
0.33019270932368733
0.6429685380706389
0.20519998662111272
0.6365098404890521
0.7897088571142296
0.549517667096889
0.6447503587916065
0.9360801834770559
0.7437265056596661
0.5856858085358757
0.7752945251138614
0.6453579630175602
0.4359774969629239
0.47814201947755214
0.7030757834983192
0.6828376755047693
0.6627938086424834
0.8078025349722578
0.6054546446709341
0.6959102144874288
0.8498048431498517
0.312568946415586
0.4578242282000457
0.8471249393200184
0.5292421756219587
0.7382924017880018
0.524894064488039
0.674505896513545
0.2277204183716925
0.7792359553813646
0.6519706371088673
0.6388672265694705
0.8021071675927003
0.7084743868981153
0.8282646469146292
0.9410616441683802
0.6372353595265545
0.8459244379068286
0.7564227051528539
0.5995195191676894
0.6261514241678794
0.8698885532413319
0.6488474530738172
0.7977655250720695
0.8728299933269142
0.5078343682961531
0.4764750136094193
0.5053932663567111
0.7327581744452393
0.8426640380066428
0.8093742679054027
0.7104754315510301
0.7016249760529892
0.3907666428662699
0.9289343644412217
0.7507946532738972
0.8404803033416779
0.6853305381678216
0.42706437405079944
0.7319955197166201
0.7166174016153732
0.4606294194518505
0.347565800778893
0.7442132018517098
0.519757808838153
0.7646814934000409
0.6737245895093945
0.7541848175641183
0.6671205395855756
0.4635131506576132
0.5655750052448317
0.425363195836664
0.6599099362473414
0.7311001934257993
0.4072614775928114
0.8618031640819815
0.44298447658624523
0.7977667238154926
0.44658990123278425
0.5824774727062776
0.7259967059615127
0.9408591343906964
0.8306422912168959
0.8910162351183026
0.3491378455555644
0.680590399800381
0.4133800683783188
0.7769856678202259
0.2847929191796995
0.7171008179020384
0.6402499513054004
0.6451730788969048
0.7779594157795916
0.8770840654205277
0.5554259134229469
0.2811026493076868
0.6381771834118908
0.5092113750756802
0.7005074074812038
0.5443981941769565
0.7431344317626088
0.4876505077178088
0.8727051143954189
0.7867834739922716
0.45471776151380144
0.6654971463073568
0.8730489198017867
0.8030588406214749
0.5247652607147612
0.4576094471926476
0.46002437787052525
0.34995098322652674
0.7129940379967444
0.6972035194301812
0.7748287282286849
0.6998014101930996
0.8178208071122842
0.6459189546686439
0.5363742138329063
0.40081911727949737
0.9048039431168994
0.413188351843727
0.5450912051467394
0.5569335498686807
0.6764961750187574
0.5947970690984645
0.876290159925373
0.8101804864908092
0.5172266639405629
0.8305076947934645
0.44481256456622675
0.4088422428691155
0.8572257312806049
0.9037355683051665
0.6831831695407413
0.5147825394081611
0.8279956580674256
0.5218885965668516
0.34829683593804206
0.36890075207615347
0.7349069798353224
0.673223166227959
0.4961903458848931
0.46808147004435857
0.5638939500941447
0.6740460982611002
0.7570417250902566
0.35157647771799405
0.6338776906467143
0.9445770327175567
0.6634149044684582
0.6356598600385062
0.5361849150511536
0.6381142194073522
0.6951688048227543
0.4268570007921778
0.6703130588654755
0.7749537308337199
0.7924506868320695
0.5046437005750931
0.5613847983162985
0.9108704241380943
0.33078145371966494
0.7435982470013897
0.8009690824518642
0.43528404757495354
0.29848923858526505
0.43056107563144835
0.934268668092581
0.5299284786147868
0.5260125471660377
0.3175019209852688
0.6591506805598035
0.4386059205278251
0.3782241881582926
0.4833892184339352
0.6762484817070927
0.683974351578489
0.8849539369518612
0.8175489495826685
0.795457380951637
0.47434587611789125
0.7928198930535318
0.8523238282696383
0.7373171785952448
0.7772729613050522
0.48287983412503027
0.21054491586751387
0.9285927819180605
0.8461825973388353
0.7083135942209305
0.2786338692186246
0.7774394164979486
0.5478407129473196
0.6037749085160021
0.5381464996725434
0.6205428211101714
0.7269767770133831
0.6490468029949832
0.8489749996699643
0.7830257105808365
0.7392237124698111
0.6816233212443634
0.6960627418429179
0.913769679154207
0.8246280198052893
0.5593780896409244
0.9313214537243243
0.49343133888448976
0.8164937363360536
0.6889330136857225
0.4281540030103266
0.6781184861495002
0.689919844368721
0.624855140950242
0.39893662870632485
0.8199275881732042
0.4728932351688624
0.5695182209693023
0.7384374489740686
0.6572560414623531
0.5069858966011671
0.630319575545757
0.8688674439036922
0.8504899265373898
0.7721211453406965
0.26416403225910656
0.8121660816150541
0.347201754138177
0.5630682213370721
0.46285331047608774
0.5311828931393752
0.8029092974084312
0.5322491659631728
0.7553369494030575
0.9354714813400429
0.6900037817462379
0.6350273335044233
0.9417888294880774
0.8000697382985866
0.6988702099646622
0.5833223899188349
0.8656314858699129
0.5511927630959497
0.5166886484832743
0.8285252224042976
0.5000917694337432
0.6680320363667868
0.22109263103574803
0.8342662046382779
0.728008848638167
0.6257141565057087
0.6205428211101714
0.32322897715339927
0.9461611870494102
0.5920512193671529
0.6709463598376768
0.6763265258840828
0.6531120962155946
0.7140508570815327
0.6163520288515083
0.7292654943804665
0.31378516771258663
0.8342420914697538
0.7994848862316356
0.7508700750787617
0.9169789872959816
0.3018650993477451
0.795383718124244
0.4528193701248563
0.6413943842163412
0.43892477244142586
0.5950519363179312
0.6671937163433359
0.7410419924746152
0.7408591015292334
0.6965881883481106
0.774477703323481
0.6514551844144649
0.7140310376921767
0.6124966591923381
0.3396146987883468
0.39118374669591127
0.7059695881012988
0.3311524924755149
0.570963801522565
0.5965963807352039
0.6264803660736187
0.5503647016842892
0.6502776333454946
0.6417640423800939
0.9287499554929614
0.8301141927440809
0.4996613129014843
0.7594652922368625
0.6178343082560345
0.8787184339054166
0.7598313172505776
0.3260797241183288
0.48812791587072196
0.27839569619485366
0.7534979468620829
0.8490723323484062
0.6636742328301543
0.7132281577557915
0.5459262817364402
0.3923624396837973
0.7779087140991707
0.8615737747955426
0.4055297279603563
0.7290147488414052
0.25249233687581557
0.46309529195537336
0.4323040384119696
0.8383211956059511
0.7744184883554278
0.54393429477649
0.7941265406550856
0.6363263231848848
0.2077479738469674
0.6590742414687022
0.49597986980855435
0.6976468747075556
0.7570823120653587
0.6525854360500527
0.862500907694664
0.8947485938730221
0.6726273049508815
0.6261766305544809
0.7949301809978675
0.668181986478502
0.6280302332023174
0.5109451716085489
0.699675421501355
0.8695088605278751
0.5387542164046919
0.3746804916952757
0.8576811785283468
0.7592414802707133
0.6549464320899564
0.5443689776138254
0.7645431101840457
0.4062749724804411
0.4773464535936098
0.8135332662215382
0.582081053066757
0.4838846546367075
0.7695919272281512
0.407929041230863
0.6402798609846105
0.5919854607718124
0.667211335319545
0.9083037160903141
0.8372103111798318
0.714082159588336
0.8934210645686916
0.32901689638354636
0.6280406224634552
0.9279541134418718
0.35356312005286245
0.8765819729132053
0.7991262469308904
0.3742277335575568
0.5484921374840874
0.8073796183924309
0.6928287355146211
0.4365226984509287
0.8798965604406866
0.3670036394146502
0.3146937299452785
0.6968307597576052
0.628597115163627
0.7586490607546977
0.5634062294707223
0.8468002653078395
0.6636919699637704
0.7295179689835618
0.37991407925257575
0.36742641702966605
0.5986341036485486
0.8164408668060199
0.6726705661309494
0.5978656566567611
0.6943550496829906
0.8155577088173207
0.7039423749667055
0.769169798661841
0.7567854320126337
0.7416302111160924
0.6550823022005036
0.5811323509084982
0.7174176999253054
0.8830632164803688
0.7454836830991015
0.7002507648754601
0.8072214226668725
0.7335316438397513
0.5516303241970787
0.5709255966088067
0.6584023874688898
0.6862055894588336
0.8782809827362498
0.5632703498888953
0.7647262346838991
0.7449255414927168
0.48016467523050205
0.8697030974350805
0.633085872634532
0.6513926928026862
0.7362916882322003
0.7970895568391033
0.6272544972304785
0.5759963652059824
0.34518540274660947
0.2384732022569968
0.3978517157351723
0.6658069476430635
0.7394133506849789
0.22717383951379247
0.3782155547916939
0.6437340449744378
0.5034576691751486
0.5648777022045641
0.43004305460581843
0.7125094784548811
0.7842206819191818
0.706334349742878
0.4710143932681489
0.18504488618588252
0.383397500439642
0.6975610471237838
0.8451721145001092
0.48809861922160863
0.3987805181336457
0.4416630097216057
0.6168438492989006
0.7149153130443191
0.7718107093885127
0.5240707441322637
0.8722982727294799
0.5347593891782505
0.6756964217867468
0.7051654707566789
0.6895755688661468
0.5282658698343174
0.6801283850715595
0.7090612498766276
0.7351141018044379
0.7960062471773222
0.6988403001323603
0.679757256257671
0.7828876108263889
0.46979806403279206
0.6291884522180067
0.357931100791934
0.44396911818204426
0.6696749411019353
0.8746454140838325
0.8730509528412305
0.43125801172436745
0.663716312151751
0.6376489995585566
0.6553851457621308
0.4981659574899344
0.7265248688874291
0.7304717372892651
0.48883545045089616
0.3540455973450286
0.35463247242613494
0.6070148678589499
0.7973751930021982
0.4043668413466839
0.9083895279967465
0.4914668978442893
0.5392099275311919
0.7134734300527442
0.7953861050545422
0.8886456200788461
0.8578945402484472
0.3166864065573844
0.6406693521550603
0.3551664489235013
0.8762691839042522
0.5679629820517861
0.6373970621533777
0.5002601047593744
0.8661528465249191
0.2765983704501732
0.5515529814944504
0.8081471441312856
0.1606217447265667
0.729359800176914
0.6442839119414574
0.5967443660772054
0.6355153001604747
0.9145770720391566
0.9041153667317569
0.5780356277698339
0.7801187089176252
0.8503860541540836
0.6747112169996083
0.6534427353026359
0.45400005051916026
0.59038158708685
0.5771352053389348
0.8540658873640019
0.38019802065356934
0.6398550561014078
0.6271258032900532
0.5064311534751231
0.7958869632091771
0.7421935985654423
0.7713509701379265
0.5669055538799829
0.3615413777945152
0.6774773380289445
0.5094491114339194
0.499478415675242
0.3642115026560876
0.7539924830740146
0.8203206027341308
0.7225308239252437
0.5575332749034271
0.4337161245448149
0.6573367130901323
0.6967130401381013
0.5853284349324692
0.7072202239524151
0.7567123495984657
0.6239017314511258
0.7204393315334048
0.8543049579230803
0.7574077916085111
0.8949073740132589
0.34347281582875067
0.37505919623366957
0.30646499782776443
0.6849098753912921
0.6630780646221464
0.5743201640590796
0.5067499108225498
0.5737009046233132
0.4812019025770948
0.9039710388203276
0.30413946742009573
0.5317767646151769
0.6253076826614351
0.7972022854394831
0.7030636138017183
0.8123324842821444
0.63126826876296
0.4616379930005436
0.7273522055472015
0.6833229301856765
0.7392981823754247
0.5763181599951596
0.8607411637586695
0.48966975341563707
0.7966721529163763
0.8258084162639093
0.8776515362811138
0.6497867065403305
0.4884862712075584
0.816702143830331
0.7801045544460593
0.6550145712887483
0.5956250913392676
0.6310192697530124
0.38666331640178214
0.4428325777807665
0.7575840255753502
0.8773873256559035
0.42404969213761873
0.8280716916340385
0.4380951902575036
0.6521640841165284
0.7529467971819248
0.6244502702572833
0.5218558116277864
0.39135034914001526
0.6171479486836836
0.7346718885575894
0.7507007437546261
0.4895068872984996
0.7985901729648855
0.43563666120830646
0.43807097125332867
0.26710669647346547
0.4256713541596611
0.5371186030046886
0.6041306317189897
0.8321700812644304
0.7400351294967337
0.5760199445431852
0.6996745187539434
0.5356758751269067
0.7514649466070948
0.8428178416842167
0.6000099018779852
0.6979749046350866
0.5949583559709264
0.3621976055612649
0.7069627014037954
0.7046342487453929
0.6297569400227793
0.3799590137392632
0.8918246021222783
0.6820486738682408
0.33539330579598636
0.6682471324867425
0.3626605912807289
0.8351531729596559
0.6842922050483814
0.35923214548930854
0.8228426081148357
0.6375173111868503
0.6330984416876833
0.4509727045823366
0.7343773128062522
0.571951708093357
0.7776504073184879
0.7938230430627856
0.6723985246044502
0.3624164777232363
0.4010687352738557
0.5363334820113635
0.6205224435640149
0.8662873684355303
0.8145307694678334
0.4569751652373734
0.48290420915683274
0.6173759480117406
0.6400771630604889
0.519424689719602
0.6986567843116704
0.692705052154075
0.6945319451977057
0.505685550641413
0.5733642310916476
0.7669549530534245
0.7700975984504916
0.9378307901202475
0.5816936193229847
0.6946971565186049
0.20017824093328232
0.8171270388773977
0.7478825684697219
0.4787844515834161
0.5159975731748676
0.5030221299593365
0.442020785294766
0.47988254941068925
0.6607764258687878
0.2953824786196581
0.7728133214702143
0.3285676231487907
0.9120755690656795
0.8573908402712626
0.57498779725118
0.8234323412177159
0.4400702299903132
0.33377612006577984
0.6934430621949145
0.689809636180995
0.5786241676759203
0.7401994629114053
0.6915555229192345
0.640078977673774
0.6876822825460778
0.6120701811406186
0.8829833790971976
0.5178071234150542
0.7307954474403399
0.7869297438802502
0.312292180782861
0.7567905632495132
0.5547121412649272
0.493867763981689
0.6770345241469085
0.660748519668481
0.4075318285483774
0.7741417442196094
0.459613248941321
0.8010940567639558
0.7298093052719108
0.6614713478573035
0.625095194298554
0.828567470157196
0.5696987458625197
0.8003773890360635
0.6471110120264465
0.3934325556871689
0.505958977501342
0.6809254616699869
0.35955141375396693
0.7951481880753848
0.49519132682475886
0.5383111042498719
0.5989131928155434
0.6718840227739938
0.6646617726993241
0.5498047810503957
0.5661793531451715
0.8882025340050391
0.6851322848694313
0.5664612390239394
0.40822175769182195
0.7433962521203613
0.6499704484738161
0.76984146077085
0.6753909492088472
0.6443844986102413
0.8263201437822784
0.7334198507189876
0.6871434611860053
0.8910343502221724
0.7237675610588353
0.8644953251522429
0.8589600375850324
0.7964269177936462
0.6504657729845228
0.7954668311715847
0.5974694312103812
0.27973332188484706
0.7171067577272733
0.5684441817272105
0.670667539972462
0.7672088289497262
0.4795127659747949
0.628221250638149
0.7090989437024061
0.8451131536510738
0.784611671356941
0.3392771488657733
0.34948823067432955
0.6787482234658793
0.47968890292027144
0.4735884661725636
0.8528237921657569
0.46654286730854394
0.5694091013159337
0.8153658863482194
0.6499291114711742
0.5251545041565857
0.8540895025114124
0.31979690077436324
0.825500495078111
0.9133248061737395
0.4763720463463286
0.794972596686413
0.6854398541056992
0.3537921014218548
0.43757232006175667
0.5340718417166372
0.6958241111313067
0.44263362553137714
0.7990810702576313
0.8799290150274022
0.839433534630179
0.16822846021441293
0.4978420822099831
0.9422208143263691
0.4694999009323329
0.7995395894134018
0.6650860933483443
0.8362576611412037
0.7715799659128233
0.42390276239611413
0.8502811756477492
0.7373041767807993
0.7957472551140194
0.6470721847374046
0.3642115026560876
0.7644109194582405
0.42014408096913824
0.710988469586376
0.6028502454408476
0.3694573013955635
0.565913643949069
0.605147574443103
0.48695903341926194
0.6378843293807448
0.7950771493947212
0.634003128740954
0.5751439459284268
0.6406035480111695
0.6734771809646329
0.9052532566432627
0.53362222694104
0.8393482202954562
0.8295473632669468
0.8181745185852936
0.7076510950594943
0.437897793140725
0.662668825411409
0.7650206918593773
0.7013511926715922
0.6881860600468722
0.9086292461761197
0.45959998900527993
0.6407654427460561
0.837936975087459
0.5975702431347908