70
25
37
34
55
31
38
28
40
41
49
27
45
34
46
43
61
44
50
31
49
32
57
54
49
65
45
39
41
52
42
27
47
47
49
49
27
50
60
32
56
38
46
45
40
40
50
50
57
57
45
45
41
23
55
39
46
27
61
35
49
41
37
57
43
42
48
45
41
35
41
30
44
69
52
43
32
44
33
25
33
62
55
36
48
47
51
28
44
55
62
54
43
40
56
45
44
33
39
50
34
34
53
47
50
45
35
48
46
45
43
58
55
59
53
26
47
26
30
33
44
45
41
42
33
47
47
41
29
51
54
46
42
48
46
45
33
43
52
43
32
43
48
62
54
45
47
40
52
43
47
44
43
55
38
49
46
32
41
53
31
51
41
29
39
39
46
36
36
51
46
44
28
43
36
55
37
49
28
48
36
39
48
27
49
27
38
42
28
45
45
48
43
45
58
48
48
40
54
46
47
45
60
61
48
49
34
31
43
35
35
39
53
46
43
46
38
30
35
51
45
47
49
48
34
53
57
52
51
32
33
26
53
61
44
32
45
55
45
35
48
32
35
42
40
38
35
36
47
65
56
43
42
57
44
61
44
54
34
60
46
47
55
39
30
24
43
34
23
27
60
49
49
49
41
47
44
50
51
29
47
53
42
46
35
37
38
56
65
48
58
35
43
29
50
42
35
44
42
19
47
34
37
37
54
45
38
43
34
50
32
51
47
35
30
34
32
39
36
58
57
60
22
41
33
63
61
53
43
62
30
44
22
24
56
27
54
35
41
55
48
39
46
34
51
58
37
25
44
30
37
35
40
39
45
48
45
68
36
37
53
47
49
34
22
37
59
31
73
53
43
25
43
43
33
39
39
35
46
42
51
51
31
35
62
49
30
32
48
28
26
40
47
29
57
46
62
47
48
34
34
40
62
41
49
40
43
33
28
42
47
37
66
28
51
34
39
49
46
35
41
28
44
45
42
49
57
46
51
42
35
37
58
34
32
40
39
42
43
40
54
41
46
39
33
44
45
25
33
48
62
43
46
59
36
30
43
39
50
41
45
44
48
35
26
33
52
27
42
26
28
34
43
46
43
34
55
59
38
53
46
36
22
48
37
50
57
57
44
50
52
37
36
43
36
36
40
32
66
57
41
51
47
58
41
58
48
42
46
44
24
40
37
49
32
38
39
25
37
43
46
33
42
54
65
43
33
44
47
38
61
45
44
43
43
44
26
36
55
58
36
43
23
44
20
51
44
51
58
50
43
50
44
61
39
56
56
27
40
32
45
50
51
48
32
44
43
48
63
39
40
44
55
46
44
42
43
30
56
40
40
46
32
38
35
64
44
44
41
46
35
34
45
44
53
42
54
24
59
37
34
45
53
40
36
43
32
53
50
44
38
39
46
30
43
32
59
35
56
70
41
55
43
52
47
49
33
51
56
52
31
31
48
52
22
39
41
41
40
64
42
31
50
65
54
31
27
46
63
58
61
44
60
34
43
32
40
25
22
23
43
36
31
47
66
34
40
31
66
46
44
47
57
55
30
48
44
22
34
33
28
35
39
60
32
61
40
40
44
39
44
39
68
41
35
42
43
50
54
49
34
30
27
49
24
67
65
38
54
25
45
35
26
26
37
39
33
43
37
29
54
56
23
42
56
69
38
42
24
55
42
37
45
46
45
53
56
47
32
55
33
42
36
42
38
28
45
52
36
31
55
50
35
41
36
31
50
32
40
38
33
61
46
42
40
48
53
45
36
29
41
49
45
27
53
57
54
36
32
34
37
47
42
53
49
34
39
36
70
42
46
44
35
44
29
52
55
47
47
38
34
51
29
42
47
40
46
21
52
43
32
34
58
60
32
36
60
65
45
47
48
40
41
36
41
54
47
41
43
33
41
48
27
17
45
32
59
30
42
55
58
47
40
54
36
54
74
34
48
43
47
37
34
49
55
51
59
26
22
28
51
43
46
51
41
60
32
42
31
29
51
35
39
40
48
39
39
27
28
42
40
23
55
30
51
48
25
32
46
26
28
65
36
36
22
58
47
46
30
31
62
48
36
39
59
46
51
48
37
47
57
31
46
31
32
44
28
54
55
38
24
47
47
25
54
35
44
25
46
39
44
53
58
30
44
39
41
25
54
52
64
42
39
57
50
55
46
46
56
40
44
44
28
27
35
45
53
58
48
28
45
46
40
42
52
53
36
54
59
48
44
34
40
36
52
45
36
41
33
51
46
60
35
48
46
44
34
32
40
39
50
45
37
34
58
54
39
29
43
49
60
49
44
37
41
33
40
49
34
41
43
67
47
52
34
26
59
43
59
51
31
50
39
49
34
42
39
57
43
52
49
33
61
37
56
44
47
37
41
30
40
43
32
45
33
49
68
46
24
64
45
51
37
45
38
53
58
40
26
43
49
32
50
42
67
50
45
44
42
44
24
35
50
43
41
51
56
44
50
51
61
36
28
41
47
51
33
32
27
50
49
38
60
56
56
37
68
44
36
43
53
62
35
37
40
22
37
48
46
37
47
41
52
38
40
38
29
42
35
59
49
63
46
53
22
58
49
56
48
50
44
43
52
37
35
42
49
49
33
40
52
59
47
36
57
34
58
36
50
50
31
66
36
44
51
45
47
54
50
47
38
24
46
50
47
41
34
54
55
45
25
48
42
53
58
50
39
38
38
33
30
57
61
56
28
31
39
42
40
31
43
43
40
42
35
30
38
44
35
59
50
30
36
44
30
50
59
37
32
36
65
62
32
55
45
34
48
65
29
30
57
48
64
49
31
56
36
46
53
58
44
30
59
40
30
41
54
63
36
54
40
41
42
47
52
48
39
55
35
52
34
35
28
50
46
49
43
31
54
36
49
40
46
55
37
55
25
35
46
54
67
45
54
45
39
32
48
35
41
45