126.99000000000001
30.21
46.09
38.92
114.47999999999999
46.17
68.02000000000001
49.33
57.01
93.89
71.26
65.97999999999999
107.72
32.34
57.230000000000004
88.91
63.4
91.49000000000001
67.46
61.36
81.43
33.730000000000004
84.5
90.27
99.0
133.82999999999998
111.49
77.74000000000001
63.68
96.81
79.46000000000001
50.95
84.3
98.76
59.81
78.87
55.12
84.94
104.37
52.81
101.03999999999999
69.15
48.41000000000001
96.97000000000001
85.61000000000001
76.14
98.81999999999998
98.83
70.08000000000001
80.48
55.5
49.17
62.550000000000004
54.02
123.9
71.62
93.38
85.84
67.25000000000001
51.22
86.92000000000002
84.67
52.96
113.4
87.74000000000001
73.58000000000001
61.08
66.84
87.82
54.34
83.68
41.99
29.33
180.88
127.63000000000001
62.620000000000005
69.62
81.35000000000001
64.24
55.37
44.1
115.95000000000002
63.25
55.4
84.94
85.38000000000001
73.86
20.310000000000002
67.49000000000001
75.27
108.13
69.72
112.14
52.65
111.24000000000001
79.12
86.28
21.259999999999998
87.24
68.31
55.730000000000004
123.62
97.67000000000002
104.97000000000001
60.68000000000001
94.56000000000002
69.67
75.27
67.79
83.08000000000001
86.94000000000001
103.35000000000001
100.36999999999999
75.99000000000001
90.50000000000001
50.08
78.84
32.34
95.5
49.620000000000005
93.57
82.14
56.92
77.10000000000001
64.35
71.11000000000001
62.11
59.0
64.19999999999999
49.85000000000001
65.74000000000001
76.82
46.64
76.66000000000001
107.96
62.300000000000004
29.1
124.57
71.33000000000001
76.11999999999999
63.83
97.18999999999998
64.99000000000001
83.55000000000001
55.650000000000006
80.76
75.93
71.53
71.5
68.50999999999999
71.53
72.37
82.33
119.30000000000001
29.96
74.08
67.79
46.17
61.440000000000005
106.5
12.47
123.04000000000002
78.87
94.03
84.6
56.74
32.34
38.33
86.11999999999999
67.6
59.92
89.80000000000001
54.02
73.22
66.65
110.00000000000001
64.43
168.97000000000003
42.32
114.95
46.61000000000001
92.26
78.42999999999999
39.94
72.24
62.22
69.17
59.39
87.99000000000001
94.17
81.31
110.60999999999999
66.91
72.68
103.39999999999999
76.46000000000001
79.37
110.87
67.87
121.03999999999999
119.23
52.650000000000006
37.38
95.38
110.80000000000001
90.63
100.27
38.96
106.62
24.39
67.00999999999999
52.54
113.33000000000001
79.58
91.93
70.58000000000001
52.65
21.700000000000003
58.64
63.57
49.85
63.68
91.16000000000001
86.81
66.48
134.3
119.38999999999999
116.72999999999999
144.66
47.370000000000005
63.68
64.52
69.72
108.97000000000001
71.42
74.85
90.28999999999999
65.54
61.88000000000001
87.22
55.510000000000005
66.48
33.120000000000005
49.85000000000001
107.11000000000001
64.01
51.22
71.42
99.13000000000001
95.47
79.95
80.75
75.71000000000001
159.94999999999996
81.42999999999999
118.92000000000002
84.71000000000001
131.10999999999999
90.41
77.53
75.71
92.77999999999999
114.90000000000002
57.650000000000006
58.900000000000006
51.22
49.410000000000004
51.22
52.89
41.99
77.73
84.5
67.79
88.53
35.580000000000005
99.03
114.18
96.59
82.60999999999999
46.010000000000005
75.66000000000001
58.64
67.66
72.19
71.09
72.52
46.61
82.11000000000001
112.81
194.65999999999997
103.17000000000002
70.59
83.21000000000001
24.06
69.72
65.38000000000001
63.39000000000001
76.66000000000001
93.79
29.54
75.92000000000002
77.25
35.010000000000005
63.13
84.86
65.79
61.96
84.5
29.54
57.38000000000001
53.49
90.54
114.62000000000002
81.17999999999999
16.380000000000003
117.42
35.53
85.26
92.16000000000001
136.82
69.72
95.58
33.29
107.99000000000001
55.96
96.76
82.61
102.01
75.27
68.70000000000002
48.67
75.27
32.34
61.31
105.83999999999999
54.88
107.88000000000002
55.760000000000005
54.71000000000001
127.64000000000001
107.19999999999999
99.76
71.06000000000002
120.32000000000001
77.07000000000001
101.49
55.21
103.78000000000002
78.27000000000001
58.620000000000005
36.69
53.33
36.690000000000005
62.66000000000001
50.27
85.61000000000001
46.61000000000001
91.71999999999998
110.52000000000001
72.48
139.48
55.57
56.75000000000001
83.97999999999999
45.150000000000006
60.85000000000001
95.58000000000001
80.9
147.51
76.30000000000001
53.99000000000001
54.35
49.85
82.86
38.33
51.91000000000001
72.28
53.33
54.040000000000006
61.440000000000005
76.02000000000001
90.7
74.41
87.99000000000001
139.89999999999998
99.77000000000001
34.03
35.53
94.17
62.06
50.7
65.7
126.73000000000002
50.17
52.33
105.57
106.15
77.10000000000001
92.81
85.95
56.790000000000006
55.730000000000004
105.4
82.11
71.75
84.67
67.43
33.370000000000005
29.1
92.26
65.74000000000001
60.69
129.36
37.38
49.85
30.19
80.89999999999999
81.51
132.14000000000001
84.71000000000001
61.190000000000005
54.46
53.010000000000005
107.77000000000001
88.0
91.49
39.34
75.71000000000001
69.72
57.010000000000005
85.83
60.67
114.04
70.67
57.42
99.41
81.42000000000002
69.88
78.9
101.64
100.04
26.3
58.64
105.36
25.78
72.19
95.98
53.6
73.39
86.78999999999999
123.91999999999999
84.27000000000001
128.07
80.23
44.370000000000005
86.69
53.75
82.45
75.71000000000001
24.940000000000005
66.74000000000001
54.69
74.66
68.06
42.24
66.48
97.83
37.28
139.23000000000002
52.82000000000001
77.49
92.7
55.4
36.440000000000005
66.76
61.82
100.88
39.92
88.24000000000001
79.12
81.91
64.86
26.02
109.75000000000001
49.410000000000004
106.94
84.16
97.30000000000001
87.94999999999999
73.57000000000001
80.32
54.88
54.88
71.53
70.71000000000001
100.74
71.09
73.98
66.92
92.28
79.9
116.31
63.91
90.04
83.68
106.82
80.32
59.230000000000004
88.62
71.78
18.84
57.690000000000005
67.35000000000001
60.92
69.97
45.980000000000004
78.51
35.91
66.48
70.00999999999999
106.77
78.87
82.73
118.29
116.84999999999997
49.410000000000004
41.57
60.85
78.51
54.02
132.05999999999997
72.7
66.15
59.08000000000001
85.97000000000001
104.38000000000001
37.3
69.89
92.93
63.68
41.99
40.620000000000005
62.300000000000004
87.76
48.39
93.21
98.54
81.5
104.37
82.97
116.15
100.35000000000001
83.55000000000001
138.85
55.73
123.27
75.88
26.3
66.48
67.49000000000001
75.43
82.14
70.58000000000001
72.19
55.13
107.82000000000002
67.87
51.22
75.02000000000001
76.15
56.790000000000006
46.260000000000005
76.47
72.39
55.45
71.19
97.07
23.47
116.06000000000002
50.160000000000004
62.660000000000004
77.77
67.93
56.260000000000005
59.81
90.35999999999999
48.13
146.53000000000003
60.92
79.79
48.0
55.11
117.52
97.56
97.83
79.11
108.38
41.99
90.29
78.63000000000001
48.010000000000005
80.75
103.78000000000002
72.48
29.54
37.27
23.550000000000004
74.13
77.1
75.71000000000001
67.43
82.29
61.650000000000006
58.2
61.77
140.82
76.24000000000001
91.93
105.24999999999999
92.16
87.25999999999999
97.13000000000001
48.300000000000004
94.91000000000003
45.67
101.74000000000001
47.56
70.59
88.18
131.99
68.54
38.67
31.35
95.58000000000001
24.06
23.550000000000004
88.74
66.89
49.410000000000004
135.51
49.410000000000004
20.310000000000002
52.57000000000001
149.86
106.56000000000002
51.22
25.78
65.38
101.55
74.76
91.72
82.81
87.38
21.700000000000003
50.160000000000004
58.64
84.5
21.59
46.010000000000005
55.04
38.33
49.09
59.81
60.660000000000004
97.23
61.77
78.25
62.45
154.61999999999998
32.78
90.51
84.5
87.78999999999999
100.04
119.28
83.92000000000002
54.18
43.07
61.940000000000005
56.24
30.96
35.580000000000005
86.71000000000001
102.19999999999999
76.88
104.54
49.410000000000004
45.480000000000004
107.77000000000001
125.19
83.98
68.00999999999999
104.03000000000002
76.02000000000001
29.1
112.86000000000001
85.91
78.94999999999999
94.09
88.08
38.769999999999996
29.1
55.980000000000004
107.47999999999999
20.23
128.08
76.67
81.81
92.78999999999999
63.08
77.46000000000001
69.03999999999999
72.7
56.22
126.64
52.650000000000006
67.93
93.36999999999999
29.540000000000003
42.24
126.46
105.66999999999999
38.33
85.59
102.45000000000002
145.04000000000002
57.690000000000005
88.52
43.08
100.04
99.00000000000001
52.900000000000006
67.79
77.73
69.72
50.60000000000001
86.79
89.52000000000001
61.040000000000006
74.57000000000001
75.63
49.410000000000004
75.11
66.48
69.9
33.2
82.45
77.69
73.34
63.68
87.63999999999999
99.5
33.120000000000005
30.03000000000001
77.25
43.6
79.37
68.28
82.52
77.63
58.64
66.48
73.22
88.33
72.95
89.79
70.67
89.27
56.790000000000006
59.31
74.45
64.63000000000001
104.37
24.5
78.51
55.32
95.16
71.63
20.310000000000002
59.08
126.33
105.72000000000001
72.95
101.25999999999999
71.53
68.28999999999999
30.19
52.31
109.77
107.84
88.69000000000001
64.68
54.620000000000005
41.8
46.17
67.67
182.56
62.72
85.07000000000002
58.2
56.510000000000005
80.32000000000001
34.59
49.410000000000004
114.19
60.050000000000004
90.21000000000001
58.56
76.15
77.25
41.13
37.190000000000005
47.10000000000001
140.52999999999997
68.29
54.120000000000005
86.78999999999999
104.60999999999999
65.07000000000001
165.53
104.81
64.80000000000001
58.2
17.3
93.73
80.75999999999999
27.63
102.44000000000001
72.24
66.38
60.77000000000001
87.74
54.27
26.3
79.12
38.33
109.65999999999998
49.410000000000004
67.87
122.41000000000001
84.25000000000001
72.96000000000001
74.61
129.77
58.2
63.449999999999996
160.26999999999998
37.28
75.42
32.78
69.67
89.25999999999999
39.07
69.15
124.07999999999998
98.02000000000001
78.0
22.0
32.5
21.259999999999998
94.16999999999999
52.980000000000004
87.31999999999998
81.78000000000002
44.7
85.95
38.33
63.99
34.15
29.1
103.39999999999999
38.33
88.41999999999999
48.910000000000004
128.98000000000002
56.74
84.6
38.92
69.39
84.5
67.49
12.47
89.76999999999998
73.34
92.08
76.12
52.08
64.63
92.72
50.42
30.21
118.66000000000001
80.12
53.49
53.6
81.71000000000001
69.68
33.120000000000005
99.74
48.03
145.63
71.33
64.36
80.4
112.22999999999999
38.56
125.2
76.24
48.470000000000006
88.74
96.66
94.81
84.22
53.75
77.23
59.91
70.14
102.31000000000002
106.60999999999999
81.16
45.15
63.050000000000004
96.44000000000001
79.65
113.62
55.24
64.74000000000001
36.68
84.94
29.96
51.129999999999995
92.33
91.56
78.1
88.6
89.02000000000001
82.08000000000001
83.55
114.20000000000002
71.74
154.30999999999997
75.25000000000001
75.32
97.6
142.03
86.66000000000001
58.120000000000005
79.37
75.74000000000001
44.81
93.83
53.459999999999994
84.06
43.07
53.6
75.71000000000001
132.68
96.69
67.08000000000001
50.95
63.57000000000001
89.80000000000001
79.11
66.04
102.41
93.19999999999999
77.25
122.88000000000002
146.57
98.76999999999998
84.5
82.0
35.940000000000005
83.47
113.26
95.94000000000001
40.05
79.26
63.5
108.7
125.82
91.72
29.54
52.18
74.27
92.47
47.78
49.03
69.31
76.83
65.37
69.04
58.2
83.29
85.24000000000001
132.98000000000002
66.91
71.09
45.230000000000004
121.53000000000002
75.71000000000001
66.73
105.56
70.30000000000001
113.08000000000001
80.03999999999999
58.970000000000006
62.32000000000001
72.7
78.27
75.71000000000001
107.67000000000002
72.80000000000001
18.46
73.58
43.09
101.06
7.12
97.71000000000001
78.27
55.13
89.42
43.18000000000001
49.410000000000004
82.18
85.90999999999998
40.620000000000005
68.58000000000001
127.40000000000002
60.93000000000001
92.51
61.56
74.35
58.64
143.81
58.97
83.55000000000001
77.25
90.63
47.89
74.76
80.97
63.83
55.29
83.45
77.25
128.28
70.5
41.99
138.33
57.690000000000005
112.66000000000001
83.98
64.55000000000001
63.68
96.97000000000001
129.1
66.65
66.49000000000001
101.49
93.89
53.22
98.69000000000001
40.43000000000001
57.690000000000005
135.38000000000002
79.6
103.72000000000001
46.92
89.02
44.120000000000005
33.09
107.73
73.94
38.25
75.81
98.82
98.75
106.14000000000001
94.38
91.35999999999999
30.19
65.69
60.03
67.6
161.07
63.25
27.05
55.13
79.62
28.8
84.5
56.33000000000001
64.59
89.77
67.94
98.31
56.790000000000006
90.92999999999999
97.97
111.42999999999998
152.93
43.6
71.35
58.64
46.53
74.23
98.54
111.64
61.83000000000001
46.400000000000006
65.38
85.99000000000001
68.00999999999999
47.56
51.22
41.99
70.71000000000001
47.56
141.21999999999997
81.76
131.54000000000002
62.21
69.72
70.97
104.54
95.12000000000002
92.36999999999999
104.21000000000001
107.60999999999999
92.03999999999999
55.84
85.84
79.62
15.71
67.43
84.78
59.81
150.76999999999998
54.6
72.91000000000001
87.38000000000001
82.36
65.27
78.0
29.1
130.08
91.22
117.86999999999999
93.57
42.24
55.63
84.50000000000001
46.92
81.91000000000001
74.30000000000001
84.94000000000001
130.82
106.09
103.54
80.37
38.67
75.27000000000001
54.34
58.64
68.54
59.290000000000006
99.60000000000001
84.11
51.47
57.38000000000001
94.83999999999999
42.010000000000005
77.98000000000002
95.16
80.97999999999999
69.03999999999999
38.92
60.040000000000006
110.0
57.78
75.09
105.4
71.09
27.05
143.53
85.30000000000001
89.25999999999999
63.27000000000001
71.09
63.050000000000004
59.0
35.580000000000005
85.09
46.61000000000001
48.38
67.42999999999999
97.64
46.92
114.9
133.39
20.310000000000002
52.31
64.68
38.66
111.0
128.23
92.41
41.57000000000001
59.59
143.92999999999998
94.55999999999999
45.78
115.76
68.28
23.550000000000004
94.83999999999999
81.13
41.46
22.0
66.92
79.37
118.47999999999999
86.78999999999999
71.09
88.48
62.89
65.28
83.94000000000001
60.93000000000001
55.4
54.88
58.440000000000005
40.620000000000005
49.33
49.410000000000004
86.22000000000001
115.88999999999999
62.550000000000004
81.81
63.99
75.71000000000001
105.48
88.26
104.62
68.54
85.94
83.91
16.130000000000003
132.98000000000002
80.05000000000001
59.59
21.700000000000003
69.72
54.46
59.81
71.62
81.70000000000002
80.64000000000001
32.78
110.30999999999999
76.35
95.71000000000001
74.43
82.45
86.78999999999999
46.17
75.96
73.13
75.71000000000001
128.28
79.2
86.78999999999999
83.98
72.24
62.12
79.53
52.06
67.43
72.27