0.26506024096385544
0.4430379746835443
0.42105263157894735
0.1744186046511628
0.328125
0.3076923076923077
0.3382352941176471
0.3150684931506849
0.47560975609756095
0.18072289156626506
0.39436619718309857
0.36666666666666664
0.20652173913043478
0.2987012987012987
0.328125
0.36507936507936506
0.3466666666666667
0.19736842105263158
0.22340425531914893
0.22916666666666666
0.2828282828282828
0.24
0.3037974683544304
0.2676056338028169
0.3194444444444444
0.35185185185185186
0.29213483146067415
0.373134328358209
0.5
0.391304347826087
0.27848101265822783
0.3472222222222222
0.2876712328767123
0.5428571428571428
0.3387096774193548
0.2602739726027397
0.4880952380952381
0.22916666666666666
0.4444444444444444
0.3
0.3
0.17105263157894737
0.1935483870967742
0.3333333333333333
0.4305555555555556
0.375
0.4246575342465753
0.35443037974683544
0.4880952380952381
0.43661971830985913
0.23376623376623376
0.2159090909090909
0.24175824175824176
0.3620689655172414
0.26506024096385544
0.23376623376623376
0.19298245614035087
0.34210526315789475
0.3125
0.3118279569892473
0.2361111111111111
0.5277777777777778
0.20454545454545456
0.45454545454545453
0.18867924528301888
0.15841584158415842
0.27710843373493976
0.3229166666666667
0.25333333333333335
0.2222222222222222
0.29411764705882354
0.4805194805194805
0.25
0.2876712328767123
0.2153846153846154
0.35294117647058826
0.24444444444444444
0.3114754098360656
0.27941176470588236
0.2638888888888889
0.5932203389830508
0.20930232558139536
0.5238095238095238
0.2268041237113402
0.2857142857142857
0.7014925373134329
0.2923076923076923
0.1958762886597938
0.2222222222222222
0.2553191489361702
0.328125
0.34177215189873417
0.29577464788732394
0.3125
0.18666666666666668
0.22826086956521738
0.4057971014492754
0.20652173913043478
0.6338028169014085
0.31343283582089554
0.3125
0.25316455696202533
0.18571428571428572
0.35294117647058826
0.3246753246753247
0.35185185185185186
0.5256410256410257
0.3246753246753247
0.3150684931506849
0.3246753246753247
0.2328767123287671
0.38095238095238093
0.17647058823529413
0.390625
0.34328358208955223
0.29411764705882354
0.2875
0.20987654320987653
0.4915254237288136
0.5
0.3582089552238806
0.25
0.31343283582089554
0.4714285714285714
0.25
0.2028985507246377
0.4868421052631579
0.1951219512195122
0.29411764705882354
0.28378378378378377
0.38666666666666666
0.5135135135135135
0.38571428571428573
0.3472222222222222
0.2625
0.36619718309859156
0.3
0.2345679012345679
0.3333333333333333
0.32786885245901637
0.5
0.3157894736842105
0.47368421052631576
0.23333333333333334
0.2857142857142857
0.3088235294117647
0.4142857142857143
0.28378378378378377
0.24
0.7083333333333334
0.32
0.6351351351351351
0.25925925925925924
0.23595505617977527
0.375
0.16883116883116883
0.3230769230769231
0.30158730158730157
0.2753623188405797
0.31746031746031744
0.3188405797101449
0.30952380952380953
0.32894736842105265
0.21875
0.30434782608695654
0.2608695652173913
0.45454545454545453
0.3466666666666667
0.24719101123595505
0.4722222222222222
0.26506024096385544
0.2535211267605634
0.31343283582089554
0.24175824175824176
0.23595505617977527
0.45454545454545453
0.38461538461538464
0.28
0.3888888888888889
0.47058823529411764
0.20212765957446807
0.3088235294117647
0.36231884057971014
0.2247191011235955
0.25609756097560976
0.23863636363636365
0.3287671232876712
0.275
0.2535211267605634
0.32
0.27586206896551724
0.2345679012345679
0.1702127659574468
0.47692307692307695
0.2976190476190476
0.20588235294117646
0.2702702702702703
0.31645569620253167
0.2777777777777778
0.3620689655172414
0.3783783783783784
0.2261904761904762
0.225
0.35
0.2857142857142857
0.3695652173913043
0.5443037974683544
0.2727272727272727
0.3888888888888889
0.1875
0.21052631578947367
0.18604651162790697
0.2619047619047619
0.36363636363636365
0.3088235294117647
0.6486486486486487
0.3466666666666667
0.35135135135135137
0.36619718309859156
0.32894736842105265
0.4714285714285714
0.26506024096385544
0.45454545454545453
0.3466666666666667
0.3181818181818182
0.17647058823529413
0.23943661971830985
0.24752475247524752
0.20588235294117646
0.2857142857142857
0.17894736842105263
0.36923076923076925
0.32857142857142857
0.44871794871794873
0.29545454545454547
0.19753086419753085
0.36619718309859156
0.27848101265822783
0.18309859154929578
0.30303030303030304
0.32
0.47674418604651164
0.2857142857142857
0.29333333333333333
0.3246753246753247
0.38571428571428573
0.3013698630136986
0.18478260869565216
0.30666666666666664
0.23076923076923078
0.32
0.2638888888888889
0.379746835443038
0.3026315789473684
0.4714285714285714
0.2875
0.2891566265060241
0.3375
0.3939393939393939
0.265625
0.23076923076923078
0.3013698630136986
0.2125
0.19736842105263158
0.23595505617977527
0.3783783783783784
0.3380281690140845
0.25
0.7164179104477612
0.1935483870967742
0.2087912087912088
0.46987951807228917
0.4880952380952381
0.9
0.2112676056338028
0.7014925373134329
0.25301204819277107
0.3333333333333333
0.32098765432098764
0.3146067415730337
0.25925925925925924
0.34210526315789475
0.37777777777777777
0.31645569620253167
0.2857142857142857
0.25
0.26582278481012656
0.6338028169014085
0.1864406779661017
0.4482758620689655
0.23376623376623376
0.32894736842105265
0.45454545454545453
0.39436619718309857
0.3246753246753247
0.18604651162790697
0.2558139534883721
0.4027777777777778
0.2857142857142857
0.33783783783783783
0.3424657534246575
0.3142857142857143
0.47297297297297297
0.26506024096385544
0.3194444444444444
0.2602739726027397
0.3375
0.18947368421052632
0.4605263157894737
0.36363636363636365
0.17105263157894737
0.25925925925925924
0.2073170731707317
0.5205479452054794
0.2894736842105263
0.4461538461538462
0.3670886075949367
0.23958333333333334
0.3157894736842105
0.32051282051282054
0.29545454545454547
0.20987654320987653
0.373134328358209
0.25301204819277107
0.30985915492957744
0.19047619047619047
0.4666666666666667
0.3888888888888889
0.2753623188405797
0.44594594594594594
0.3
0.34328358208955223
0.32967032967032966
0.35443037974683544
0.23595505617977527
0.3181818181818182
0.2535211267605634
0.4722222222222222
0.2619047619047619
0.3466666666666667
0.30864197530864196
0.2716049382716049
0.3125
0.36923076923076925
0.2857142857142857
0.352112676056338
0.2441860465116279
0.32432432432432434
0.3287671232876712
0.35135135135135137
0.26436781609195403
0.30434782608695654
0.35135135135135137
0.2857142857142857
0.4714285714285714
0.44594594594594594
0.543859649122807
0.3116883116883117
0.696969696969697
0.18292682926829268
0.3898305084745763
0.44594594594594594
0.27472527472527475
0.3076923076923077
0.3466666666666667
0.2463768115942029
0.2692307692307692
0.6351351351351351
0.21052631578947367
0.3333333333333333
0.25316455696202533
0.1956521739130435
0.3717948717948718
0.1891891891891892
0.3492063492063492
0.3125
0.3246753246753247
0.35443037974683544
0.2682926829268293
0.35
0.36619718309859156
0.7878787878787878
0.7241379310344828
0.26785714285714285
0.2988505747126437
0.375
0.3235294117647059
0.3055555555555556
0.3037974683544304
0.39344262295081966
0.6438356164383562
0.29333333333333333
0.32432432432432434
0.4430379746835443
0.36619718309859156
0.23333333333333334
0.30952380952380953
0.390625
0.2028985507246377
0.4939759036144578
0.27631578947368424
0.2692307692307692
0.2391304347826087
0.4722222222222222
0.25882352941176473
0.3291139240506329
0.2638888888888889
0.4307692307692308
0.484375
0.3333333333333333
0.24615384615384617
0.3116883116883117
0.2638888888888889
0.25274725274725274
0.21212121212121213
0.45
0.25
0.3582089552238806
0.3333333333333333
0.1956521739130435
0.23595505617977527
0.28
0.20430107526881722
0.18309859154929578
0.22388059701492538
0.3380281690140845
0.2631578947368421
0.2564102564102564
0.2727272727272727
0.2153846153846154
0.2857142857142857
0.36619718309859156
0.25
0.38961038961038963
0.4142857142857143
0.26436781609195403
0.18055555555555555
0.2988505747126437
0.4714285714285714
0.43636363636363634
0.36065573770491804
0.30985915492957744
0.18055555555555555
0.22784810126582278
0.1951219512195122
0.4
0.20202020202020202
0.34782608695652173
0.23809523809523808
0.35185185185185186
0.6521739130434783
0.35135135135135137
0.33783783783783783
0.3972602739726027
0.32432432432432434
0.37333333333333335
0.33783783783783783
0.17105263157894737
0.2972972972972973
0.32894736842105265
0.4375
0.3194444444444444
0.17105263157894737
0.32051282051282054
0.34210526315789475
0.4032258064516129
0.32558139534883723
0.4722222222222222
0.323943661971831
0.29411764705882354
0.2876712328767123
0.26666666666666666
0.1896551724137931
0.5098039215686274
0.3064516129032258
0.32653061224489793
0.2111111111111111
0.3116883116883117
0.4864864864864865
0.3181818181818182
0.32142857142857145
0.49333333333333335
0.4722222222222222
0.3125
0.4482758620689655
0.3225806451612903
0.32894736842105265
0.25
0.21875
0.21176470588235294
0.23711340206185566
0.3157894736842105
0.2727272727272727
0.4
0.18518518518518517
0.3225806451612903
0.3125
0.33766233766233766
0.2391304347826087
0.35064935064935066
0.23863636363636365
0.696969696969697
0.37037037037037035
0.2692307692307692
0.36231884057971014
0.3037974683544304
0.3253012048192771
0.3717948717948718
0.35
0.3064516129032258
0.3888888888888889
0.296875
0.35526315789473684
0.4430379746835443
0.25301204819277107
0.3333333333333333
0.5135135135135135
0.358974358974359
0.36363636363636365
0.30851063829787234
0.23376623376623376
0.24
0.2988505747126437
0.23728813559322035
0.32
0.25274725274725274
0.3620689655172414
0.32
0.4605263157894737
0.24468085106382978
0.5138888888888888
0.2571428571428571
0.3333333333333333
0.25333333333333335
0.27941176470588236
0.3424657534246575
0.359375
0.24210526315789474
0.19047619047619047
0.4166666666666667
0.2714285714285714
0.2222222222222222
0.4533333333333333
0.2647058823529412
0.2
0.4225352112676056
0.328125
0.37333333333333335
0.1978021978021978
0.2222222222222222
0.2268041237113402
0.35294117647058826
0.3218390804597701
0.2619047619047619
0.23333333333333334
0.30120481927710846
0.7058823529411765
0.2375
0.36619718309859156
0.32
0.26666666666666666
0.2625
0.2647058823529412
0.28125
0.29347826086956524
0.27380952380952384
0.2638888888888889
0.20930232558139536
0.36619718309859156
0.3466666666666667
0.35064935064935066
0.43661971830985913
0.5714285714285714
0.3918918918918919
0.2923076923076923
0.835820895522388
0.3411764705882353
0.35135135135135137
0.6133333333333333
0.3466666666666667
0.32894736842105265
0.43859649122807015
0.35185185185185186
0.22972972972972974
0.2647058823529412
0.225
0.46153846153846156
0.35064935064935066
0.3246753246753247
0.25287356321839083
0.2808988764044944
0.21951219512195122
0.2857142857142857
0.45454545454545453
0.328125
0.328125
0.24050632911392406
0.23595505617977527
0.5121951219512195
0.4430379746835443
0.42857142857142855
0.32142857142857145
0.45454545454545453
0.36923076923076925
0.3037974683544304
0.36
0.2857142857142857
0.24444444444444444
0.2054794520547945
0.25396825396825395
0.35294117647058826
0.6956521739130435
0.4714285714285714
0.2911392405063291
0.358974358974359
0.21518987341772153
0.2948717948717949
0.42105263157894735
0.4406779661016949
0.4025974025974026
0.4430379746835443
0.3626373626373626
0.35384615384615387
0.32
0.2777777777777778
0.3
0.3023255813953488
0.21978021978021978
0.38095238095238093
0.23076923076923078
0.2727272727272727
0.3466666666666667
0.4722222222222222
0.31645569620253167
0.32
0.2727272727272727
0.22857142857142856
0.36619718309859156
0.3058823529411765
0.35526315789473684
0.19642857142857142
0.32653061224489793
0.4
0.30434782608695654
0.24358974358974358
0.24242424242424243
0.26732673267326734
0.27586206896551724
0.32727272727272727
0.47368421052631576
0.4
0.5245901639344263
0.24444444444444444
0.2777777777777778
0.38666666666666666
0.2638888888888889
0.35294117647058826
0.26595744680851063
0.4482758620689655
0.28169014084507044
0.25287356321839083
0.17567567567567569
0.40298507462686567
0.3176470588235294
0.21359223300970873
0.4722222222222222
0.2777777777777778
0.23376623376623376
0.2716049382716049
0.21794871794871795
0.17857142857142858
0.24324324324324326
0.2345679012345679
0.7101449275362319
0.24050632911392406
0.18309859154929578
0.2087912087912088
0.2625
0.2916666666666667
0.29213483146067415
0.3466666666666667
0.36231884057971014
0.42857142857142855
0.3037974683544304
0.5142857142857142