-0.309816878004603
-0.16684622901517324
-0.2096115601687707
-0.28044859935528765
-0.3046490285424082
-0.3140745298734313
-0.40486573425406885
-0.24104484662529854
-0.2956858833584988
-0.3192506122686609
-0.33751665063542885
-0.18910763471691833
-0.1661533348214448
-0.3035170539678419
-0.1520203545290542
-0.14236152047473857
-0.2729712373231352
-0.3160955814239653
-0.22920998698110487
-0.2413253414299451
-0.3238626034578622
-0.3502605358835476
-0.38660755233954247
-0.3087644589201141
-0.17107847933204742
-0.3976492623785614
-0.26975521143280534
-0.27075902410913033
-0.23278452171930544
-0.23287695053756277
-0.12974087550689178
-0.20476757898484824
-0.2040492239413124
-0.2044171578532896
-0.20936438806085625
-0.21211606484112286
-0.20683840780342197
-0.24987119993956358
-0.31316741329352266
-0.24164426727517746
-0.3221234170113488
-0.26090425609480006
-0.1378471636828138
-0.27588487476131063
-0.2594051644771856
-0.23175950135984635
-0.3719903678812161
-0.27693193870081245
-0.4028238206873084
-0.41319770313893567
-0.28274767922243194
-0.5403748021477639
-0.18913224651898816
-0.33901095099083084
-0.32539634007877216
-0.2903417833594075
-0.43704654157772893
-0.3283166760880442
-0.349620108559554
-0.23734626398421424
-0.2159173650392212
-0.26331212495782097
-0.2555574947295762
-0.3770068683971862
-0.2318854869358441
-0.18694881963368293
-0.1843482693010485
-0.1637838954613251
-0.2937654163542902
-0.23470098314941482
-0.4004996188398253
-0.2882837204844308
-0.1479499688972076
-0.213730428808751
-0.3525250892152417
-0.8741371959300483
-0.15747851197686924
-0.22478738502623494
-0.2737920472820945
-0.26860104338637547
-0.17921166435147226
-0.34426513350759036
-0.19122509887829586
-0.4101798213891925
-0.23784496419070678
-0.17310423734973787
-0.24396151676741543
-0.26219878696688664
-0.23766324137595043
-0.31720373438064847
-0.28425854646491394
-0.2156922068161292
-0.1896141160653463
-0.27789385383669735
-0.23295980076751177
-0.12519224391953823
-0.3869978994149018
-0.24109545734202323
-0.25640926105594736
-0.20612119537974116
-0.14397150780812804
-0.14506533473867791
-0.2998709616869064
-0.21072911001010394
-0.32156525306575023
-0.33511171611016094
-0.26993856036737574
-0.22880444474029832
-0.2197828389374763
-0.16329553211586886
-0.20556730681922994
-0.17533781508735358
-0.2241233050260405
-0.24793000584733754
-0.3732022115605505
-0.2811339016764583
-0.3584848898932368
-0.24824214994428645
-0.24190096765505587
-0.35104231442344297
-0.19380957199371296
-0.2459990795511893
-0.23180062508090732
-0.29063530096235096
-0.3380995564366458
-0.3269776023480819
-0.26217953784158454
-0.31907324695202866
-0.21728376023059795
-0.23246401537586567
-0.2304470359367376
-0.22781175394129605
-0.3651224239652606
-0.17572429157248357
-0.3738342944067836
-0.27904571719712595
-0.5019755523707056
-0.14045794835648018
-0.18385056802716737
-0.2196215699144714
-0.1486337394217126
-0.2936933914720474
-0.1558310009122229
-0.12790687572608653
-0.35273298555240684
-0.17653548641664968
-0.2560675418184713
-0.22026090977938007
-0.24046866409648723
-0.23327966353768245
-0.18052629631145872
-0.1807637169777839
-0.1940533013632336
-0.19833093172682806
-0.2109480648748258
-0.18843332839351576
-0.28933711188507916
-0.16081485121355743
-0.260840385396802
-0.21966695596567767
-0.31568541357273505
-0.1438651982512694
-0.15212045585099654
-0.28607068641777705
-0.29706365188281275
-0.23490872304140858
-0.3659265158653614
-0.2347246385106694
-0.38370111788461114
-0.19421338713694425
-0.35280369923290866
-0.26753535818994134
-0.25283751026148166
-0.4134351316506268
-0.24029675865804864
-0.2360718100518838
-0.22797590734072185
-0.22181741216440348
-0.25759309903718886
-0.2489739917528924
-0.2132138810181914
-0.22312549907685075
-0.46438527941803653
-0.2031188527124364
-0.22518184419190254
-0.13366697638948796
-0.16366117445567196
-0.3091306741300133
-0.2611865702550902
-0.15747071831689566
-0.20139005287198558
-0.30393864697252865
-0.21562665993781138
-0.20574878473869318
-0.1831148386271262
-0.3907353331892603
-0.2151644378734204
-0.3178785525438646
-0.14552886450062785
-0.30038359197844783
-0.30097822558138265
-0.14410211735439665
-0.3044787877273933
-0.2644268129986533
-0.34725673318184
-0.2564244163870626
-0.2998254219485846
-0.2512504632435466
-0.23176501045101158
-0.3461959824363656
-0.38309542564618143
-0.26476669404277214
-0.36296125674978025
-0.17541462031160682
-0.20895864385765747
-0.2557824215053074
-0.19581809501677036
-0.19081124132164348
-0.27167362948686485
-0.38187259188898365
-0.3625516418251209
-0.1517346695195215
-0.1806039531983092
-0.21168786439173942
-0.3440119800420419
-0.28543680844425934
-0.30634575278868864
-0.29515480815920914
-0.17823047314973578
-0.3388675385507715
-0.35284452456565946
-0.33805094722304985
-0.4194968858693028
-0.38442333035088855
-0.20171064479281425
-0.28668451589861876
-0.17843738118752744
-0.1369157067524539
-0.41603044609547835
-0.2401107238295026
-0.1941777161761385
-0.4530337939398702
-0.26213581496977945
-0.4125258231661211
-0.44786821913976205
-0.29542012629377606
-0.34139402313710543
-0.11409419640432514
-0.2602274062705644
-0.22772130251841613
-0.30026312355748813
-0.18368354047379384
-0.161235117591675
-0.18672487255243253
-0.2261442638650277
-0.20454106778540662
-0.24458867450546803
-0.23259410591376453
-0.2199762798984862
-0.36353630980230184
-0.15459154138337303
-0.2325338106493291
-0.3133584342981108
-0.2955932904088571
-0.2433868397195801
-0.19184348398678708
-0.2034248440147452
-0.22329106424508988
-0.22065545753135127
-0.2616375488714358
-0.4135730210213556
-0.2887945380888899
-0.4570049486881342
-0.24809811242405455
-0.2135124244300966
-0.5458736357548557
-0.21190455158402638
-0.27619729010237515
-0.21965956144873197
-0.18048072619750039
-0.22952845148402282
-0.3218725386051834
-0.15744558181465418
-0.2573461044064341
-0.35379664637302677
-0.23134406392065493
-0.30578311587910945
-0.29155472984049796
-0.1568470877424682
-0.35227429795887216
-0.23899732784383032
-0.24075987607509922
-0.20495258551005294
-0.2011144301194022
-0.21108127856452408
-0.1983807542876783
-0.2587406078992602
-0.24713859635413268
-0.2617327201277375
-0.18244404735033867
-0.14970268175953888
-0.17661674705055014
-0.1921070839062661
-0.26313464510926415
-0.22115060447736073
-0.37397761063634377
-0.1669295212206557
-0.3776000092790288
-0.27988590437582317
-0.19679473737934977
-0.22510236855274948
-0.16786012478387005
-0.26458744550469265
-0.19599636014559524
-0.14211561580349297
-0.3415743014733202
-0.283483986363035
-0.1826203774702314
-0.14550697153816078
-0.2534866450641462