-0.3480712767926623
-0.3086237035127215
-0.24066950604303297
-0.5245118379792731
-0.3340460751699372
-0.4427558885578907
-0.28562331115411155
-0.23660624646047368
-0.43326961366842703
-0.3938883293612652
-0.2830150851901823
-0.35331321988723846
-0.40507102527804434
-0.4389447993029052
-0.5851044051722555
-0.36139108033020895
-0.27823764117903793
-0.267288762620681
-0.24106346880765636
-0.39219595081478903
-0.41018675004858474
-0.2712603469411432
-0.4068991322879726
-0.22915924410687186
-0.287344463197081
-0.1938395231998879
-0.3515313032084821
-0.18118770584762675
-0.42278132566487564
-0.3351321507068713
-0.3891019133000492
-0.41988398832078927
-0.14980530008428364
-0.5477084908191221
-0.5196311291912176
-0.19340735704282963
-0.3837459414299893
-0.4109348033139936
-0.3565752601427073
-0.367662084462716
-0.2917415445443426
-0.4764786859932681
-0.2936563712290208
-0.2866460564011916
-0.38673452643357314
-0.3055379137399036
-0.19281353955920394
-0.42013336155426373
-0.3275396078554761
-0.2513602445657405
-0.2733279417665609
-0.4088596445677955
-0.4861118373708916
-0.29780229658494795
-0.2946328651944126
-0.3497020840550583
-0.335809402395095
-0.32844920310323134
-0.40813854590230547
-0.3087378948635004
-0.6468943100731541
-0.32160449799313384
-0.2122851444389586
-0.18490476527343294
-0.3326418304439527
-0.2987929748700497
-0.3945512757123879
-0.30541019914255685
-0.3563628668956881
-0.24985382479235513
-0.42774554972681167
-0.3377986798061091
-0.3153734228111182
-0.1754229369001382
-0.3891809700093667
-0.43726790673512866
-0.32395020347178366
-0.3248621924946893
-0.42893561438348066
-0.31873925724277946
-0.4258426337418596
-0.3310418114122169
-0.23594409929196208
-0.37755661345399355
-0.5469946532382984
-0.5483056495898252
-0.3228468762975497
-0.3104471306295314
-0.3341282994175455
-0.3691262251220317
-0.39654243935156047
-0.31576267689516524
-0.25337499300401806
-0.31044618215064684
-0.3487144928758379
-0.33952246712630446
-0.3431394010823415
-0.2590166103381286
-0.3729928972372758
-0.36713671956364985
-0.2455359308527659
-0.374969379569893
-0.2932838069962145
-0.30488105281432687
-0.4979760463422942
-0.4792798378594203
-0.39992626229481815
-0.27226027753198795
-0.3131497673269846
-0.23196779738566317
-0.3024638923701647
-0.3224543044205319
-0.18352763843074446
-0.24181960160861768
-0.4354509483210594
-0.4789099357603277
-0.41531552370635744
-0.35137992485047337
-0.1949944813487639
-0.2405190844451191
-0.23902259983089635
-0.43096163542715216
-0.28374710460447544
-0.30119539469378837
-0.2936935444186479
-0.3437037679726803
-0.2552172641983307
-0.22403094383148608
-0.24699345966153155
-0.6062300200368327
-0.2668551109266619
-0.22773229335025377
-0.34378581378420126
-0.31773411008806596
-0.36330147248232375
-0.34431680034844264
-0.17625835740261458
-0.322291020220371
-0.26337937073600143
-0.3366677250166067
-0.36310688328839086
-0.25521330462578723
-0.3230831740740652
-0.27847566733956003
-0.6976537495980947
-0.3280233404303241
-0.5320642151638932
-0.2599479319166207
-0.6178622992852193
-0.24657488146972573
-0.3637070940434933
-0.3065263428862413
-0.3981688675603161
-0.3276968150939564
-0.3021031361311144
-0.47271904113751423
-0.2704942385902941
-0.29773831001835893
-0.35589087279215903
-0.30617453867492017
-0.4102902604319449
-0.2988596834179778
-0.5512130952551161
-0.19045025959429848
-0.275492684568272
-0.3249737872151316
-0.4716071602167041
-0.48833989765372
-0.26921545487071435
-0.466554726750301
-0.41683083510812186
-0.491367222038995
-0.28687091506884277
-0.34946886188084947
-0.34365956872347314
-0.3018666004812565
-0.38420012806779297
-0.2835913121496816
-0.3329657992643686
-0.2261810821945865
-0.2761058549969892
-0.31633957844368676
-0.42736048758922607
-0.3612828029821015
-0.4791174832437966
-0.4026247881062915
-0.22195210357596504
-0.408469822033472
-0.4008542622887251
-0.26676803139635297
-0.2669277128558057
-0.34215244166130104
-0.3358436607915411
-0.465526709101271
-0.3134726467509647
-0.7722789218912242
-0.3644456277133874
-0.25920798234419634
-0.5645683345595424
-0.27703937729318406
-0.3396428647141238
-0.3065842909904363
-0.27291962182383767
-0.258742906503239
-0.3183136619940045
-0.4561960409525696
-0.28961729976902856
-0.5388293923256052
-0.32967092662478703
-0.2072653450779998
-0.309963637195243
-0.38655419679446695
-0.5252580577532028
-0.28013123469982354
-0.20581232628223453
-0.1719707583681503
-0.3935348694825037
-0.18789794148132552
-0.36751904514469835
-0.3821834583012524
-0.29452454552996904
-0.2634795761502477
-0.24695966306003111
-0.5050676845320624
-0.28999626660047395
-0.39625603412024374
-0.31449949431383045
-0.367334163382111
-0.29771858179631794
-0.2984338896961073
-0.5337049788141117
-0.31633698409313993
-0.3421725289774653
-0.3673491143622313
-0.3355669737859999
-0.27334230109544916
-0.40700927666947867
-0.30536860114518904
-0.36776073236604195
-0.2724977726549447
-0.44927549445451403
-0.3638624981578573
-0.19084944813194768
-0.25486938102172646
-0.3667837189979217
-0.45043203949824795
-0.34615228340604676
-0.3163984508118202
-0.26864944197621954
-0.4135680724303968
-0.33664965618260334
-0.3263534160738952
-0.4063515078722081
-0.19336479261696696
-0.2816034373125804
-0.3556731507934367
-0.23705644923031238
-0.24153806721906473
-0.4513499371074875
-0.34064359869752225
-0.2755833901275317
-0.32359777122713995
-0.41553595851816344
-0.3022306789884181
-0.29970925654848035
-0.3820876605642371
-0.2789638158466677
-0.275924247850103
-0.30133333174658694
-0.30548436727180567
-0.33320213468423904
-0.43957748930737284
-0.3837103367313203
-0.3691495963543632
-0.4021245024030887
-0.3404723916187259
-0.2736099696176325
-0.27120485261644656
-0.37610482426240355
-0.3448183959758464
-0.34966055172806276
-0.37261405754029236
-0.4240592698380239
-0.29728744771363563
-0.3165972008942044
-0.42805119809572095
-0.4648435098512327
-0.3782177416829296
-0.4324423661309146
-0.473499832015746
-0.32989411344093467
-0.23796938649060062
-0.3324613276305001
-0.3145820955404588
-0.4955982268032352
-0.22159836692284146
-0.32838414029590923
-0.5984129988060481
-0.3043085092455954
-0.3951677833926859
-0.33182825713145375
-0.3543275728399451
-0.28140290443773297
-0.40685031680446726
-0.37140901018291234
-0.5270536278338557
-0.2968734541512201
-0.4314931596316628
-0.27320183350089
-0.2693010422207641
-0.2219095869005027
-0.28334099009336
-0.433170994526504
-0.272031594227406
-0.3316484214677881
-0.6218216945443783
-0.5898119000539682
-0.33516778423856347
-0.30822460118440864
-0.32799262251687056