303.36600000000004
323.42100000000016
302.4220000000001
294.314
434.3970000000001
376.44900000000007
313.31
304.3710000000001
275.29799999999994
354.38700000000006
485.9490000000001
348.28000000000003
314.3630000000001
442.62800000000027
392.45900000000006
356.853
420.50900000000007
315.40200000000016
410.44900000000007
346.4750000000002
428.98600000000033
440.5180000000002
387.5050000000003
469.50500000000017
432.54900000000015
451.97600000000034
465.5060000000003
411.41700000000014
450.4240000000003
276.3000000000001
233.31400000000002
273.33599999999996
505.5560000000002
407.51800000000026
405.5050000000002
413.43300000000016
254.33299999999997
412.26500000000004
217.228
469.5630000000001
372.4400000000001
312.398
300.196
237.25899999999996
429.6290000000003
371.362
320.37
332.4290000000001
264.30600000000004
416.52500000000015
321.663
336.4350000000001
347.487
352.47800000000024
337.84700000000004
497.5990000000003
355.3940000000001
428.54000000000025
359.47600000000006
384.572
369.42100000000016
254.33299999999997
315.46100000000007
415.5150000000002
397.5250000000001
449.55100000000033
338.42900000000014
301.411
279.698
317.751
437.49600000000027
344.4360000000001
355.3690000000001
443.5470000000002
352.41500000000013
324.40900000000005
308.815
360.5840000000001
172.18699999999998
341.4800000000001
352.8430000000001
320.41400000000004
389.4800000000001
316.3760000000001
310.344
416.84600000000006
426.9250000000002
282.384
409.5110000000002
222.248
352.3900000000001
357.4830000000002
345.4240000000002
449.9390000000001
366.31300000000005
422.5290000000002
410.51800000000026
433.50800000000015
443.5030000000002
434.38400000000007
251.69499999999996
396.49100000000027
242.23800000000003
319.38599999999997
265.372
450.5390000000002
480.5650000000003
264.34999999999997
375.4280000000001
270.28400000000005
302.15700000000004
237.28000000000003
494.3450000000002
389.8860000000001
328.39300000000003
313.38100000000003
261.365
354.4530000000001
458.9670000000001
365.5020000000003
384.4960000000002
227.24200000000005
364.37600000000003
527.4220000000001
366.4670000000001
398.4880000000003
351.368
258.281
322.79200000000003
250.23899999999998
251.28500000000003
374.48500000000024
432.5010000000001
328.32800000000003
326.35900000000004
472.68000000000023
462.48400000000026
435.46500000000015
348.44300000000015
401.46200000000005
385.35600000000017
394.8360000000001
390.41700000000014
421.84000000000003
365.37100000000004
466.49000000000024
280.305
282.34000000000003
212.24899999999997
204.29800000000003
335.40700000000004
329.5130000000001
438.89300000000003
437.4520000000002
294.6940000000001
243.245
376.3810000000001
407.5390000000002
395.2860000000002
424.9530000000002
264.23699999999997
244.298
197.19400000000002
304.37100000000015
326.799
499.6330000000003
437.4920000000003
243.28100000000003
427.48200000000014
464.3790000000002
391.4490000000001
352.43300000000005
445.5220000000002
458.9930000000003
396.46800000000013
356.3820000000001
315.272
420.4870000000002
459.8890000000001
381.54500000000013
299.374
244.29700000000003
420.53800000000024
426.51300000000015
276.72700000000003
479.92000000000013
291.39799999999997
389.9520000000001
373.5660000000001
407.48900000000026
386.5020000000001
545.6580000000002
462.48000000000025
486.5790000000002
341.37000000000006
329.3810000000001
346.8210000000001
292.20700000000005
364.44500000000005
441.5530000000001
289.33099999999996
399.87400000000014
382.51200000000034
346.47100000000023
258.23300000000006
368.50200000000007
362.5100000000003
477.6300000000003
315.3730000000001
299.3550000000001
458.44000000000017
429.52000000000015
352.232
435.03700000000015
353.4470000000002
355.488
330.3880000000001
392.543
458.9640000000002
368.89300000000014
386.4950000000003
280.2990000000001
401.5570000000002
373.37800000000004
271.316
435.52400000000017
505.6190000000002
419.45300000000015
445.5410000000003
207.193
414.50500000000017
325.3640000000001
482.5120000000003
302.33
331.1990000000001
342.355
361.40100000000007
441.51300000000015
348.51600000000013
257.33699999999993
415.56600000000014
283.35600000000005
283.353
434.51800000000037
254.24900000000002
410.4260000000002
376.363
373.5030000000001
280.327
234.32099999999994
477.61100000000016
363.3950000000001
314.366
281.38500000000005
462.5750000000002
568.4430000000002
470.5920000000005
181.19099999999997
387.50200000000024
524.6210000000002
380.4220000000001
286.356
245.303
471.60700000000014
535.6370000000005
427.54800000000034
411.5060000000002
412.06600000000003
392.4840000000001
465.5970000000004
391.39700000000005
393.487
395.3900000000001
321.4270000000001
295.342
311.38100000000003
479.9240000000002
301.36699999999996
491.5990000000003
397.54400000000015
250.72900000000004
426.5170000000003
337.33500000000004
382.3920000000001
293.29
306.749
384.43100000000004
396.5090000000002
201.254
376.8940000000001
239.27499999999998
286.11400000000003
296.37500000000006
313.28500000000014
427.4510000000001
356.38500000000005
258.229
403.40900000000016
455.99300000000034
390.9110000000003
416.9080000000001
383.47300000000007
397.5160000000003
478.3420000000001
275.352
330.38400000000007
348.7420000000001
283.35600000000005
397.4750000000002
228.292
433.51500000000016
403.3940000000001
317.77600000000007
282.299
243.4199999999999
525.8520000000003
364.4270000000001
198.182
334.80300000000005
363.439
423.44400000000024
414.94300000000015
274.75100000000003
173.171
393.55300000000045
336.5230000000001
338.4540000000001
373.5400000000003
447.51300000000026
431.54300000000023
325.759
249.26599999999993
378.4570000000001
386.4960000000002
279.321
376.4570000000002
368.3890000000001
402.79000000000013
373.47800000000007
432.8540000000001
451.56700000000023
365.47000000000014
317.37000000000006
291.314
403.8910000000001
341.346
381.43200000000013
488.4440000000002
209.35799999999995
371.4480000000001
393.4050000000001
340.2950000000001
257.33699999999993
360.548
229.23899999999992
534.6570000000003
419.50300000000016
400.4850000000002
273.263
284.35499999999996
518.5300000000004
366.2440000000001
370.23600000000005
283.28999999999996
388.3760000000001
367.44000000000005
382.51100000000025
398.53100000000023
382.89900000000034
394.8400000000002
430.46400000000017
372.42100000000016
458.4840000000002
246.33199999999997
328.774
423.4720000000002
371.2340000000001
477.87000000000006
412.5110000000001
542.5770000000002
192.22200000000004
477.9700000000002
408.296
472.49400000000037
400.497
284.359
318.78499999999997
340.427
344.48000000000013
445.4040000000002
511.3910000000001
425.48800000000017
334.4260000000001
545.6390000000004
321.37600000000003
364.351
402.8810000000001
208.26399999999998
460.5340000000002
315.192
261.369
364.28300000000013
339.39100000000013
227.26
405.4450000000004
220.29700000000003
282.84000000000003
282.255
269.30400000000003
245.36899999999997
582.6830000000003
432.5420000000002
449.3480000000002
285.303
312.3910000000001
399.4130000000002
270.33299999999997
398.50300000000016
329.78700000000003
338.363
443.61200000000036
247.68900000000002
408.38000000000005
362.4510000000001
422.5510000000003
312.391
237.28
343.3790000000001
453.52400000000017
577.6850000000003
247.33799999999994
284.334
435.9770000000002
509.61100000000044
302.15700000000004
312.29999999999995
271.276
323.39599999999996
354.3810000000001
326.35600000000005
300.314
416.5430000000002
298.346
266.366
404.4700000000002
462.5750000000003
318.32700000000006
300.383
402.5120000000003
401.5130000000002
463.8770000000002
474.56100000000026
489.6220000000002
377.30300000000005
424.5450000000002
460.83900000000017
421.25000000000017
311.38100000000003
249.27300000000002
487.0440000000005
404.8540000000001
317.4410000000001
366.387
466.5630000000003
246.12199999999999
500.45600000000036
391.4490000000001
452.56200000000035
301.3710000000001
443.3700000000003
342.3980000000001
488.5660000000003
458.54000000000013
463.5590000000002
382.5040000000001
493.9220000000002
347.42200000000014
340.42600000000004
370.47400000000005
402.4250000000001
278.3519999999999
433.5050000000001
252.29500000000002
469.8830000000002
449.64600000000036
351.3620000000002
418.5620000000001
385.42
411.889
328.48100000000017
337.4010000000002
397.86200000000025
325.4340000000001
284.40299999999996
291.28200000000004
260.381
331.76300000000003
321.40500000000003
309.413
418.88700000000006
353.37800000000004
370.25699999999995
547.6770000000002
218.21600000000004
345.42400000000004
303.362
329.783
385.51400000000007
354.4750000000001
345.4020000000001
411.9140000000001
316.4010000000001
424.5690000000001
287.344
301.396
289.35999999999996
315.279
342.4200000000001
415.4890000000001
362.86000000000007
402.87800000000016
519.0300000000002
466.62900000000013
304.762
303.387
314.345
327.83600000000007
377.4000000000001
373.49600000000004
463.9870000000004
316.4080000000001
368.41400000000004
247.68099999999998
374.3370000000001
355.43700000000007
506.62800000000016
355.48200000000014
425.53500000000025
395.50700000000023
315.20700000000005
399.472
260.318
279.34000000000003
303.33000000000004
260.25300000000004
420.8780000000001
347.4150000000001
403.5110000000001
376.7220000000001
333.36500000000007
314.7320000000001
379.3320000000001
281.739
374.366
268.32000000000005
510.5680000000003
315.373
283.34900000000005
307.34900000000005
414.41800000000023
456.34400000000016
311.41400000000004
347.3960000000001
406.4380000000001
232.23499999999996
413.53900000000016
389.4590000000001
379.5070000000002
393.4650000000001
425.53300000000013
344.3670000000001
309.369
281.271
272.30400000000003
479.98600000000033
455.5990000000003
372.4040000000001
326.421
273.33599999999996
388.49200000000013
325.3200000000001
209.35799999999998
184.27899999999994
326.18300000000005
399.42800000000017
278.30799999999994
491.54600000000016
339.44200000000006
327.43
425.8720000000001
254.30699999999996
336.3880000000001
394.2320000000001
311.4100000000001
453.83800000000014
347.41400000000004
409.4900000000002
404.25300000000004
233.31099999999995
342.3950000000001
260.318
393.36500000000007
304.35300000000007
262.33399999999995
417.4940000000002
372.47500000000014
342.42400000000004
409.48600000000016
366.87300000000005
454.59200000000027
364.45300000000003
413.39000000000027
375.49400000000014
258.281
385.4450000000003
256.28999999999996
306.7090000000001
444.5280000000004
247.279
427.57300000000015
322.4080000000001
292.338
227.18499999999995
294.31
303.70500000000004
542.4990000000001
332.42500000000007
316.3570000000001
343.3870000000001
270.37299999999993
425.9150000000002
492.57200000000023
297.35400000000004
452.37000000000023
353.85
403.52300000000025
362.3420000000001
339.222
414.48700000000014
403.5480000000001
478.5740000000003
310.7810000000001
286.35299999999995
356.81300000000016
303.31800000000004
361.39700000000005
384.50100000000015
345.752
338.79400000000004
401.4880000000001
520.6770000000004
428.91900000000015
312.32900000000006
351.2550000000002
291.354
345.44200000000006
408.4980000000001
326.4360000000001
457.5300000000002
334.4410000000001
486.5690000000003
351.41
354.47499999999997
425.4050000000002
301.29799999999994
370.4930000000001
355.463
514.2210000000001
274.295
432.4980000000003
422.2830000000001
339.253
497.5980000000002
220.25700000000003
477.5170000000002
351.3660000000001
279.42999999999995
432.52700000000027
313.78499999999997
359.42600000000016
349.4340000000001
354.21
434.2900000000001
494.59600000000034
350.3960000000001
423.4890000000002
263.297
255.74499999999998
323.352
472.58900000000017
336.43500000000006
440.5360000000002
303.365
256.714
350.80500000000006
388.4450000000001
404.4380000000003
322.4560000000001
379.48900000000015
383.44800000000015
449.4590000000002
450.52400000000017
351.4500000000001
313.3860000000001
311.33700000000005
398.2570000000001
372.303
392.253
348.8050000000001
339.4640000000001
467.58800000000036
307.41900000000015
366.83300000000014
469.5410000000002
248.238
326.77900000000005
382.803
282.27
429.94800000000015
378.41400000000016
481.6000000000003
448.5890000000003
464.93100000000015
420.49800000000016
319.41200000000003
359.4760000000001
241.20299999999995
297.41999999999996
438.5490000000002
310.4
317.34800000000007
332.42900000000014
375.38800000000003
369.4210000000001
489.57900000000024
297.3790000000001
396.3400000000002
356.2410000000001
251.31099999999998
206.32899999999998
343.4230000000001
434.55800000000016
325.16200000000003
355.8470000000001
400.4850000000002
314.29300000000006
338.36300000000006
422.46000000000026
271.4039999999999
413.8570000000001
445.54100000000017
485.58400000000034
449.5360000000002
422.53500000000014
428.4660000000002
409.4580000000001
294.37600000000003
483.5460000000002
497.5920000000003
313.785
473.55100000000033
424.5050000000002
321.337
249.379
327.40900000000005
492.1130000000001
377.40000000000015
301.367
328.4370000000001
281.27099999999996
289.331
305.83399999999995
221.28
431.49200000000025
205.326
383.58400000000006
308.353
481.5050000000003
396.4500000000001
265.331
436.5370000000001
241.35899999999998
447.4870000000002
343.793
265.26800000000003
464.5720000000002
370.8250000000001
353.46200000000005
336.43500000000006
432.4760000000001
241.25
285.37200000000007
355.43800000000016
349.39000000000016
434.4270000000002
432.4140000000001
285.372
364.45300000000003
368.458
394.4520000000001
485.4260000000001
342.5270000000001
337.42300000000006
400.47500000000025
325.2730000000001
368.4120000000001
285.229
337.36
308.179
387.54900000000015
376.3900000000001
314.414
390.5310000000002
470.6200000000002
305.186
485.6100000000002
318.2040000000002
303.47100000000006
447.95100000000014
340.3750000000002
406.4930000000001
459.3800000000002
210.24000000000004
250.323
213.24099999999993
416.45500000000015
377.4180000000001
498.243
353.46600000000007
372.49000000000007
290.366
403.4600000000002
496.56400000000025
357.3620000000002
385.42700000000013
384.5490000000001
211.192
284.34000000000003
348.39900000000017
417.4120000000001
319.719
327.1670000000001
458.52200000000016
183.207
295.298
381.4390000000001
403.41300000000007
330.387
435.54600000000033
350.48400000000015
353.4210000000001
352.39000000000004
358.41700000000003
382.42000000000013
245.23800000000003
358.46700000000016
344.4210000000001
526.5930000000003
465.4590000000002
317.38800000000003
299.378
371.5500000000001
482.9050000000002
304.374
457.4300000000002
484.6890000000002
275.352
371.7980000000001
354.15999999999997
364.45200000000006
464.57600000000014
400.46400000000017
331.20199999999994
400.4780000000002
356.45100000000014
365.4370000000001
365.38900000000007
343.40799999999996
326.346
298.346
340.398
310.353
406.43200000000013
314.305
357.797
265.312
272.39799999999997
279.3860000000001
315.354
245.303
364.4050000000001
328.35100000000006
469.4750000000002
324.17800000000005
381.4320000000002
313.40500000000003
265.316
330.36300000000017
339.3990000000001
383.8750000000001
383.49900000000014
356.84900000000016
397.5230000000001
461.51600000000013
286.33900000000006
412.55900000000014
358.4630000000001
357.5040000000001
317.41200000000003
301.798
244.24999999999994
360.4170000000001
459.54600000000033
353.4950000000001
410.28700000000015
283.375
465.4930000000001
261.708
308.09499999999997
508.6210000000002
282.318
266.34700000000004
339.37300000000005
281.73900000000003
448.5220000000001
391.5000000000001
472.6150000000001
327.456
484.6000000000004
371.618
339.399
315.329
463.5190000000001
243.31000000000003
450.4470000000002
299.28600000000006
416.5000000000001
352.38700000000006
320.43600000000004
396.5160000000001
370.4740000000001
356.29400000000004
315.35
234.299
449.5040000000002
445.0130000000001
415.5370000000002
380.4440000000002
471.6080000000004
309.318
461.52900000000017
290.32200000000006
365.4510000000002
247.33799999999994
231.255
365.2600000000001
430.348
365.26300000000003
360.4100000000001
300.74500000000006
225.294
349.434
255.25099999999995
473.59500000000025
405.4070000000001
329.403
298.298
317.34900000000016
405.43200000000013
484.5030000000001
379.50800000000027
207.27299999999997
399.5010000000001
319.404
313.288
335.366
428.57300000000043
417.53100000000006
258.385
296.157
291.351
390.5120000000001
496.5240000000002
331.71900000000005
279.34299999999996
422.5200000000001
328.43700000000007
536.6940000000004
286.291
233.34
440.93100000000015
252.11500000000004
380.4950000000001
359.4070000000001
375.4280000000001
258.277
292.77000000000004
429.5500000000002
315.4420000000001
278.27099999999996
321.46700000000004
365.43600000000004
435.25300000000004
282.38700000000006
316.357
252.26999999999995
327.40900000000005
348.38000000000005
328.324
259.74
441.4840000000003
490.5890000000002
321.35800000000023
255.296
477.5020000000002
312.347
249.19000000000003
367.4450000000001
481.6000000000004
350.24100000000004
270.284
440.54400000000015
371.39300000000014
439.5410000000002
241.29
264.43799999999993
369.874
344.3420000000001
267.328
216.284
323.8200000000002
334.379
478.47000000000014
344.1900000000001
235.33099999999996
289.36
483.5890000000003
554.0650000000003
190.19499999999996
333.271
365.45500000000027
391.33900000000006
458.35600000000017
242.23800000000003
246.31
200.23799999999994
200.263
459.5250000000002
280.236
421.3960000000001
461.8740000000001
475.3680000000002
237.21499999999997
368.43300000000016
311.34000000000003
362.83800000000014
357.38100000000003
356.3380000000001
339.3760000000001
463.3970000000003
411.59000000000043
345.42800000000005
343.7700000000001
408.57100000000014
391.80600000000004
504.58700000000033
287.3
386.3930000000001
307.14300000000003
267.284
365.38500000000016
428.4850000000002
354.83700000000005
405.4540000000002
414.48700000000014
444.48700000000025
256.265
356.49100000000016
255.27300000000002
400.4270000000002
265.3089999999999
387.4800000000002
315.285
339.39100000000013
471.6040000000003
352.38700000000006
408.52700000000027
446.95600000000036
347.4650000000001
367.47800000000007
237.29899999999998
439.42800000000017
218.212
262.312
492.60500000000025
464.5950000000003
221.25999999999993
218.3
424.49700000000024
312.34400000000005
456.9620000000001
456.73
264.756
395.4400000000001
281.315
182.223
350.48400000000015
383.4290000000001
309.369
495.6010000000003
347.3670000000001
395.4590000000003
273.336
407.47400000000016
304.415
434.48300000000023
353.4220000000002
256.269
366.4390000000002
350.38300000000004
524.6140000000004
305.359
446.37400000000014
448.5080000000001
407.4630000000001
282.343
484.9430000000002
395.82000000000005
290.577
340.42300000000023
313.83200000000005
420.3430000000002
386.4290000000001
320.399
516.6020000000002
330.24
251.30699999999993
488.50000000000017
400.47500000000025
402.49100000000027
449.2120000000001
380.4950000000003
434.54000000000013
475.54500000000013
299.334
474.5610000000003
407.5170000000001
344.43600000000004
486.5190000000002
450.52400000000017
328.37100000000004
346.33900000000006
396.51500000000004
347.7620000000001
427.4820000000002
412.9420000000001
492.39900000000034
288.41600000000005
376.49700000000024
378.45700000000005
306.3910000000001
400.4790000000001
302.761
313.3570000000001
453.54200000000026
174.247
386.54200000000014
316.74800000000005
380.4290000000002
451.52000000000027
280.371
500.01700000000034
378.4100000000001
401.4660000000001
312.413
368.418
446.5100000000001
345.3580000000001
346.7950000000001
449.47000000000014
430.9320000000003
439.55900000000014
278.184
323.35200000000003
277.349
332.154
347.80500000000006
381.45700000000005
378.41300000000007
352.391
359.4510000000002
275.289
355.25300000000004
345.358
461.99600000000027
525.6240000000003
293.32300000000004
271.276
175.195
330.45300000000003
243.226
450.29700000000014
327.3580000000001
434.53600000000023
327.4530000000002
428.5730000000002
311.40600000000006
304.31300000000005
395.4840000000001
271.276
297.27
238.33099999999996
316.203
470.5950000000001
404.55100000000033
382.4260000000001
297.3830000000001
355.35800000000006
549.6600000000002
371.3960000000001
352.4410000000001
390.18600000000015
491.4940000000002
402.47200000000015
239.25300000000001
222.204
313.4410000000002
283.327
275.308
371.4370000000002
382.87300000000005
329.35200000000003
363.2440000000001
378.2910000000001
427.3380000000002
250.298
300.694
359.451
343.27099999999996
197.30299999999994
455.3410000000001
275.329
394.9030000000003
461.31600000000026
489.59700000000026
300.3390000000001
385.92000000000024
405.47900000000004
239.28200000000004
234.28000000000003
188.226
243.26600000000002
333.48199999999997
172.187
425.435
415.44200000000023
333.49800000000016
337.305
498.57100000000037
369.4280000000001
433.5550000000003
384.4360000000002
503.6060000000003
454.5920000000003
416.4300000000002
433.4390000000002
195.17399999999998
203.14399999999998
415.4490000000001
371.43600000000015
347.4430000000001
354.4710000000002
421.4970000000002
316.401
256.73199999999997
466.9060000000002
467.67900000000026
318.829
404.59900000000016
416.5020000000001