41
39
37
35
54
50
37
39
31
41
57
42
36
56
47
39
52
38
44
44
49
50
48
52
50
53
59
51
44
34
26
30
54
51
44
51
24
44
24
55
45
36
26
36
51
44
34
39
29
50
36
41
42
41
37
59
42
48
39
40
45
30
36
52
43
50
43
30
30
36
52
40
43
52
42
39
33
36
23
35
39
37
44
33
37
56
45
30
44
28
39
35
37
53
33
51
48
44
53
39
30
48
34
39
29
57
55
28
45
32
31
27
54
49
37
33
28
40
56
41
44
25
42
63
40
44
40
32
33
33
28
45
50
37
43
46
50
63
37
48
42
47
50
60
47
57
35
33
28
22
35
42
49
52
35
26
45
45
44
56
41
29
25
39
32
59
56
29
53
61
52
42
50
52
46
44
37
53
56
46
35
27
48
53
33
56
33
41
40
53
45
65
56
60
41
39
37
53
43
53
39
46
43
38
37
37
34
57
36
31
56
52
28
44
42
40
39
46
51
41
50
34
40
45
31
50
64
54
53
22
53
40
54
32
33
40
46
51
35
29
45
33
38
46
31
50
42
43
37
18
56
45
36
32
52
67
49
28
44
67
48
32
24
51
68
47
52
40
43
53
48
46
48
33
32
34
55
32
57
44
27
56
40
51
38
38
47
46
26
37
26
35
38
35
53
43
34
47
50
44
46
42
46
51
30
40
47
32
47
25
57
62
34
35
21
57
44
30
36
42
52
43
32
20
44
35
38
40
54
49
37
32
48
42
32
51
45
56
38
49
52
44
34
32
44
39
45
54
18
45
47
48
28
33
27
66
43
43
34
34
58
38
40
32
51
44
44
44
41
51
52
49
54
25
36
53
37
58
51
65
25
57
42
66
52
38
37
42
37
43
53
52
32
66
38
44
50
24
59
31
30
28
35
29
46
23
27
37
29
25
71
47
45
41
35
46
33
44
37
40
46
26
55
42
50
38
30
41
55
69
29
36
50
60
31
38
31
37
42
43
36
48
36
30
52
52
36
30
45
49
63
59
61
50
51
42
44
35
31
59
44
44
45
56
25
69
54
54
40
48
39
55
56
52
43
60
44
39
47
55
29
52
31
55
50
42
52
44
49
36
37
48
34
37
36
26
39
37
34
53
45
43
61
26
37
35
31
47
37
40
47
41
45
30
31
32
43
37
48
40
44
55
54
34
33
39
35
51
45
50
35
45
26
38
52
64
46
53
46
46
46
30
33
34
28
60
38
44
29
39
38
59
29
43
30
62
43
34
34
53
49
36
40
54
27
57
47
47
51
53
39
37
39
31
55
55
48
37
36
46
38
20
19
34
50
33
56
41
37
53
27
48
41
33
53
42
48
46
32
41
29
50
36
30
46
42
39
47
38
51
40
52
49
30
47
27
38
55
30
50
37
35
28
36
43
60
38
42
43
33
46
63
33
45
41
49
43
39
53
42
63
31
34
45
39
43
44
36
35
50
66
51
40
40
36
41
46
43
57
40
62
42
37
49
37
45
43
45
31
52
46
38
55
23
55
44
28
49
37
47
42
43
42
56
41
56
30
26
39
53
39
63
38
26
41
45
47
40
44
48
56
48
42
36
39
41
32
38
39
38
58
31
41
57
33
42
42
36
44
47
51
51
54
51
36
37
35
32
53
35
40
41
42
47
59
35
49
31
29
29
44
49
30
39
51
40
44
54
34
48
55
62
50
49
50
45
30
68
60
37
57
59
42
25
37
56
44
35
36
34
36
33
33
56
23
40
32
55
55
31
48
31
50
42
32
49
38
43
43
56
33
33
45
44
56
53
31
40
43
47
51
42
38
49
44
42
34
38
25
45
48
34
42
50
34
58
32
33
49
41
45
48
25
29
23
53
45
66
37
43
32
52
63
44
43
40
25
33
42
51
40
33
56
21
34
54
51
38
52
43
43
44
47
48
28
40
38
63
56
38
33
43
64
33
55
51
32
46
41
42
51
50
35
48
45
43
44
42
38
37
40
39
52
46
38
33
30
30
37
26
43
39
62
32
45
35
36
35
43
37
43
41
48
54
34
46
46
37
43
30
29
45
60
37
42
37
59
33
28
60
34
31
46
29
57
45
55
34
63
37
41
37
55
27
59
37
46
42
37
47
42
42
39
26
51
47
49
41
53
38
53
34
52
27
29
38
54
38
44
37
21
41
23
59
52
39
44
37
49
58
45
24
46
32
37
39
48
51
35
32
33
42
75
46
36
54
39
63
37
28
52
23
45
44
46
28
30
52
37
35
33
44
44
34
39
32
41
40
37
27
54
56
36
33
60
38
39
45
56
32
32
53
51
52
30
24
37
43
38
28
36
41
59
41
28
33
60
60
21
45
47
47
46
34
29
21
21
57
40
47
50
53
33
43
38
43
43
58
38
53
46
41
44
47
43
64
30
49
29
33
46
49
42
50
48
49
35
40
31
47
27
47
46
42
53
43
47
51
41
42
26
59
27
29
58
49
31
27
50
38
49
62
29
49
31
23
41
48
39
60
45
46
32
56
35
49
39
32
45
37
69
34
43
53
48
36
58
46
27
44
31
44
47
35
64
30
32
69
47
47
48
44
55
59
41
60
52
42
60
55
41
47
45
41
49
46
46
31
50
46
38
47
35
34
54
24
45
36
46
55
30
61
55
49
33
43
51
42
43
59
48
49
50
43
30
31
41
46
48
46
38
31
36
44
50
60
33
34
22
36
29
50
38
54
38
51
36
37
46
32
42
26
35
55
48
46
35
44
65
47
40
47
58
46
26
27
34
35
39
50
42
36
39
36
42
30
32
43
31
20
43
30
41
58
62
33
41
45
29
26
22
27
39
22
54
55
37
45
66
40
49
52
64
52
49
56
24
23
46
44
39
41
54
35
30
56
51
34
49
49