65.06
82.0
58.120000000000005
90.9
166.14000000000001
89.90000000000002
112.41000000000001
82.28
29.1
87.66000000000001
104.81
64.36
93.73
84.40999999999998
76.46000000000001
49.410000000000004
81.54
72.18
59.81
69.3
72.96
102.44999999999999
69.72
115.56
69.46000000000001
92.94
104.33
92.51
69.72
87.24000000000001
12.89
67.27000000000001
134.9
73.02000000000001
104.28999999999999
95.58000000000001
34.15
104.37
59.53
79.37
58.64
72.97
29.54
68.5
29.1
54.02
76.66
70.13
76.22
58.86000000000001
81.69999999999999
49.410000000000004
29.33
41.57
55.4
79.18
71.42
79.96000000000001
74.47999999999999
54.02
69.85000000000001
55.120000000000005
35.580000000000005
70.16
70.31
75.13000000000001
83.55000000000001
38.33
38.33
50.94
88.50999999999999
60.85000000000001
69.72
78.51
64.47000000000001
66.91
45.75
81.18
45.75
27.740000000000002
58.64
74.44
62.300000000000004
35.94
25.78
114.56
67.43
66.65
63.69
106.22
80.68
56.07000000000001
84.34
125.21000000000001
29.1
68.5
77.82000000000001
64.11
82.45000000000002
47.78
81.19
67.79000000000002
80.42
72.39
23.47
106.83000000000001
111.42999999999998
41.9
73.22
52.58
46.61000000000001
62.46000000000001
78.93
95.91
51.54
20.310000000000002
29.54
75.71000000000001
75.71000000000001
46.09
44.760000000000005
30.71
61.8
79.9
42.43
86.10999999999999
38.33
79.51
45.379999999999995
98.02
42.24
73.91
75.71
87.84
61.92
66.58
137.95
136.31000000000003
67.87
72.47
66.02000000000001
105.82
129.76999999999998
101.28
149.29000000000002
103.4
126.64
84.5
67.76
24.92
55.29
27.299999999999997
117.69999999999999
108.01000000000002
70.41999999999999
55.11
91.59000000000002
54.34
51.540000000000006
44.0
90.7
64.15
84.08000000000001
91.01000000000002
57.42
113.6
98.0
29.1
113.68
210.51
110.18
88.50999999999999
89.99000000000001
45.400000000000006
70.54
102.41
66.4
93.21999999999998
86.24000000000001
44.370000000000005
56.150000000000006
72.2
76.88
72.22
68.49000000000001
127.59
30.330000000000005
27.740000000000002
39.6
61.77
74.66
122.31999999999996
120.47
130.17
59.53
94.31
50.7
130.4
51.54
95.58000000000001
66.84
68.53999999999999
67.15
53.010000000000005
82.33
55.13
52.60000000000001
60.93000000000001
67.60000000000001
63.470000000000006
84.3
71.53
36.42
34.89
72.04
54.88
70.84
32.78
66.92
41.910000000000004
50.69
49.85
57.620000000000005
54.02
47.56
78.39
122.66999999999999
104.03000000000003
96.02000000000001
95.39999999999999
64.36
75.63000000000001
96.39000000000001
76.75
67.42999999999999
103.28
60.93
118.10999999999999
49.42
39.94
118.28
54.88
87.09
106.79
75.19
88.02000000000001
73.39
77.98
44.0
51.75
79.37
127.58999999999997
64.36
98.13
89.27
86.01
109.44
70.16
61.88000000000001
114.09
118.19999999999999
61.69
50.19
61.040000000000006
110.21000000000001
101.73999999999998
74.29
41.13
72.54
71.55000000000001
61.36000000000001
60.620000000000005
90.29
76.38
70.31
47.56
88.39
55.73
83.2
36.97
44.1
114.09
94.32000000000001
88.39
111.02000000000001
74.68
56.51
76.15
41.57
66.38
59.64
46.61
83.48
72.48
65.78
77.0
90.15
57.120000000000005
97.19
49.85
51.22
71.86
60.93000000000001
68.53999999999999
75.42999999999999
72.64
98.53999999999999
46.39
75.02000000000001
69.64
123.48
114.03
71.09
60.45
27.299999999999997
83.55000000000001
105.4
93.55000000000001
59.59
88.60000000000001
80.64
59.81
41.13
50.19
81.99999999999999
6.48
49.85
66.84
102.98000000000002
103.51
79.8
66.84
79.78
56.330000000000005
99.68
90.52999999999999
85.89000000000001
115.61000000000001
80.32
41.99
44.81
72.91
70.67
64.34
84.08000000000001
81.92999999999999
78.95000000000002
72.17
12.03
71.76
38.769999999999996
120.27000000000001
46.400000000000006
33.29
66.2
94.92
93.9
107.08000000000001
55.400000000000006
35.53
126.11000000000003
55.400000000000006
67.60000000000001
58.56
124.01000000000002
28.16
77.32
76.57000000000001
50.080000000000005
91.86
92.25999999999999
84.94
50.72
67.43
41.99
66.12
66.09
74.66
88.75
204.90999999999997
70.14
94.76000000000002
78.51
130.74
23.550000000000004
61.96
46.34
62.470000000000006
33.730000000000004
58.64
58.64
129.81
79.53
122.32
55.73
44.0
55.13
25.78
94.80999999999999
70.28999999999999
44.370000000000005
41.489999999999995
49.81
71.69
58.81
46.010000000000005
24.06
79.62
60.18
46.17
126.28999999999999
93.72999999999999
44.120000000000005
85.13
59.08
70.67
56.33000000000001
60.03
74.15
75.71
21.700000000000003
89.64999999999999
78.72
75.71000000000001
107.94
66.92
69.89
66.35000000000001
102.49000000000001
149.41
29.54
35.83
69.72
117.19
55.400000000000006
59.92
72.48
70.56
71.34
94.63
87.66000000000001
84.5
73.47
72.19
83.35999999999999
80.22
58.120000000000005
50.69
64.99000000000001
81.47999999999999
108.71
90.52999999999999
57.00000000000001
113.28
80.37
50.94
72.2
20.310000000000002
51.81
76.46000000000001
80.05
80.55
58.95
103.18
51.8
140.73000000000002
99.78
124.6
74.85
100.85999999999999
62.22
146.19000000000003
144.11999999999998
82.32999999999998
42.010000000000005
67.39
73.12
34.370000000000005
63.410000000000004
74.49000000000001
50.8
95.58000000000001
61.190000000000005
98.76999999999998
71.33000000000001
86.48
49.410000000000004
88.16
63.57
33.2
84.67
83.36000000000001
66.74000000000001
36.1
97.35000000000001
41.13
85.84
50.940000000000005
36.440000000000005
97.16
86.36
63.57
90.82000000000001
83.03
54.88
70.99999999999999
51.58
62.300000000000004
47.28
71.18
75.76
58.64
92.34
58.7
47.78
63.58
62.1
60.45
64.63
27.05
67.87
93.44
57.260000000000005
73.8
70.31
89.49000000000001
20.310000000000002
87.11999999999999
49.33
78.95
43.6
95.5
49.33
27.740000000000002
56.25
107.61000000000001
61.440000000000005
62.21
61.800000000000004
98.27000000000001
82.45
66.03
62.21000000000001
29.96
99.86
99.54999999999998
52.650000000000006
64.74000000000001
21.700000000000003
73.86000000000001
80.91000000000001
131.74
54.629999999999995
55.87
66.38
111.24000000000001
78.83999999999999
72.47
58.56
131.05
88.91
68.76
101.41
90.7
59.67
74.68
73.85
82.27000000000001
88.92
90.64
96.89
70.31
80.67
71.45
79.39
64.01
79.16
55.13
66.64000000000001
55.13
77.78
12.03
26.3
66.74
128.45
84.5
98.76999999999998
89.02
40.54
79.27999999999999
63.60000000000001
88.69999999999999
72.7
46.400000000000006
124.64
53.68
98.47999999999999
78.51
29.540000000000003
87.66000000000001
49.74
75.02
80.04
32.78
77.05
67.35
62.47
87.74000000000001
41.99
62.58
75.42
145.39
71.41
62.470000000000006
82.45
67.77000000000001
91.53
86.33
78.91
47.78
44.120000000000005
49.410000000000004
33.120000000000005
84.56
84.27
62.620000000000005
75.27000000000001
82.63
94.08000000000001
58.64
81.7
85.24000000000001
38.769999999999996
64.63
78.51
62.32
121.64
49.74
100.42999999999999
73.22
102.25000000000001
67.43
68.61000000000001
77.62
91.97999999999999
75.63000000000001
62.550000000000004
39.41
51.22
87.28999999999999
98.31
98.15
99.16
66.48
82.89
32.7
87.99
46.53
70.16
67.43
82.92999999999999
81.93
49.410000000000004
155.84
76.82000000000001
49.85
45.550000000000004
70.72
62.22
102.00999999999999
94.08000000000001
37.3
97.29999999999998
80.89999999999999
99.22
91.16000000000001
20.310000000000002
84.86000000000001
93.45
92.94000000000001
67.57000000000001
69.04
89.02
94.1
93.72999999999999
82.4
79.78999999999999
29.54
83.29
77.4
49.410000000000004
89.27000000000001
42.47
53.39
49.410000000000004
88.96000000000001
63.410000000000004
33.09
85.83
74.95
111.16000000000001
103.53
61.440000000000005
72.7
57.120000000000005
78.95
41.93000000000001
74.58
41.57000000000001
35.580000000000005
110.85000000000001
53.60000000000001
67.77000000000001
78.63000000000001
77.92000000000002
54.370000000000005
69.68
46.53
70.67
116.95000000000002
115.65
75.21000000000001
119.27000000000001
113.25
47.67
59.11
98.71000000000001
46.61000000000001
66.15
76.13
59.54
66.4
95.07
91.65
116.92000000000002
46.17
42.010000000000005
47.56
68.87
17.07
64.63
93.73
74.49000000000001
66.65
100.72999999999999
74.97
84.5
84.30000000000001
35.25
57.61
104.81
78.03
84.06
66.4
105.92000000000002
54.88
59.5
118.85000000000002
87.74
64.43
97.74000000000001
107.88000000000002
117.56
23.47
57.010000000000005
78.59
86.36
62.480000000000004
57.42
90.79
55.84
37.28
64.03999999999999
88.48
12.03
55.980000000000004
33.29
91.56
72.44
12.03
91.4
12.89
90.93
68.75999999999999
51.8
82.17999999999999
89.61
49.769999999999996
58.2
108.64
70.92
54.02
54.78
73.22
105.29
163.70999999999998
43.85
84.73
71.33
85.34
57.17
32.34
55.629999999999995
98.93
148.70999999999998
71.26
85.95
98.22000000000001
46.92
52.65
107.61000000000001
63.83
44.53
80.37
51.96
119.6
63.99
29.1
72.17000000000002
72.83000000000001
59.730000000000004
93.50999999999999
56.21
50.36
76.3
94.5
90.92999999999999
59.28
44.81
66.48
45.15
110.41000000000003
126.91
94.09
74.83000000000001
40.629999999999995
66.39999999999999
65.38
71.47000000000001
87.74000000000001
55.400000000000006
71.34
93.88000000000001
72.72
77.25
115.53
75.44
58.2
99.27000000000001
57.690000000000005
39.07
81.42999999999999
78.09
80.81
74.2
69.03999999999999
26.71
174.2
129.85
42.24
85.42
35.580000000000005
116.36000000000001
33.2
114.46000000000001
73.22
70.23
93.89
87.25999999999999
88.66000000000001
101.80000000000001
112.25
46.010000000000005
42.010000000000005
72.68
72.28
90.28999999999999
87.63
35.010000000000005
62.470000000000006
54.26
58.64
40.620000000000005
118.74000000000001
77.25
42.35
36.15
31.23
88.14
42.24
95.58
67.91000000000001
137.2
56.150000000000006
97.47
70.15
147.32999999999998
63.41000000000001
74.49000000000001
50.72
110.01
35.53
81.33
126.73000000000002
75.94
64.77
57.690000000000005
54.88
24.19
25.42
70.4
74.67
90.28999999999999
46.84
48.72
54.35
66.84
49.93
103.86
107.72
34.03
49.410000000000004
102.67
54.63
118.63999999999999
63.910000000000004
111.38999999999999
63.47
78.03
71.34
87.22000000000001
89.55
128.7
46.06
145.94
92.51
33.010000000000005
102.96000000000001
34.03
73.47
52.61
150.94000000000003
65.37
32.78
104.81
40.63
43.86000000000001
73.59
95.05999999999999
83.47
165.24
58.519999999999996
107.19
38.33
67.49
58.2
49.410000000000004
75.27000000000001
89.8
40.620000000000005
39.19
51.870000000000005
79.23
104.81000000000002
126.30000000000001
49.25000000000001
72.67999999999999
88.83
111.83
67.23
52.57
29.54
85.83000000000001
30.49
77.25
109.25
66.92
95.58000000000001
13.11
54.02
81.17999999999999
61.92
151.29000000000002
99.35
58.900000000000006
51.42
49.410000000000004
92.95
87.28
39.849999999999994
68.96000000000001
30.71
92.24000000000001
89.43
91.54999999999998
60.45
70.93
90.84000000000002
46.92
76.45
46.17
54.88
90.54
41.13
80.56
59.080000000000005
71.78
94.06
94.59
37.28
111.65000000000002
103.07
88.69
62.699999999999996
118.91000000000001
72.24
142.22000000000003
55.84
125.71000000000001
53.160000000000004
63.60000000000001
62.470000000000006
93.94
82.72
33.45
15.27
77.25
67.87
45.39
32.34
66.39999999999999
75.97
93.22
78.03
46.92
61.77
41.85
106.63999999999999
72.83000000000001
95.74000000000001
100.77999999999999
20.310000000000002
78.51
93.88
45.47
42.010000000000005
66.24000000000001
73.63
104.7
83.09
74.69
69.03
92.36000000000001
69.15
56.23
66.48
72.47
127.74000000000001
73.34
66.48
52.650000000000006
86.69
78.83999999999999
52.23
70.98
94.92000000000002
74.08000000000001
131.22000000000003
57.53
51.46000000000001
136.07
97.33000000000001
50.27
75.02000000000001
102.32000000000001
89.8
113.67999999999999
32.78
58.89
75.61000000000001
75.63
70.16
114.48
60.7
91.65
75.71000000000001
73.07000000000001
79.61999999999999
75.75999999999999
96.69
58.56
147.48999999999998
75.35000000000001
41.99
102.73999999999998
89.19000000000001
68.06
32.11
92.75999999999999
58.29
126.83000000000001
96.30000000000001
32.34
84.14
75.00999999999999
58.2
66.48
94.22000000000001
67.49000000000001
79.39
83.42000000000002
78.95
67.00999999999999
93.30000000000001
49.410000000000004
34.47
68.02000000000001
104.87
83.99
41.99
83.99000000000001
73.34
63.050000000000004
110.51
89.53999999999999
51.1
77.75
98.77000000000001
33.120000000000005
49.85000000000001
18.84
79.37
103.95
79.9
98.34
50.95
52.33
132.65
84.94
81.00999999999999
84.5
92.26
72.96
69.72
75.92000000000002
104.54
87.12
66.48
89.6
103.10000000000001
129.54999999999998
111.79000000000002
77.92
91.9
108.82999999999998
49.410000000000004
88.82999999999998
25.240000000000002
75.71000000000001
94.03
79.63000000000001
96.7
58.2
86.44000000000001
105.25
28.68
41.9
69.9
83.88999999999999
91.67
32.34
127.64000000000001
124.32000000000002
65.79
33.730000000000004
97.98
120.37
72.81
75.09
175.62
67.87
101.74000000000001
156.95000000000002
84.07999999999998
88.24000000000001
73.66
47.78
88.16
92.25999999999999
95.16
84.34
74.06
54.37
81.16000000000001
71.0
113.08999999999999
89.10000000000001
76.75999999999999
79.62
73.44999999999999
85.32000000000001
73.22
105.09000000000002
44.0
53.839999999999996
62.24000000000001
46.17
84.21000000000001
93.78
66.12
91.29
41.57
20.310000000000002
93.41
51.24
91.72999999999999
47.25
116.16999999999999
96.57999999999998
70.75
92.26
120.06
81.59
77.10000000000001
37.81
89.61
32.7
46.61000000000001
70.19
79.08
101.05
84.86000000000001
41.57
46.17
86.61
58.64
71.06
72.39
41.99
25.16
78.49
47.56
65.12
127.36000000000001
108.13
72.21000000000001
45.230000000000004
71.53
66.49000000000001
59.06
26.3
63.25
47.400000000000006
45.75
75.02
106.28
69.72
96.16
76.72
127.19000000000001
109.56999999999998
87.95
93.02000000000001
80.57000000000001
104.44000000000001
80.23
65.49000000000001
62.05000000000001
86.48
42.68000000000001
57.78
35.53
73.66
58.64
17.07
110.42999999999999
52.650000000000006
32.34
20.95
80.05000000000001