3.714800000000001
4.880600000000005
2.2459999999999996
4.640400000000001
4.141780000000003
5.930600000000004
3.109800000000001
4.120000000000001
1.3945
2.370000000000001
3.604300000000003
0.6433000000000002
3.9990000000000023
1.9709999999999999
4.802500000000003
3.7440000000000024
4.177100000000002
4.415070000000004
4.508580000000003
1.6456599999999992
2.802200000000001
6.122400000000003
5.848900000000003
4.902620000000002
3.2649000000000017
5.169300000000002
1.0939999999999996
2.0397999999999996
2.7441000000000013
4.340520000000002
3.544620000000002
5.642600000000003
1.6139999999999994
3.8057000000000025
4.301020000000003
2.467600000000001
3.327180000000002
5.495700000000005
3.208400000000001
2.7311000000000005
5.099340000000005
3.514680000000001
3.568400000000003
3.8145000000000024
5.438500000000003
3.1708200000000017
3.6208000000000022
3.2799000000000023
3.2425400000000018
4.455600000000002
2.1796999999999995
2.7961800000000014
4.085500000000002
3.865400000000003
6.515700000000004
3.9929200000000034
5.029400000000002
3.4776000000000025
4.228600000000002
6.574400000000003
2.7488200000000003
3.053470000000001
4.080300000000003
3.731300000000002
4.246300000000002
4.7348000000000035
4.165600000000004
3.6786800000000017
4.375000000000004
1.9854999999999998
1.9178
3.9698600000000033
4.005700000000004
4.198800000000002
3.842900000000003
3.2377200000000013
3.4491000000000023
1.6855
4.121000000000004
6.234600000000004
4.194000000000003
3.684700000000003
1.3056
1.4188999999999996
4.475320000000003
1.7281999999999997
2.2468000000000004
4.764920000000004
3.4346000000000014
3.8202000000000034
1.1972199999999997
4.7562400000000045
4.265440000000002
3.987320000000003
4.9809000000000045
3.231600000000001
5.736200000000004
2.692100000000001
4.935200000000003
4.882700000000005
3.542200000000003
2.4145000000000016
4.309400000000003
1.1949999999999998
4.657400000000003
2.6643000000000017
3.8447000000000013
3.2612000000000014
2.490900000000001
4.625360000000003
2.926000000000001
3.0212200000000013
4.781400000000005
0.6881999999999998
3.879360000000003
1.536
3.597900000000001
4.5789000000000035
3.9395200000000035
3.780900000000004
4.585280000000003
1.8665999999999994
3.679420000000004
3.7616000000000023
2.20282
2.99038
5.885940000000004
4.614200000000003
4.793700000000003
3.7018000000000013
5.189100000000003
3.8426000000000027
5.646900000000002
4.336280000000004
4.167800000000003
2.927500000000001
3.9189000000000025
4.494600000000003
2.047599999999999
4.6505000000000045
4.560500000000004
2.0294399999999997
3.7988000000000035
2.7238800000000016
3.635920000000003
4.070400000000003
3.5261000000000022
3.9538400000000022
4.074200000000002
1.9336
3.452300000000002
2.8237200000000007
6.515700000000004
1.8715999999999997
0.05200000000000049
4.430400000000002
1.3403999999999996
3.3914000000000026
6.0424200000000035
6.936200000000007
2.5096
2.5872
5.586500000000005
3.318580000000002
3.1942000000000013
4.617500000000003
4.172000000000001
4.187800000000003
4.8183200000000035
3.442820000000002
4.853000000000003
4.479620000000003
6.3293000000000035
4.648200000000003
0.4570999999999996
4.208120000000004
2.69402
1.4347999999999999
4.316500000000003
4.248700000000003
3.7173400000000028
3.695700000000002
3.796280000000003
4.007120000000002
4.535200000000002
4.958980000000004
1.9389399999999999
4.152400000000004
3.8957200000000025
5.427500000000005
4.828400000000001
2.50152
4.279340000000003
2.908500000000001
6.770780000000003
3.1365000000000007
5.392120000000006
3.8755000000000024
0.7445999999999993
4.3251000000000035
3.410800000000002
4.812400000000003
2.3768000000000002
3.9640200000000023
4.639920000000003
3.2876000000000016
3.2292000000000014
3.475340000000001
3.7837200000000024
1.3550999999999993
2.3076
4.909120000000004
4.1470800000000025
3.041900000000001
2.3280000000000003
3.535700000000001
3.5098400000000023
4.292200000000004
4.869600000000004
2.5299000000000005
3.539240000000002
4.699900000000004
3.9449000000000027
4.955300000000003
5.742400000000005
3.471000000000002
3.0850000000000017
5.516720000000003
3.0374000000000017
3.4693000000000023
4.334900000000003
3.9955000000000025
3.181660000000001
1.9566999999999997
6.607500000000004
3.971300000000001
0.7615799999999999
3.0901000000000014
3.7776000000000023
2.668000000000001
2.2892000000000006
0.7148999999999999
3.573920000000001
4.949220000000003
3.351700000000002
4.161560000000002
3.218020000000002
3.4918000000000022
5.991800000000005
3.478320000000002
3.001500000000002
2.8805000000000014
4.142100000000003
3.527280000000002
2.839200000000001
4.326800000000002
4.749700000000003
5.546300000000003
4.8486800000000025
3.4307700000000017
5.506700000000005
3.933740000000003
1.8643399999999999
2.4619
3.6419000000000015
4.126300000000002
4.466400000000004
1.8703999999999994
3.3854000000000024
5.208600000000004
3.5060900000000013
4.304120000000003
3.870300000000002
4.291000000000004
6.382240000000009
4.076160000000003
4.686600000000003
4.229300000000003
3.7402000000000006
3.234700000000002
1.7128999999999999
3.033900000000001
2.30718
3.267400000000001
3.611720000000002
4.195600000000003
4.793700000000004
3.784300000000003
4.996540000000003
1.3127999999999997
4.683900000000003
4.679780000000004
4.601000000000006
3.6601200000000027
3.2058000000000018
4.006320000000002
5.157000000000002
3.6895000000000033
0.8996999999999997
2.6764600000000014
2.4940000000000007
2.0408
6.285900000000004
5.2097200000000035
6.975440000000003
4.138900000000002
2.8418400000000013
0.95167
5.061100000000002
2.773340000000001
3.089500000000001
4.214200000000003
6.460820000000005
3.203420000000002
1.5788000000000004
5.060000000000003
4.033300000000003
4.258100000000002
4.646200000000003
4.201800000000002