10
6
9
10
6
10
14
6
10
5
5
6
6
9
6
6
9
9
13
6
6
9
9
15
17
9
6
6
9
9
9
10
10
10
17
6
9
9
13
10
14
9
10
6
9
10
6
17
6
6
6
10
10
10
10
6
13
10
6
10
9
10
14
9
9
14
5
6
9
6
14
10
9
6
6
13
6
6
5
14
10
10
13
6
12
10
9
9
5
6
18
15
9
9
9
10
15
9
10
14
10
6
6
8
10
6
6
6
9
6
10
6
6
6
9
6
14
13
6
21
9
6
11
6
6
13
14
9
9
6
6
9
9
6
10
9
10
9
10
13
14
6
7
9
10
17
10
9
14
9
14
6
10
10
10
9
6
6
10
9
6
6
13
9
9
6
9
9
13
6
6
8
6
6
6
6
10
6
9
8
9
6
10
10
10
6
6
16
6
10
9
10
9
9
6
6
10
9
6
6
6
9
6
10
9
9
10
10
9
10
9
9
9
10
6
10
10
18
6
10
9
9
6
9
6
16
10
14
13
6
10
10
9
6
10
9
6
9
6
6
10
6
10
6
9
10
9
6
10
14
6
7
9
10
6
9
9
16
6
6
10
6
6
6
10
10
9
14
5
6
13
9
9
9
10
10
10
9
6
9
6
6
9
10
6
11
9
6
9
16
6
6
14
9
10
13
9
10
13
10
6
10
6
10
9
9
13
6
9
10
6
13
10
6
14
9
9
13
10
9