448.50800000000015
409.91700000000014
384.39600000000024
382.21700000000004
397.5190000000002
513.2970000000003
226.231
360.167
302.23800000000006
240.35299999999998
322.48400000000004
209.20099999999996
351.3180000000001
249.291
450.8340000000002
434.58300000000025
295.29800000000006
420.8560000000001
369.4280000000001
448.4350000000001
364.45200000000006
445.5250000000001
359.81600000000014
454.3490000000001
277.27900000000005
403.2940000000002
308.345
189.17
461.5590000000002
353.7650000000001
322.386
512.4040000000002
426.5020000000002
443.4960000000002
451.48600000000016
279.38
417.4680000000002
495.6080000000001
428.53600000000023
317.72799999999995
498.60800000000023
384.53000000000014
421.3360000000001
401.463
394.88300000000004
413.54300000000023
331.80300000000005
333.3430000000001
390.4900000000002
391.90100000000007
406.47900000000016
272.329
411.38700000000006
490.6520000000003
493.47900000000016
364.5370000000001
280.758
359.7650000000001
373.84000000000026
471.8600000000002
282.25100000000003
390.38000000000005
364.35300000000007
316.307
266.30400000000003
535.5560000000004
546.7580000000004
442.52200000000033
428.3990000000001
433.49000000000024
373.3720000000001
441.5310000000001
504.4610000000001
396.46800000000013
275.34799999999996
320.31200000000007
315.35400000000004
371.3510000000001
243.397
435.50800000000015
291.31000000000006
460.6250000000002
212.208
561.5280000000001
355.4440000000001
310.396
377.3530000000002
450.3320000000001
381.52900000000005
410.5180000000003
388.2840000000001
401.4660000000002
342.402
417.5560000000001
474.5080000000002
382.80700000000013
518.9970000000002
378.40700000000004
404.8570000000001
544.5510000000004
460.6250000000002
310.3090000000001
477.4390000000003
337.4300000000002
390.3700000000002
415.8770000000002
477.3590000000001
288.50700000000006
406.50800000000015
454.9430000000002
455.52100000000013
223.70299999999995
454.5040000000002
221.28
324.4090000000001
237.29899999999995
480.9960000000002
361.3970000000001
361.4380000000001
368.3410000000001
355.353
192.24300000000002
317.81600000000003
364.38600000000014
411.4430000000001
363.4460000000002
497.57600000000025
389.43600000000015
390.46400000000006
372.4270000000001
369.8330000000001
364.51700000000005
373.1950000000001
468.47300000000024
433.4390000000002
411.52700000000016
353.80500000000006
409.4420000000001
323.30800000000005
378.44700000000006
429.5200000000003
179.26299999999998
249.3289999999999
393.4750000000001
324.33600000000007
409.4450000000001
349.41100000000006
417.46500000000026
327.8400000000001
317.3450000000001
291.3499999999999
360.3950000000001
493.47900000000016
472.5480000000003
293.35200000000003
353.39900000000006
235.33100000000002
291.395
433.86600000000016
645.3190000000002
342.37600000000003
463.5810000000002
282.43100000000004
387.4420000000001
372.4700000000002
411.46100000000007
374.187
351.427
447.48700000000014
362.52000000000004
360.348
401.51000000000005
488.01100000000014
443.4810000000001
365.4150000000002
418.39600000000013
365.34100000000007
322.32800000000003
354.45300000000015
440.0150000000003
354.4350000000001
303.4120000000001
411.55000000000024
313.74000000000007
406.09700000000004
402.42500000000007
361.3840000000001
369.51500000000016
342.3510000000001
335.447
342.3670000000001
398.44400000000013
444.5350000000001
386.3890000000002
521.3480000000002
271.276
484.56700000000023
357.7970000000001
423.45000000000016
321.336
489.62000000000035
336.4410000000001
354.3620000000001
347.4140000000001
479.51800000000014
371.3740000000001
459.4580000000002
401.48800000000017
330.3400000000001
496.54900000000026
337.3790000000001
379.4370000000001
320.37300000000005
278.267
262.294
315.35
321.37600000000003
318.37600000000003
367.47400000000005
402.25200000000007
297.387
358.3930000000001
352.3860000000001
425.3110000000001
516.6230000000003
264.284
445.5660000000002
385.44800000000015
289.678
326.831
416.4030000000002
329.40700000000004
382.4260000000001
241.306
448.4820000000001
314.32200000000006
306.303
324.3400000000001
301.392
249.33899999999997
318.354
335.385
333.3870000000001
393.4180000000001
391.3850000000001
340.4480000000001
313.40600000000006
388.42
424.8840000000001
283.2490000000001
286.37899999999996
361.1910000000001
449.48800000000017
358.39700000000005
358.4190000000001
349.325
297.78499999999997
397.2720000000002
329.783
345.4530000000001
423.4720000000001
358.4880000000001
246.30999999999995
292.335
510.52700000000027
345.3980000000001
487.39800000000014
263.322
518.7040000000003
359.3850000000001
464.54700000000025
460.51500000000016
436.971
360.5040000000001
518.5620000000004
281.403
526.5930000000003
409.5400000000001
449.9390000000001
311.40600000000006
358.3500000000001
386.688
366.32900000000006
440.49200000000013
417.5120000000001
390.5270000000002
390.4640000000001
470.2350000000002
393.87400000000014
302.194
335.38800000000003
396.8300000000001
518.4740000000003
405.41200000000015
361.3800000000001
369.4750000000001
362.37600000000003
402.2240000000001
228.20299999999997
281.359
392.5540000000001
418.4490000000002
599.0940000000002
406.51100000000014
464.8050000000002
453.54500000000013
243.306
197.23799999999997
478.9130000000002
373.43400000000014
406.3940000000002
251.3289999999999
476.9850000000001
388.4140000000001
256.21299999999997
346.184
298.36300000000006
359.34100000000007
385.4230000000002
324.3320000000001