0.32971349522040305
0.6519803736464529
0.6910750280496601
0.44198316813222077
0.7437805034563919
0.18233305055953022
0.5159958739051682
0.5428846287092164
0.4632294048321562
0.7791983284544912
0.7872320444783847
0.6778474514564048
0.3935729005842665
0.6137607069117955
0.5383240925145493
0.49657346137550196
0.4445787480908079
0.28405962660457235
0.5609293054368694
0.15212107381879073
0.7581174237950821
0.34117100172885934
0.4664695044574257
0.6116343448766854
0.7423062895662207
0.4940009516038441
0.7366136734039211
0.7846097916467413
0.6319752673110466
0.5921331925775527
0.8020930227621705
0.19067456864462223
0.6412939522052964
0.40397443925888893
0.38834870089989176
0.6818431147330647
0.5217581124710047
0.30204216361693714
0.4968265021544904
0.7464954474605356
0.25737680926423495
0.7897364245957139
0.5072398600265313
0.8270025777234747
0.46795634450728335
0.8174653758087075
0.6487452181821106
0.5281348089682457
0.45841441550281437
0.615744033509871
0.4233412462968962
0.8007457001053916
0.5183107166740728
0.5356380064960545
0.1627966346548531
0.6936391042911056
0.6531800235489825
0.36142549263297935
0.8420678454064416
0.173388884800325
0.6758762546236321
0.6731934656159219
0.3740767040495321
0.8000166117437032
0.6954173419825469
0.34136442123624255
0.13678224714060547
0.5301747514829137
0.5746356443205024
0.4029974153916325
0.4991746663961431
0.4921087305637692
0.5056833409523755
0.627557309089063
0.7867333602377322
0.45943535353956827
0.7800168599712762
0.6088090735127341
0.6021457759051041
0.3645914684866003
0.4448888469548305
0.31378516771258663
0.5104357484058324
0.17337470088677254
0.5885737305895564
0.8333223380947942
0.4744899719611897
0.5704623892901596
0.6349815576126161
0.40123455349062853
0.3342149660752169
0.6844093860041406
0.6048725067304174
0.6577141015042057
0.2792948125444425
0.30426670857542315
0.366390146566633
0.7590936202315218
0.4728523685103944
0.38505631667312257
0.3146510331898377
0.5078678740283051
0.6047785884292982
0.7979930428706529
0.5508938918450467
0.41309429597163777
0.2574760679673299
0.6293533630805447
0.6793464943619169
0.4722274290567511
0.46081542685447274
0.670606714465932
0.19906788513051596
0.7630663592876883
0.608625416239094
0.7944701635822158
0.7093410428639054
0.5457749486198299
0.7424017482546144
0.3024789857828035
0.5213795095393327
0.6767729411327458
0.7885641218354765
0.3768828236238728
0.27880616993647545
0.7297139647024562
0.2228954361752415
0.39175858628392707
0.4958585887913049
0.3812616350812146
0.49508631602787867
0.45852648600081686
0.5041331004811792
0.23260949943362136
0.6938276703789887
0.6543009129524124
0.7302335233636452
0.7553893099440944
0.4358719908168905
0.7274544336242007
0.6713009927396322
0.7701737793320904
0.759367311741132
0.5637574458162444
0.5013306993619561
0.6929799105022101
0.7083349118180842
0.46308527375058856
0.32220714659439964
0.8342402983860249
0.6888603937598095
0.4795435657227483
0.1627966346548531
0.34959416246438074
0.299895113879308
0.7347282526969866
0.7315396930195435
0.6680267203250008
0.2840844116202456
0.1676472462674973
0.5250737889842161
0.47391636877696086
0.6414938928106774
0.5752003503640511
0.5712719960289196
0.4646897081653971
0.5610319389339534
0.6997463717512109
0.2812240963577225
0.5918141369939428
0.4162267283829806
0.6985175741724139
0.24725441276460797
0.24355188272921638
0.7571837476903702
0.29828274304008484
0.5642109350846726
0.5663459539267678
0.3591740045126641
0.45709640094227955
0.6065930716210604
0.6904689362116804
0.504274052904921
0.7773940287936261
0.4626360536933735
0.44793215527705416
0.8875083118276704
0.7574431647719674
0.32931078009792886
0.5583177181459796
0.6788345943402738
0.5582512265680221
0.4389459103795818
0.6616221665441104
0.1950226678107582
0.5076990792136491
0.301803785855016
0.7190884152323908
0.6058123456816832
0.3982858785702076
0.4542061508261678
0.6595638354128995
0.642005546454215
0.7090741459406664
0.19113155808901597
0.40572654798324326
0.42194802091480743
0.6668070086452641
0.6121180300510546
0.4994275981576632
0.6163886170449295
0.504153088217797
0.5370864736598668
0.5244059542097872
0.39697672035489656
0.6436013873196544
0.6909659019340852
0.4174008296523313
0.816989521810838
0.7089555755086299
0.5930458643647957
0.576724087776168
0.8151797892040124
0.48655705399522386
0.2521549060399339
0.6019823019623125
0.6898604081722547
0.3272378654862466
0.3109343889824115
0.8062803442804479
0.675391149778602
0.5433742727983141
0.5907357579218324
0.649328820004746
0.2577936046659016
0.434087043820676
0.6954513570212861
0.6693779974827837
0.6242188221882332
0.8276609367346173
0.8419903574541814
0.4506205221518241
0.749923767456422
0.43939737926975614
0.5370128552731344
0.7086292608692786
0.3490324345762272
0.7474674448524465
0.2891636907034777
0.7526190145122438
0.8877949096084796
0.4701487080383636
0.5442855376844326
0.7052350348162183
0.6884676453309113
0.4792563649504763
0.5029813844686577
0.48219809343623893
0.446668778362458
0.5885176579906771
0.36991517091932785
0.6149282196140773
0.8846848475123535
0.4958520691198744
0.3972762872644667
0.7059124704907975
0.5575358422580977
0.5607699132552827
0.16561969542086138
0.46302844634896567
0.37929856424533664
0.5295465884273448
0.7869252790014691
0.5777018504320439
0.1312357685384841
0.7296043478798447
0.18100491068427052
0.46257301971657183
0.4337484604235271
0.7598071181858544
0.36410287901571486
0.4196285584801637
0.6160081680211051
0.24556381123490958
0.5440430929575898
0.7672307858004456
0.4958585887913048
0.25878271395610614
0.5188620690358333
0.216284535941976
0.4932385194587346
0.6113056384654767
0.20890388604136406
0.5215898192982741
0.571718895492706
0.5690078836409442
0.6551427288710528
0.2824930793131076
0.5186156353232955
0.6932752176614094
0.5520076318616817
0.4090840297395887
0.13687633454595996
0.4433193280178568
0.3541141896266473
0.45436561083043625
0.7455932149689839
0.7065736295571704
0.2739002904304129
0.4664582760656641
0.2506272249428495
0.7603007591443581
0.3655835532889092
0.7384678166945385
0.419013529976834
0.6509377530877543
0.8013777858020594
0.33432601377639304
0.5396153666693281
0.5313062342834974