2.206812291846486
2.1298533830596877
3.07837559199994
2.8291792922843317
2.7688804924405837
2.35224765776578
2.2503261972251725
2.3276481710825383
3.1600779665676546
4.253203448474246
3.24745370747935
2.3942527577706105
2.1575631692973403
2.162195427994403
2.4703828314192737
2.268257229213532
2.1686728077362076
2.2437574716522164
2.2684024164575334
2.7774320851276215
2.946709500822598
2.2085885725795755
2.4803119510021236
2.3176346600472773
2.4273251588937086
2.204022104848276
2.0417578725213463
1.7807021241536773
2.749010093035576
2.2913805969567083
2.008683255373498
2.437798288906478
2.470702297496688
4.059909565808894
2.497885987527912
2.6097809542228845
2.8632809174437295
2.459712697271719
2.463683815974532
3.5987911923741063
2.875750686759792
2.3498338553680274
2.802352607825199
2.890042650635575
2.1351397480518077
2.1365294256917533
2.4136210229738353
2.393379807605214
2.455778568553585
2.1692837636491706
3.839862442317843
2.280048072697232
2.7730262986486043
2.4168406259468185
2.2733615743824593
2.231830695565833
2.29048424389209
3.158047493909188
1.7691673273014992
2.818937952058226
2.27287863369477
2.998069083124202
2.519727176412921
2.2386164556661416
2.6978730898211456
2.575509803985499
2.8208642348125412
3.2698504489169427
2.2319821048482744
2.3325971096612683
2.8730246819557497
2.1375735516015926
3.5692513703695203
1.9427344677395872
3.1524039072795498
2.3718990247258027
2.0766183091098345
2.571661248043707
3.414404413363016
2.413563685715774
1.9427497994944503
4.180548098314243
2.19276078304064
4.147265433083558
2.198334476230821
2.766215795391437
3.1320543965827436
2.559338161296118
2.520418793952855
3.3921680538837933
3.954350696553681
2.3933892384626994
2.0905150279252
2.17953921299433
2.501109531750478
2.481966121678182
2.9335965508083515
2.228963890816509
2.5257998612802623
2.717341286800554
4.1825461305146
2.3005191812578563
2.847078657269501
2.4360523894448214
2.1434520708424927
2.650957003429596
2.7639007366510615
2.6353240386694416
2.3988878079918674
2.509114313681973
2.279827829476522
2.3052523495731467
2.3568583716094196
2.6696418819417396
3.0827054534472067
1.6237353416521731
2.797248684535468
2.2778522355642945
3.4215572468346975
4.7140135392922975
2.363555547636837
2.8074526398217152
2.93158809267106
2.2715237951579663
2.344115578181638
2.54557917761335
2.571877348447618
2.342031372054782
2.1337196600472783
2.2048031043085103
2.280911510149245
2.7444186191276785
2.1200646977151045
2.730008632925074
3.066414417981221
2.0235858006421044
2.193931555200008
3.005770945617611
2.3698217180171675
3.41733940854909
3.349749763148072
2.409173150598514
1.8543855617385212
3.203941565846973
5.075763964902288
3.1667013549413356
2.78248507632677
2.81385257871756
2.3402178626812624
2.7603842466081243
1.905908212955989
2.1939007345044015
2.2733615743824593
4.155669662813624
3.5431152225861
2.431239012783596
1.7916872037718168
2.183003944318809
2.144953703602397
2.727942430392849
2.309234613944769
2.3496527752204344
3.2229330437088493
2.817231386197065
4.160368809065843
2.1736960112947052
2.698237774638182
2.625650460942156
2.4732549570184155
2.334200451048842
2.190682766571749
3.87841193705471
2.5339299273786207
3.0596738517427156
2.3571595785385053
2.6041201865843444
2.3686218659339264
2.0640440127812276
2.7228616092021216
2.796260281364649
3.093347877563425
3.3170009602266024
3.069700904562527
1.9131166574348963
2.4020351588937086
2.0262826195002663
2.673771103538428
3.273939697715104
2.4363268214609235
2.4444552554627013
2.5757864341098333
2.628198391790219
2.350106675512686
2.368412399084985
3.3713053897598098
1.9800633228639661
3.045227349502614
2.2021255590368813
2.745497659111818
2.290762569876305
2.9522809332123696
2.965735180551331
3.693567544576908
2.3445913961418547
2.529809457807632
2.438747719179151
2.3677167567586803
3.1076111150825216
3.3160759437957132
2.583499620089171
2.415765845557539
2.2248034843155438
2.165638374372435
2.265207050444781
2.468199733684223
2.042113679767402
2.2360426776984
2.3506000280702857
2.37054133977551
2.2787646977151024
2.5096151588937072
2.9160718159838748
2.3948364441528067
2.207448566386738
2.275289683656359
2.393673089821146
2.8350721262819842
2.242857450854032
2.619790200985845
2.4822101349647827
3.816726002600479
2.098450005407411
2.9774598371981185
1.7610072411812148
2.055155400115325
2.6792690147549933
3.4989346965666517
2.532434613944771
2.186497981626255
2.2712521391403993
2.2454332129559873
2.7991585229738334
2.179465249674548
1.9360964412210357
2.738241292191752
2.31959275874115
3.1288848956482953
2.428605843494827
2.5017434423982987
2.8218509002865417
2.0486211953995745
3.2445293284844254
3.086863179420451
2.500075985804333
1.8247044229898286
2.9012276433098148
2.065257466586015
2.579956188758308
2.8346959688931914
3.09901904581627
2.2884923444026253
2.2787069298641445
1.8734603490688375
3.149722593720673
4.0600253829594
2.4194322526907115
2.4095572845042543
3.4679917336842223
2.8114131409973364
2.9614171534974005
2.9662020920259806
3.0669824529267604
3.510795304946728
2.688926695392734
3.635872629629965
3.8791031450673037
2.8605691130369877
2.1243884077020603
2.3526017358027556
2.3775648896445762
3.93358758072282
2.783083533712375
2.1532278599399195
2.587093888144926
2.378464604058962
3.8463274309825994
2.0826290831242
2.6663932635074215
2.274898506201124
2.9800895110329098
2.3474962655284806
2.326998976016121
4.0402582078085905
2.8416444173727644
2.7258975819297255
2.496332926317489
2.443514781327144
2.5381551922205983
2.4822508698929298
3.7551265148067614
3.2880861540027357
2.0251062965151014
3.523797647134126
2.4591531513636724
2.332668340324643
2.070509235149501
3.5904803370614005
3.4589341763620167
2.220309531750475
3.250934483459943
2.195058105136381
2.720232185282759
3.1110562276104403
2.1653832843076337
2.163851310388422
2.631145158893709
2.0927882358167853
2.2306715239681996
2.170670824920153
2.034052487247937