53
49
46
42
54
68
27
48
42
23
32
29
52
27
62
47
42
57
44
59
42
52
48
44
39
44
35
24
58
46
35
72
49
61
53
29
46
60
52
39
62
43
47
49
47
50
37
44
45
42
52
31
52
54
67
42
30
40
42
67
39
50
46
41
34
70
57
50
43
58
48
58
67
44
36
43
36
41
22
50
40
55
28
72
39
33
55
51
39
51
53
48
42
51
56
44
59
46
47
66
55
39
59
36
47
44
55
27
48
54
53
26
66
33
39
23
57
46
50
50
50
20
36
43
50
44
63
46
48
51
42
39
41
66
56
51
41
50
39
51
54
19
29
41
53
53
40
55
34
38
36
48
67
56
30
41
26
35
52
48
42
52
31
40
57
53
46
40
55
39
58
51
55
54
43
57
48
39
45
44
41
30
42
38
37
47
46
45
46
35
40
43
55
46
50
40
61
41
55
47
61
37
48
42
65
49
58
49
46
63
42
46
38
36
37
38
42
38
43
42
34
48
43
44
58
32
54
46
41
35
53
38
43
21
53
42
33
39
36
28
33
43
41
53
42
37
40
46
49
35
34
40
58
44
42
51
35
41
39
40
53
44
28
37
60
41
55
30
55
52
62
61
45
38
73
36
68
41
53
33
51
36
47
49
48
46
46
61
44
42
40
48
73
45
45
40
47
50
31
36
41
49
75
49
46
52
32
25
55
41
49
32
60
46
35
35
33
52
46
41