139.1
48.720000000000006
123.22
81.5
74.43
159.38
60.69
92.05
124.29000000000002
36.36
52.81
100.62000000000002
117.97000000000001
56.260000000000005
120.41
67.87
80.67
93.92000000000002
83.60000000000001
186.69999999999996
88.66000000000001
84.23
65.61
62.300000000000004
59.160000000000004
70.67
85.59
63.33
95.58000000000001
81.15
59.06
159.38
110.08000000000001
114.65000000000002
87.97000000000001
50.72
124.7
76.03999999999999
59.27
72.80000000000001
88.44000000000001
68.16
95.86
71.0
65.21000000000001
69.72
74.58
64.85
104.97
49.769999999999996
108.66
62.98
83.56
65.99000000000001
139.51
22.08
24.06
74.19000000000001
70.67
133.84000000000003
84.58
112.22999999999999
100.13000000000001
45.330000000000005
73.63
129.84
93.22
100.62
11.41
117.37999999999997
105.65999999999998
73.1
74.75999999999999
76.66
40.05
98.25
77.25
112.93
33.120000000000005
64.11
67.53
74.57000000000001
72.19
199.72000000000003
64.11
74.6
120.24000000000001
57.61
62.300000000000004
82.08000000000001
159.82
71.53
59.290000000000006
79.37
61.94
93.54
66.48
67.23
79.50999999999999
92.78
74.57000000000001
95.58000000000001
96.97
102.9
73.59
89.02
127.36000000000001
6.48
87.46000000000001
94.82000000000001
123.05000000000001
20.310000000000002
110.73
64.03999999999999
55.35
30.930000000000003
72.96000000000001
71.55
78.10000000000001
119.61000000000001
102.91
38.050000000000004
43.7
94.91
136.8
95.04
101.41000000000001
80.3
74.44
83.67999999999999
61.040000000000006
32.78
68.27000000000001
123.25
80.23
82.27000000000001
66.4
70.99999999999999
104.78999999999999
41.9
62.21
35.25
20.310000000000002
132.02
88.53
78.84
66.4
97.21999999999998
36.42
69.85000000000001
37.38
106.39000000000001
139.51000000000002
107.94
115.62000000000002
68.65
58.36
53.93000000000001
56.26
42.68
71.78
79.39
28.15
115.47
85.43
86.28999999999998
96.7
66.4
109.75
32.78
84.71000000000001
58.480000000000004
70.75
101.38000000000001
107.27999999999999
101.41000000000001
94.83999999999999
94.28999999999999
95.46
68.45
64.58000000000001
69.27000000000001
91.14
59.31
20.95
71.35
116.75999999999999
35.910000000000004
91.03
42.35
55.980000000000004
111.00999999999999
77.75
119.51
71.16
87.76
57.23
73.22
114.32999999999998
71.88
79.17
45.480000000000004
93.73
66.4
138.72
114.06
106.09000000000002
96.53
87.63000000000001
129.89
95.08
61.56
62.980000000000004
79.12
73.85
86.63000000000001
48.3
46.34
53.93
88.49
63.06
52.60000000000001
75.99
80.9
95.46000000000001
55.13
95.58000000000001
68.02000000000001
101.75
31.73
63.300000000000004
55.63
130.03
41.489999999999995
96.37
95.96000000000001
128.36
93.94
33.45
50.8
80.68
66.23
66.4
84.27
95.86
55.13
52.260000000000005
62.99000000000001
89.36
42.24
50.160000000000004
60.440000000000005
97.29999999999998
90.19
87.66000000000001
106.49
22.0
55.13
63.230000000000004
102.52000000000001
90.78999999999999
34.47
49.410000000000004
81.47
108.33
66.4
68.5
68.13000000000001
93.22
71.88
101.14000000000001
100.42999999999999
74.66
32.78
155.52
50.82
136.59
72.7
125.21000000000001
49.33
111.68
71.62
114.72000000000003
102.36
84.66999999999999
32.78
74.44
125.92000000000002
60.06
141.34
64.95
84.49
173.98
95.86000000000001
83.56
93.79
55.980000000000004
73.32
74.60000000000001
60.05
76.80000000000001
101.57000000000002
142.55
71.26
46.92
88.6
49.33
73.26
112.57
104.57000000000001
117.45000000000002
33.120000000000005
72.31
49.85000000000001
94.83000000000001
69.97
35.53
97.74
65.50000000000001
65.74000000000001