374.41900000000015
270.723
492.5830000000002
405.4000000000001
357.4100000000001
371.4430000000001
333.7710000000001
370.4520000000001
271.276
348.2250000000001
434.5620000000003
320.34800000000007
365.36400000000003
298.302
357.4610000000001
459.94000000000017
340.35400000000004
348.3360000000001
281.268
296.305
365.4770000000001
410.88300000000015
369.42500000000007
380.53200000000004
325.4770000000002
389.4230000000001
348.4280000000001
305.3740000000001
363.41700000000003
382.5260000000003
453.63000000000034
190.24600000000004
307.394
289.33900000000006
356.40700000000004
407.85700000000014
400.5230000000001
347.3
348.4060000000002
244.298
487.5310000000002
313.333
271.324
374.4620000000002
300.42699999999996
185.22299999999998
465.93700000000024
343.41200000000015
293.33000000000004
349.43100000000015
329.3560000000001
314.77200000000005
402.9260000000002
334.759
466.4010000000001
429.5200000000003
231.29900000000004
313.38200000000006
382.24300000000005
450.44700000000023
327.43100000000004
449.89400000000023
357.1970000000001
208.33000000000004
249.741
349.4380000000001
442.0250000000002
514.5600000000004
267.28799999999995
356.809
275.312
382.21000000000004
537.4550000000003
433.83900000000006
434.00500000000045
379.2680000000001
447.9700000000002
301.371
485.34500000000025
389.54300000000023
243.28099999999998
255.29199999999994
409.67800000000005
249.26599999999996
216.32800000000003
420.4380000000001
445.5370000000002
387.45500000000015
223.294
426.4730000000003
264.35
363.2440000000001
374.46200000000016
379.5040000000001
394.39900000000017
439.4930000000001
477.9730000000003
420.8820000000002
393.36500000000007
400.45600000000013
290.1860000000001
283.371
417.87400000000014
296.326
326.30800000000005
510.5910000000003
327.38800000000015
493.60400000000016
330.46900000000016
441.2360000000001
499.58900000000045
333.413
421.50000000000006
321.32900000000006
342.37
405.4320000000002
370.41300000000007
397.3830000000001
401.8790000000001
336.4600000000001
374.2450000000001
394.4350000000001
399.4430000000002
437.5400000000001
375.49800000000005
252.339
342.42
368.3150000000001
415.89800000000014
301.264
431.6020000000002
413.49900000000025
367.40500000000014
364.195
324.409
345.4720000000003
497.41400000000016
301.3460000000002
548.7750000000003
457.6210000000002
327.38400000000007
390.43600000000015
358.46700000000016
325.437
247.29799999999994
310.76200000000006
487.5600000000003
309.3690000000001
300.314
336.482
348.3880000000001
382.4890000000001
321.4200000000001
235.352
503.60600000000034
230.245
468.61600000000027
351.85900000000004
328.41200000000015
383.4000000000001
312.395
418.5000000000002
373.40300000000013
370.40800000000013
310.404
348.38000000000005
444.6040000000001
443.5260000000001
390.44300000000004
374.4290000000001
416.48100000000017
328.4120000000002
284.34400000000005
217.31199999999993
383.4920000000003
269.3
373.2940000000001
349.38700000000006
296.37399999999997
346.45200000000006
377.46900000000005
419.4590000000002
335.38500000000016
332.363
240.09999999999997
344.8670000000001
317.385
466.56300000000005
335.79100000000005
346.427
312.369
331.213
335.4250000000001
499.6180000000003
528.9710000000001
229.23900000000003
551.7130000000002
358.44200000000006
308.333
340.42600000000004
351.40600000000006
447.5890000000001
341.314
230.31099999999998
312.369
391.39300000000014
351.4280000000001
263.322
272.307
325.8210000000001
227.26300000000003
381.4760000000001
393.4430000000001
360.4100000000002
317.345
485.6060000000003
336.391
532.6150000000005
520.0540000000001
408.54600000000016
319.36400000000003
420.4190000000001
486.6190000000002
280.371
228.273
463.8960000000002
403.4790000000002
466.9500000000001
240.35000000000002
522.9890000000003
440.5250000000004
314.32
395.91200000000026
316.401
388.4710000000002
389.49600000000027
296.326
490.5370000000003
374.37800000000016
333.457
309.394
440.54000000000025
205.25700000000003
267.284
350.338
453.54200000000026
316.832
374.80899999999997
505.5920000000002
304.39400000000006
379.2900000000002
498.46800000000036
348.24299999999994
378.9000000000001
365.47700000000015
398.29700000000025
393.59000000000003
243.68999999999997
375.47200000000015
389.84300000000013
468.5790000000003
239.702
493.56300000000016
279.36899999999997
502.58900000000034
416.4960000000001
347.418
338.4510000000002
452.4660000000002
274.324
460.35300000000007
230.223
409.5110000000002
340.4930000000001
334.44100000000014
339.307
427.50400000000013
369.42100000000016
260.253
349.32400000000007
283.331
346.456
281.271
422.52900000000034
417.46500000000015
270.288
338.407
327.403
433.5550000000002
357.45700000000016
475.97700000000015
307.309
351.40999999999997
312.37300000000005
376.4780000000001
357.43500000000006
415.51500000000016
319.40500000000014
326.3560000000001
328.368
434.94900000000007
405.4140000000001
465.6190000000003
319.2320000000001
317.3260000000001
360.3410000000002
250.25399999999996
371.8200000000002
462.57200000000034
388.48900000000015
250.29799999999997
324.7640000000001
213.34999999999997
291.37199999999996
346.77000000000004
425.5790000000001
356.4220000000001
310.39700000000005
474.57900000000024
282.31800000000004
299.39900000000006
471.5570000000002
302.73600000000005
349.415
435.5010000000002
463.4560000000001
320.78000000000003
204.22899999999998
240.25799999999998
422.48500000000024
354.43500000000023
378.5160000000002
379.4410000000001
412.8690000000002
281.344
429.5170000000001
450.5360000000003
249.69699999999997
489.52300000000037
209.35799999999995
392.49900000000014
391.4530000000002
430.3570000000002
313.42600000000004
396.45100000000014
296.37100000000004
313.31
364.4090000000001
465.5460000000002
356.40700000000004
424.5890000000002
303.339
308.33700000000005
236.34
227.288
338.49800000000016
336.39100000000013
250.21
397.49600000000015
342.786
311.40300000000013
432.72300000000007
365.38900000000007
290.42900000000003
405.5020000000002
312.41300000000007
376.4310000000001
199.25700000000003
389.5210000000001
427.5300000000003
486.6380000000003
498.04800000000023
373.4780000000003
428.5100000000003
387.5050000000001
254.30799999999996
212.22900000000004
337.379
419.27500000000015
381.3840000000001
405.4060000000001
329.40700000000004
324.38
379.85100000000006
415.4860000000002
479.54300000000023
419.4660000000002
522.5910000000002
555.5800000000004
322.43
422.50300000000027
350.4400000000001
313.425
394.47100000000023
322.39
414.5120000000003
428.4880000000001
504.62800000000027
402.49400000000014
434.51400000000024
251.31099999999998
296.28600000000006
446.59300000000013
329.403
250.29399999999995
339.3910000000001
510.6420000000005
419.49200000000013
309.373
236.31499999999997
216.244
361.4860000000002
468.5140000000002
573.5020000000002
338.35900000000004
490.5890000000002
408.5380000000003
464.4990000000002
480.5860000000003
405.8780000000002
369.46900000000016
331.799
344.36700000000013
307.393
427.50800000000015
367.44500000000016
381.8850000000003
438.49900000000025
441.4130000000002
299.242
485.9250000000003
233.658
282.75600000000003
394.5010000000001
438.5530000000002
474.9660000000001
445.5560000000002
253.345
323.34800000000007
367.3360000000001
411.5060000000003
451.5010000000004
305.33700000000005
413.56200000000024
348.42400000000015
381.5230000000001
459.4530000000001
295.72900000000004
453.56800000000015
417.8930000000003
323.35200000000015
341.41800000000006
441.4590000000001
475.3970000000002
395.41500000000013
328.7370000000001
286.334
388.8510000000001
483.9330000000003
303.358
340.77000000000004
412.5150000000001
479.5810000000003
427.5410000000003
302.399
550.6530000000002
251.695
278.337
359.40700000000004
376.3240000000001
223.275
231.25500000000002
317.37
229.28700000000003
410.4300000000001
433.5550000000002
297.285
404.4880000000002
522.6270000000003
345.4640000000002
243.26600000000002
289.31000000000006
407.8760000000001
339.4640000000001
417.56000000000034
349.4560000000001
284.403
390.4390000000002
386.4110000000001
463.51900000000023
424.51900000000023
483.57500000000033
282.30300000000005
353.4840000000001
274.14700000000005
355.3940000000001
316.4740000000001
440.54400000000027
277.349
297.398
340.77
433.87700000000007
441.6540000000002
404.5170000000001
437.54800000000023
266.26000000000005
430.6620000000002
344.4360000000001
421.47200000000004
383.3350000000001
263.253
393.44300000000015
415.3560000000003
381.23300000000006
278.337
383.4730000000001
355.7420000000001
310.31300000000005
365.42900000000014
370.8400000000001
367.452
295.406
334.419
320.33000000000004
245.24200000000002
392.47700000000015
275.32300000000004
555.7040000000003
234.29800000000003
486.6150000000003
257.24899999999997
384.4570000000001
234.328
353.42600000000016
505.55000000000024
355.478
349.35
352.3910000000001
387.41400000000016
357.4350000000001
362.4500000000001
403.46000000000015
391.4310000000002
229.239
228.267
407.4050000000001
350.7800000000001
367.36100000000016
400.5440000000002
252.226
365.4360000000001
295.38199999999995
421.4530000000001
318.41700000000003
354.34400000000005
277.35300000000007
313.3570000000001
372.4460000000001
446.41500000000013
414.5350000000002
330.38700000000006
235.37099999999995
316.7480000000001
379.37200000000024
447.84400000000005
470.5890000000003
462.78100000000023
406.51100000000014
307.38200000000006
337.223
385.4410000000001
396.2660000000001
413.47700000000015
385.439
330.431
440.52500000000026
345.24
306.15900000000005
412.39800000000014
404.46600000000024
276.361
400.4640000000003
420.46900000000016
300.318
452.8760000000002
481.6180000000002
375.4530000000001
339.307
282.392
401.557
368.21200000000005
340.4490000000001
334.353
407.46600000000024
266.75300000000004
434.51100000000014
332.42500000000007
382.48500000000024
429.58400000000023
351.4060000000001
432.44000000000017
438.4090000000001
390.48300000000006
453.48900000000003
317.35200000000003
349.4080000000001
292.29400000000004
400.86200000000014
340.33500000000004
368.74600000000004
373.5010000000003
269.3
429.4730000000002
466.56700000000023
325.773
261.241
421.5180000000002
544.6960000000004
491.5690000000004
388.4230000000002
366.4640000000001
388.3550000000001
548.7280000000003
310.7370000000001
341.37200000000007
376.48200000000014
312.7530000000001
357.4140000000001
442.64800000000025
355.41300000000007
369.40200000000016
368.4370000000001
267.438
361.44900000000024
391.38700000000006
403.45600000000024
517.5630000000003
455.5830000000003
332.231
418.54500000000013
335.83100000000024
414.4370000000002
377.47
451.4700000000001
419.47800000000007
385.93500000000006
448.58900000000034
285.38699999999994
392.82
404.4260000000001
316.4890000000001
386.4660000000001
432.5960000000002
411.5060000000002
403.48600000000016
340.36400000000003
340.3830000000001
390.53100000000023
272.348
382.46700000000004
466.5920000000001
335.4070000000001
466.5340000000002
417.50900000000024
433.53000000000014
394.4960000000001
314.3450000000001
416.50300000000016
325.36800000000005
493.4830000000001
447.5570000000003
357.20700000000005
304.331
398.53600000000023
249.35699999999997
257.33699999999993
391.47400000000016
386.4730000000002
361.4860000000002
427.276
424.4720000000001
389.28600000000006
588.1260000000002
418.8620000000001
304.4150000000001
470.52900000000034
396.4620000000001
474.35500000000013
513.4900000000001
428.47400000000016
405.90700000000015
412.4670000000001
210.25799999999998
358.463
383.7950000000001
276.752
435.52800000000013
392.5020000000002
270.29200000000003
277.20500000000004
188.22600000000003
327.40900000000005
485.9090000000002
327.40900000000005
251.21699999999998
283.12100000000004
418.5150000000001
387.5080000000001
448.52700000000016
334.37100000000004
271.2800000000001
503.44000000000034
383.4730000000001
379.2900000000001
279.748
346.45900000000006
356.4220000000001
475.9980000000002
373.3900000000001
377.37100000000004
346.30700000000013
384.8920000000002
249.269
298.3710000000001
538.7320000000003
382.3760000000001
344.253
458.49200000000025
433.5550000000002
464.5070000000002
349.22100000000006
458.53400000000016
231.27599999999998
411.50200000000024
343.8100000000001
329.3080000000001
356.4510000000001
391.9240000000001
459.56800000000027
316.38
281.32300000000004
336.369
467.5470000000003
442.9280000000003
490.6700000000004
356.516
341.3920000000001
274.284
287.275
224.30399999999997
192.189
237.29899999999998
349.43000000000006
399.4870000000001
464.3410000000002
390.4460000000001
243.69399999999993
402.41000000000014
464.97100000000034
457.6210000000002
382.3720000000001
393.6000000000002
345.63
374.49500000000006
332.3490000000001
285.30400000000003
304.393
319.40500000000003
433.46400000000017
265.73999999999995
466.4880000000001
382.48900000000015
404.3110000000001
315.394
311.34100000000007
371.82800000000003
403.54800000000023
470.03800000000024
316.36100000000005
296.278
389.5250000000002
450.9700000000002
229.27899999999997
399.4980000000001
532.5300000000003
287.3190000000001
468.5350000000003
251.289
239.318
405.47900000000016
299.35200000000003
357.41
329.403
483.48100000000017
300.40500000000003
302.374
303.369
340.3790000000001
408.4830000000002
351.33700000000005
499.97600000000034
386.51700000000005
462.5060000000002
365.9010000000001
395.48200000000026
442.2950000000002
426.5160000000002
304.80600000000004
294.354
387.5050000000001
449.5770000000002
369.3950000000001
365.3610000000001
391.8590000000002
378.8560000000003
387.4140000000001
260.366
389.52400000000006
305.355
323.35200000000003
340.46700000000004
278.307
288.37199999999996
352.2980000000001
413.43300000000016
428.4960000000002
578.0940000000003
433.94200000000006
386.52100000000013
319.7920000000001
378.85900000000004
376.42800000000005
324.427
270.335
314.454
382.4850000000002
359.47
219.67100000000002
397.9060000000002
256.257
478.5930000000004
395.4590000000002
544.7170000000003
356.3040000000002
262.353
269.40999999999997
383.08299999999997
237.60799999999995
472.6520000000005
349.47400000000005
359.42600000000016
412.51100000000014
443.5470000000002
399.4720000000002
370.4090000000001
399.4720000000002
271.382
532.4530000000002
286.71500000000003
298.342
419.3930000000001
386.4950000000003
417.85600000000017
473.55100000000016
364.4520000000001
438.94000000000017
410.42600000000004
252.269
532.6410000000004
247.24999999999994
483.5790000000003
431.24600000000004
395.4560000000001
271.316
396.46800000000013
426.58800000000014
576.6360000000001
497.5730000000003
361.4710000000002
331.5970000000001
248.36999999999998
335.41100000000006
393.5310000000002
366.8740000000002
376.481
394.4530000000001
427.4850000000001
419.4020000000001
330.34000000000003
400.5480000000002
287.363
338.3630000000001
431.5140000000001
405.4720000000001
405.5200000000002
241.29
310.26900000000006
352.8250000000002
339.8630000000001
478.5490000000004
390.43600000000015
400.47900000000027
385.53700000000015
194.25899999999996
332.759
398.5100000000001
455.3800000000002
344.4550000000002
456.4680000000002
398.4630000000002
210.38499999999993
346.271
415.3610000000002
415.5400000000002
291.229
447.34300000000013
371.44400000000013
417.48700000000014
383.4480000000001
515.5950000000003
335.36300000000006
422.4630000000002
268.32300000000004
356.49300000000017
223.30100000000002
327.34000000000003
482.00200000000024
479.4800000000002
316.3530000000001
279.361
230.223
199.25699999999998
329.4250000000001
422.5500000000002
250.75400000000002
386.38900000000007
271.70300000000003
406.4640000000003
322.19500000000005
374.4840000000002
301.30199999999996
381.38800000000026
211.28999999999996
325.86500000000024
401.4660000000002
467.5290000000002
434.35600000000005
307.39300000000003
240.25799999999998
444.5970000000003
267.288
386.4520000000001
366.45199999999994
273.295
443.56900000000036
448.4790000000002
292.448
172.231
365.4290000000002
432.52700000000016
278.337
270.335
399.4720000000002
275.695
387.39900000000006
237.32399999999993
383.4960000000002
367.35700000000014
318.4650000000001
349.408
250.36699999999996
505.64000000000027
267.288
299.717
416.4810000000003
369.4490000000001
357.37000000000006
460.57700000000017
381.46500000000003
503.38200000000035
339.2770000000002
391.47100000000006
191.66099999999997
391.53700000000026
384.27000000000015
400.4380000000001
278.66099999999994
517.5850000000002
445.5630000000002
307.3710000000001
501.60500000000025
247.34399999999997
283.32700000000006
432.4980000000002
410.49200000000025
458.54000000000025
359.8380000000001
402.45000000000016
368.82400000000007
487.62200000000036
221.25599999999994
376.4120000000001
305.38200000000006
345.44300000000004
324.4500000000001
304.37500000000006
372.4250000000001
442.4930000000001
305.34100000000007
351.305
291.306
277.374
269.32399999999996
395.93100000000015
413.29300000000006
439.9680000000002
521.6590000000003
335.7940000000001
352.83899999999994
335.3600000000001
272.348
331.29000000000013
320.35200000000003
318.37600000000003
455.53900000000016
482.62500000000034
363.46400000000006
384.4510000000001
236.3389999999999
502.7320000000005
247.29799999999997
519.6310000000002
248.28500000000003
464.5470000000002
461.31600000000026
285.325
342.4140000000002
480.4320000000003
336.39500000000015
396.83000000000015
475.52400000000017
261.331
358.3580000000001
407.4730000000002
328.456
199.16599999999997
323.38100000000003
364.43000000000006
336.43800000000005
316.198
358.43800000000016
396.32500000000016
298.298
330.771
296.355
343.434
490.53900000000016
288.34700000000004
277.284
244.25400000000002
420.4560000000001
361.7850000000001
414.45800000000025
350.3740000000001
330.475
397.8840000000001
438.53000000000014
294.314
186.21800000000002
532.6850000000004
407.45200000000006
324.37600000000003
429.4800000000002
317.297
324.174
327.47300000000024
313.382
454.3240000000002
271.345
380.42900000000003
373.43400000000014
305.175
371.41200000000015
320.41700000000003
424.37500000000006
280.393
383.42300000000006
442.5630000000003
405.5240000000001
394.5990000000002
322.412
470.50700000000023
221.25599999999994
336.80000000000007
416.4810000000001
391.4930000000002
460.5520000000003
312.7570000000001
356.3780000000001
431.49600000000015
355.39400000000006
307.77700000000004
281.355
268.36000000000007
504.6310000000005
394.4780000000002
330.4570000000001
448.5480000000001
425.5070000000003
294.354
349.85800000000023
314.8160000000001
302.286
276.335
471.57900000000024
547.9860000000001
271.3639999999999
333.74300000000005
309.36499999999995
292.35400000000004
350.21600000000007
433.5050000000002
384.4510000000001
281.315
404.4740000000001
325.40500000000014
342.439
274.345
381.4720000000002
384.4610000000002
210.36499999999995
326.356
263.724
219.29199999999997
392.4770000000001
393.53000000000003
429.5170000000002
381.8190000000001
338.31
484.50800000000027
448.97600000000017
357.8850000000001
246.26199999999994
258.19499999999994
543.5520000000002
477.48300000000035
354.51900000000023
255.321
363.4140000000002
270.357
225.25500000000002
412.3790000000002
351.4100000000002
327.4530000000001
315.38
472.56700000000035
339.41600000000005
477.4510000000002
173.21900000000002
405.83700000000016
353.4220000000001
382.4630000000001
328.824
403.91300000000007
354.45000000000016
353.3750000000001
312.394
381.47600000000006
464.5510000000002
340.3790000000001
336.4350000000001
343.818
436.4680000000002
185.179
299.32599999999996
331.36800000000005
391.4720000000001
406.44800000000015
351.8410000000001
522.6270000000003
359.5140000000002
235.67800000000005
374.44100000000014
322.36
370.4080000000002
465.98400000000015
294.405
388.46700000000016
388.47400000000005
287.38399999999996
360.4820000000001
253.25399999999996
365.41100000000006
416.5650000000003
378.48000000000013
475.56700000000035
299.41800000000006
281.35599999999994
231.29900000000004
261.28100000000006
476.53600000000034
380.47000000000014
364.401
390.4210000000001
321.365
345.401
463.53000000000037
267.373
371.5060000000002
373.359
306.39400000000006
428.4360000000001
348.428
500.5960000000003
359.4070000000001
386.23800000000017
460.55200000000036
408.37800000000016
480.224
303.355
429.36100000000005
445.4720000000002
396.1570000000001
373.2280000000002
288.37600000000003
445.56600000000026
175.23100000000002
482.56500000000017
439.55600000000015
407.3760000000001
355.394
365.8240000000001
446.51100000000025
353.4550000000001
469.60700000000026
487.5750000000002
499.5890000000002
267.35699999999997
341.39200000000005
291.6940000000001
353.39900000000006
491.56900000000036
407.9010000000003
338.4510000000001
381.4130000000001
335.2370000000001
474.57900000000035
373.41600000000005
299.2420000000001
380.4500000000001
376.3860000000001
291.363
426.4730000000003
395.55000000000007
466.9910000000002
495.6420000000004
397.90600000000006
491.56700000000023
330.653
250.30100000000002
266.30099999999993
221.3
349.4340000000001
293.301
473.5890000000003
465.6190000000002
516.5980000000002
361.832
426.4730000000002
352.39000000000016
311.3810000000001
481.5960000000003
423.4690000000001
249.35799999999995
293.301
475.5960000000001
449.4770000000001
541.6740000000002
280.364
316.26900000000006