0.5423499080412744
0.7346736698576527
0.3514118466390803
0.45232975225489785
0.6442056847862877
0.6864620163080712
0.6441841339465889
0.655820670152223
0.7254717509437728
0.7235161021667894
0.34716700883554147
0.40873480172245835
0.6815843944880075
0.6270335029422553
0.5474194296134683
0.521369848206479
0.8674343708844947
0.7726387999998684
0.4348971837828496
0.6802519969315721
0.6424889507749205
0.6010172440210682
0.6879628770598029
0.7200398069219331
0.7377136103488772
0.6661035648995892
0.8089194411208214
0.8190082588516826
0.7722161813976455
0.61214482294369
0.3377424630934176
0.7530721498126287
0.5629555136453243
0.818400528825065
0.6986471018181369
0.6806736763107911
0.5685653944844681
0.6950187653518441
0.7230294818840973
0.8711079006198641
0.35444723945885803
0.5718899053835184
0.6599782991644009
0.8435768133210384
0.7976999906763825
0.5993065755181807
0.6120000435481101
0.5241070135758709
0.7327146007796765
0.8516065703936195
0.915935805601737
0.3719501724436027
0.7764920653304642
0.8218369512019225
0.7110486370669442
0.6268708513832681
0.7063458160810134
0.9401500741963125
0.7459211417551207
0.38891855785938134
0.45460403627687207
0.6490248175792674
0.6284830818134111
0.7469036758533447
0.6983921956969873
0.67988516765312
0.7373615467562781
0.4690307793725782
0.9239950957296494
0.6595512827454988
0.7003494132276148
0.7452322290925473
0.2913941221693237
0.4132527287872519
0.5326436355254514
0.5668740755568493
0.4163954951478772
0.9479062910779594
0.3939180425873305
0.6806546642307192
0.8799132503038096
0.7642506299444056
0.5287774461615179
0.8261116484407071
0.8055169736939871
0.5542053660825388
0.49409270069449723
0.6699530273326573
0.748430850944582
0.671510116621552
0.8148042906692398
0.5531213954078386
0.8722837155933651
0.8836585129553242
0.6199732772821619
0.5820281281908783
0.5196080936138814
0.5375862564581422
0.8667887226997022
0.31853450746789286
0.8998477708670878
0.5390181597001125
0.6227561536760522
0.69883487185156
0.8140460890596443
0.5278593050051177
0.6086118357548361
0.5725406582932372
0.594112140236692
0.3569567084540029
0.535929955234797
0.9069457365793755
0.32771269301644335
0.8537799587778635
0.9240670599632269
0.595964622655627
0.5084144854134247
0.14728058168334415
0.5568595838878967
0.6837165913431643
0.8144752300398805
0.5315722269097732
0.7734593447772674
0.447967699446464
0.748031396510889
0.8631904692325159
0.7927347752620008
0.598902796649255
0.6058539133847923
0.7876628746589648
0.5110746841242744
0.4076961974761646
0.6068528231765408
0.5814576277202264
0.5769998526271035
0.8578308160840229
0.32748243137124666
0.7001503786563937
0.42408593741547984
0.5838209116720222
0.8602779821830487
0.5738571272267629
0.8432832918002963
0.7351376263221002
0.4935445445737828
0.6718638627284622
0.2729601804950481
0.756892118903051
0.6800703317886598
0.6903599442693071
0.43814310086050917
0.6050127496269733
0.692630300980712
0.7714608971646588
0.41550679705367655
0.5723785701296643
0.6159930432856667
0.8079915569314724
0.8118391186248086
0.49247781841733496
0.8722025061747538
0.3054965919127284
0.8613987751080453
0.41331390430068254
0.5017483982423208
0.8069760538200021
0.3409281115455473
0.32012230809206693
0.5263816444870434
0.4661972415978903
0.49726010285672567
0.848775783618795
0.5938978833344865
0.7440380279900399
0.6956742744298389
0.48799532436668047
0.7937725855418729
0.8390742826156969
0.9060850140819758
0.8744968534283378
0.5538781868092878
0.41499456291199094
0.7695578171072399
0.6226211221644398
0.8071062228410743
0.7878772572606879
0.847718002448834
0.4761293451570597
0.7818329246635047
0.8379470616904959
0.8032573741449699
0.9126338564627896
0.8135329496675742
0.4352448428569852
0.3782322012323759
0.5548637215749174
0.4313766894186632
0.5333795930511086
0.7312105185594682
0.8015881597768212
0.6232627636659603
0.2495879098851004
0.7667789498814368
0.6289586270854255
0.9401831560408597
0.7316122759484409
0.7646967404163286
0.8355268421119942
0.5307744368114361
0.8731261217628853
0.6450987045821549
0.7145242535297044
0.5811343508579276
0.9152647299959528
0.5268068615646908
0.6787726543819723
0.723232375439787
0.35544882739068334
0.5936072314935533
0.51086740187296
0.7434053978797287
0.5012588831257314
0.3196007393276672
0.8503749508779156
0.4563488381119687
0.43740719735728834
0.5766418851777149
0.2717562520185275
0.7977462845021502
0.368183973885426
0.6118305487475846
0.6561863054865524
0.8158978788794455
0.9434614604651926
0.6743043669350625
0.7334672979433019
0.7733368437065129
0.2986336361398229
0.6730436862007815
0.7940274635307896
0.4187427869770111
0.41538559534392666
0.8134945495618899
0.5274215892861892
0.524724374000802
0.4191155656830757
0.8819803258459877
0.5245481289555631
0.3652665681079132
0.6434059087665382
0.7703370748991747
0.6496723649327091
0.9222688984296777
0.7968787161815907
0.6352156327556618
0.7740359763141061
0.8213393441078426
0.4914678920007784
0.5935567339330723
0.6670437654604467
0.5094008214412326
0.7927444816326983
0.3039963175340153
0.6046511368455956
0.5348535325731705
0.41288277612962326
0.8478810207628068
0.7900830592086187
0.3058116393377423
0.7773501184594362
0.6036647759428965
0.7648884791877779
0.6491754564038796
0.6800536779236193
0.4715706839228588
0.5123861864496652
0.38666331640178214
0.4428094887643859
0.5706545642881962
0.4752626566840368
0.8178557128497769
0.5901399466570278
0.5437700541008459
0.6004420946285995
0.49578964416031995
0.866648322858668
0.8941022614332694
0.9167019621541054
0.5208527101306807
0.6548563981632343
0.3924808008363981
0.5099824844488526
0.5913456045988783
0.7472693029846093
0.8195706435271594
0.9031540803430502
0.6135524497948779
0.606726139505081
0.9199382881457376
0.8609667479396617
0.6603287286096478
0.528080414737764
0.466144045477947
0.8010112763092136
0.6519527992138734
0.4632106599120098
0.6568746663235313
0.7118729636458739
0.6041589743346077
0.8241581970108192
0.699182927425666
0.8267165324248764
0.5307802435792804
0.49600236042084916
0.7690030591098072
0.3873566430361181
0.7155747257209834
0.869954288867925
0.4188252543823678
0.757885703160048
0.7222037112025016
0.3653972513302024
0.6767778326100491
0.5310469383641476
0.43370943247053384
0.6860720164608184
0.8452133995064894
0.789185278317632
0.6155164219210494
0.5190603043815498
0.7844427463040474
0.6577722090111434
0.5033212496813819
0.316406931214996
0.5925930127320715
0.6266590077750712
0.5201577897752336
0.907363595706367
0.4204120224724278
0.6575934040655909
0.6035409907487443
0.5952263996343432
0.5764388457540591
0.7516007449788247
0.42010576338338285
0.40166915543708037
0.4000041507716832
0.5239151612714775
0.3030794906585064
0.42377246753234543
0.6774367861271785
0.6532982967842299
0.8549587569972305
0.866993133056498
0.5967150636775868
0.49296179350875324
0.7623248550367147
0.4774867566241063
0.5708594918359619
0.7867712550261378
0.7456705404989705
0.7508989331107726
0.8047171186168249
0.7198568150567163
0.6253496925311001
0.6664700004198754
0.7464815469130851
0.8192948449047756
0.8522099632685504
0.5583487812494745
0.3954041757659703
0.375233401162566
0.8924359810919926
0.7507036098527854
0.6764899619267039
0.5751495839238746
0.6015504494536165
0.7704294644683488
0.7548380039457592
0.6927408979956258
0.32849008458751294
0.6017421390034788
0.757933322200185
0.564627608574753
0.6719382286262804
0.4053749094635989
0.4806509714113971
0.28281472813632685
0.3385026107017431
0.8474796096116504
0.7004354853613382
0.7346208103069659
0.7632273405466784
0.5469769640636916
0.8962277219886585
0.5502147547103947
0.3793273690518448
0.31416446754259053
0.6589336274692644
0.7493499142196661
0.896010566546445
0.4851150575944945
0.25258260998377047
0.6091793558905556
0.7280395492728416
0.8464873233180102
0.28152525621993374
0.49155738315488723
0.625307626481358
0.7680471671085235
0.7759679961078866
0.8892878984174554
0.35439631728007837
0.32421509265286724
0.2652458553902925
0.3086670088117802
0.4648644922085621
0.41419583258021925
0.40465182874275785
0.7924041147559199
0.8469793643643634
0.7677045155489584
0.8683642121288332
0.7912248322873291
0.5306247950806935
0.7382762441914898
0.851721206516762
0.509072066423801
0.48143047610788886
0.2528535285548269
0.592796029285444
0.6578315212075521
0.8492875312000561
0.26999476474963907
0.523528342360158
0.4902830419385595
0.5796191406245425
0.908911042465143
0.6311503748099762
0.553405804461447
0.6956093339140834
0.6189375693511459
0.7953454677528318
0.4871202184163827
0.8951198672062071
0.6024845847372835
0.425481352852932
0.7630288939101563
0.5643146360501236
0.7541628666113253
0.8047756386210547
0.5478933209822998
0.5234593391431194
0.5342393036733337
0.5574160471962223
0.6670578456433678
0.5973646537835308
0.5708938023755177
0.3172672866968316
0.8332011128334974
0.7916091141029289
0.6968536981219262
0.4905560979142142
0.561819984239679
0.8405352396946696
0.4638209300266249
0.35635874606950557
0.8415681505162423
0.7239515337288732
0.5228815255003962
0.6612839661690165
0.7959162457615996
0.6729893069570728
0.5841748076890773
0.5120941103724462
0.7530512087728022
0.36987482508430564
0.7653769582969605
0.5129512570446328
0.8269722883457439
0.8594591794855917
0.849120687457354
0.4075625271411665
0.5923463884081717
0.5970457705058314
0.7509043733960107
0.6517944888520029
0.5930919720762402
0.3104993499658967
0.3763940515878456
0.6418615040838265
0.4864311907511541
0.7477942937613276
0.7373122987001973
0.847570989956652
0.5481737089621599
0.8525202400674825
0.6149890683644661
0.9328318816172932
0.8726630407725311
0.724158442246742
0.611652250865094
0.32136434291853044
0.5432282328777122
0.3168861009335985
0.6239762202333625
0.5249206020218379
0.8571125538431328
0.47334854280533806
0.41063995990313107
0.661084069049828
0.6727662044029873
0.4879756844788442
0.3848935440277538
0.6643929344975166
0.7082604315113833
0.5718096200128232
0.8633825160735401
0.4621536709822062
0.7239207961349841
0.4421540161080464
0.6278050268797849
0.8033405778714842
0.3747063899987303
0.5913624790688312
0.7828332679402888
0.8007873331031977
0.18090129975238747
0.7311221019289565
0.4865271086718331
0.741792921274803
0.6444213846842138
0.8845162439213647
0.77593519914056
0.484605308681089
0.7307835541703742
0.31604015452254963
0.7040862743081403
0.5699265401685758
0.7545499222392349
0.4868194602283321
0.4131697491328691
0.5180013151707407
0.6299501643338593
0.6134896703834352
0.5055072592235333
0.475343289793159
0.8037723104967771
0.6892155586174677
0.8809348553098629
0.3312430283557671
0.6998572259394912
0.4230949980784663
0.4648926400390186
0.5896631903156042
0.8497177710721263
0.676403722609132
0.8944525649098134
0.18901948340316105
0.6710571889406363
0.6912985344623864
0.8115478482385278
0.6906358001177705
0.826898540427638
0.4483998518645093
0.6673458321861983
0.5078483072567785
0.35884236953270937
0.6268473589054439
0.6614983610764377
0.603279419085527
0.689285634874655
0.5136390329768072
0.8288226520617323
0.8663576382882855
0.632629729406963
0.6078649192754672
0.627398639810878
0.5979241814755951
0.6366302691513144
0.88362727811586
0.7148505869297781
0.4648850747739551
0.709591259554745
0.5775085847533585
0.5237887715536836
0.5811323509084982
0.6415252543328439
0.7455590428798904
0.5261355033326756
0.662610178132057
0.7410987676869216
0.8053251291686513
0.656453929579612
0.8013522691445022
0.5148146971768464
0.812041784493915
0.5170797557145589
0.7335116995508071
0.7600550635422236
0.34540816490351545
0.5987547521983518
0.6334403979658206
0.3656057040645023
0.608476983450137
0.6135274630376185
0.6725457068977934
0.72365840122486
0.40667120095301734
0.6926217862845788
0.6732158350659828
0.9314755998229514
0.39199162677855515
0.3743579638697955
0.8767891321581245
0.512388462072029
0.5390795870065781
0.4959257548013507
0.4852095330652252
0.44696398032716567
0.7663856043599672
0.5430267705129285
0.44521002581852837
0.6686555699048127
0.3812096033862111
0.5617123871585953
0.8534396243966251
0.6687867174574239
0.5402214182941262
0.8661847254539932
0.668657001302595
0.7469946513452089
0.7526212179982743
0.7168094900617041
0.46140611238514834
0.7457050896579382
0.2823299638945389
0.2610735918407207
0.7469919232418705
0.6353643323711465
0.5064414364919811
0.5651828222824838
0.6402424625921291
0.5780711333988161
0.7285579119817077
0.7506920943252877
0.6434594625151168
0.6136300076654856
0.7034446068684927
0.674991490718098
0.7890565772110171
0.5039436755326008
0.43753390382186047
0.7621975979019943
0.7712664975962739
0.6001726199312454
0.7210479860532374
0.6997908733593257
0.8402390596624486
0.4994221973862107
0.3675488486496004
0.7964975620845347
0.19884433606621427
0.48607501942474296
0.6859272057436
0.42345636704733247
0.49328174233373523
0.6832857762552298
0.7949950578654692
0.25723360599028405
0.6342543854040383
0.7621882370596099
0.9228992241335726
0.50576521669728
0.7989929073754962
0.8977415583051346
0.6871535854483851
0.7920612016124259
0.810203645391213
0.5128546584061467
0.49664318779942895
0.5815666192365603
0.35500290688746583
0.5878402449656025
0.8569326536464944
0.44890902186810727
0.558048256131941
0.5011652863985188
0.518438116035074
0.37297566672082144
0.7386717820982031
0.6971348938311196
0.565581338365143
0.7730652624380571
0.583814191082247
0.6744892346454404
0.5599812573390385
0.846061386020522
0.7029842039015651
0.6864981156156845
0.4999071081471913
0.5129872756546574
0.3536391027441362
0.7545407233430901
0.531334559393542
0.9410631898237551
0.6428538624256058
0.6449887383781565
0.5685394316043934
0.688892489089519
0.755636908394503
0.5811535601163741
0.48522778980906545
0.7763454702699758
0.8746856364510212
0.3967048717492468
0.8404555236929856
0.5046664116598124
0.6073367916515955
0.4245887595207809
0.4637689779205801
0.7755410753276293
0.6058090451267173
0.5488746758777723
0.17512690231747902
0.4873407648759632
0.6065790774311237
0.5148194862916516
0.7530512087728022
0.4290184076434019
0.6499435106872972
0.589187242472983
0.818765175962702
0.7584638996068461
0.6823907485532064
0.8092675395726947
0.7213685848471532
0.7348674714545909
0.6276016312561121
0.909329514058864
0.7813773484210202
0.5547876899122003
0.4965076295755173
0.44742687483711874
0.5529141216666618
0.5734868071348312
0.6703758545222278
0.6147261481891206
0.6647358046187433
0.4893150316468556
0.6916810705400572
0.8712673009063282
0.4350404532609408
0.7016321429857769
0.5661256980089078
0.47141287409301064
0.8113140873389072
0.35908822725844086
0.6344637239846665
0.5518670905934027
0.8194026119980254
0.45967751751557717
0.7619487104267302
0.6676423429757457
0.5203966372310639
0.8163935983793255
0.6977863648783733
0.8953877590868806
0.632238872353521
0.7953157413039326
0.4201260645128411
0.8229257348822369
0.4282360173373919
0.6287265164477798
0.9141076904146131
0.6156691712086305
0.7693227454083488
0.4836276932867741
0.6512082265813804
0.7318919152344802
0.8717854529384846
0.5554644787446951
0.5903490808715112
0.47904892528664733
0.2935428999191081
0.8038199190828158
0.5028694219799154
0.8279299967548791
0.8630287613062655
0.509270459132611
0.6171661783024843
0.8323827206850302
0.5476395313234693
0.43013848797624366
0.8197569963268905
0.7872656352453637
0.6267705348409668
0.5106856455535477
0.6923036746226622
0.6691583472990241
0.3745476468343467
0.7972869173339066
0.3542833083712121
0.7544452163186842
0.6648656018312077
0.5883805140362187
0.6131329140088126
0.5179365613991498
0.7654890897341055
0.8747660367389318
0.4711385293286344
0.337205038429058
0.40622709458730405
0.5580070876197439
0.5376259169277362
0.5277382226459069
0.3684843770388105
0.6103178453842945
0.6219188757693278
0.87826370254616
0.8407426206890697
0.692153827568876
0.853254666058364
0.5640883746255094
0.42106358234040575
0.5065300828318692
0.23637581867632165
0.7779367010030432
0.7937437228303192
0.8536905898833932
0.4549211205990698
0.6013530453741166
0.8269337199578275
0.5518699253946938
0.8477008902828106
0.8038661864698662
0.7413554760996939
0.7610585003977599
0.6932694127780161
0.47064869020977523
0.5493134709255828
0.6873046230377284
0.2459706196470058
0.686961893098304
0.8451131536510738
0.8628793494108575
0.7506647829775367
0.7976683988267165
0.5565793538851259
0.7484838861612559
0.5706212770945391
0.657512751449021
0.5749946738719733
0.7294522274921793
0.687584106183646
0.565982115732761
0.7003177851292803
0.2768372720026326
0.8918813564805594
0.5052743949305253
0.4842263279041524
0.6703802704086083
0.5118484055999837
0.685237111886996
0.4582793689814268
0.5705764525564343
0.7498011662081162
0.7328424252820279
0.46822965969083624
0.807531211165138
0.36652096015693325
0.41007517121845904
0.8644026207044337
0.5958654292509514
0.524490796745726
0.28694272149632427
0.3602986664769335
0.16869972425701962
0.6049658798826912
0.833431405910901
0.871833389334988
0.7638303910351733
0.6749276849333182
0.5714671102681572
0.6743421902764954
0.40725735960842196
0.4341030765591802
0.33584896251700086
0.7809079054638008
0.8591651550227251
0.7898767838705072
0.7544669455938853
0.6512365036990061
0.641143098866931
0.82917058564832
0.8934274367408997
0.5848288929653421
0.7086971767790391
0.5859835688977686
0.5052610995623874
0.804620277326524
0.656940674508749
0.8128630795750021
0.5465641287919022
0.8667102653572486
0.42831810650756647
0.46940974147520864
0.8268466638596647
0.5359702935131812
0.5954515681885827
0.31055157340642675
0.9203088716849301
0.7076767249418613
0.3625072550792204
0.4772048927465114
0.5492644153947316
0.5497906381840976
0.3667087733101095
0.6964768828895606
0.21403954197013336
0.5818610014581037
0.7088344435933668
0.5191450310671487
0.5012188978601324
0.8272776410343965
0.5863541687776527
0.5606590653331257
0.5137049091756146
0.6331476610875366
0.8244105639456586
0.5976765570436368
0.7050714969452889
0.524460411111253
0.5804792274587524
0.8280749364725866
0.5099719342063216
0.4286982425827602
0.6607817438184413
0.6920674924469281
0.7090248412288536
0.6922662088636898
0.6930840280685674
0.8295840048992366
0.8341288498228356
0.4682336863367919
0.3739006955670522
0.6158279601560778
0.7528374596982489
0.7672898226989502
0.6140709992045817
0.5654967510309946
0.5075081914819489
0.820110248456447
0.5364643076284579
0.7859774258746793
0.40917170792923424
0.8356006811811759
0.6930891571049376
0.7052514422384771
0.6601789776774184
0.6143063082805272
0.47065820715674755
0.4331375704542174
0.8213280737772667
0.5813373914861067
0.8209243965935425
0.6149777364244696
0.7844069497778406
0.8163292360617825
0.5255075307843035
0.7636998140856214
0.496364736290326
0.7388905451466811
0.7855760815584306
0.47194213813563857
0.39631970444730613
0.5748017390025068
0.47286799124020534
0.2577772840181979
0.5927720389651732
0.9113725983757628
0.5831483897177454
0.6295944975500375
0.8222986592561995
0.5080550229614655
0.3002568368433111
0.6293697311279086
0.5307868751152949
0.48716466283710597
0.8484696209734981
0.5534584599662317
0.4572861639377382
0.6742722224003427
0.559577964358306
0.5612335639431523
0.581676108125495
0.6724310234333141
0.45623164466290556
0.664686917404307
0.5851470661876536
0.4119618528467625
0.526811986130532
0.7141878814080569
0.6802246531233056
0.827183010653452
0.8197239985908195
0.5062326483694594
0.5648778957244552
0.5722491016233198
0.7491950332673263
0.5362706423579098
0.6906721483607078
0.6825178284081158
0.7095458724588777
0.7630475151007001
0.48709786949421796
0.2660572144766744
0.5695774947512829
0.7457192750583408
0.6509146830188478
0.9138027025796301
0.869769775805545
0.6068186705524087
0.7804400712600054
0.27306574367900793
0.6375945783798361
0.7180239047635807
0.8115139683973284
0.620306086141729
0.3663478734609133
0.7754334830424681
0.2936222097933323
0.6985814698737015
0.5467807689897198
0.4084530053677372
0.673537689167411
0.9083333128223559
0.5915359462279215
0.5856014712619046
0.6811382894940068
0.3995507249292431
0.7711574693021188
0.6542058240775029
0.45180764035755205
0.748215595499856
0.5173242724305781
0.5761076720961907
0.5785931630833068
0.8600139827848797
0.7773360265556737
0.4740961951087801
0.7839055778670184
0.8442368728151399
0.6411070944633628
0.6359423050853096
0.5807835247648471
0.375989287687295
0.9238372692730279
0.8749814128363643
0.6417113146002107
0.5791980623825618
0.5755446094915724
0.709851910752141
0.6905676888709127
0.7578841673368911
0.8575965760033133
0.49842397197237187
0.7821250306776759
0.663516099374581
0.4293891745583908
0.4550129336360629
0.5484135612254257
0.48032758702880324
0.8436017628883623
0.8096028240726917
0.8528050892877311
0.856169016476142
0.640247891194407
0.7342324395171557
0.7744750241085625
0.7035708648836453
0.6361060076050954
0.8759289598420918
0.8525156551831203
0.5253085414226558
0.8466022387854446
0.6267748831306431
0.6389048972508192
0.7804081160015942
0.4789104046196687
0.6449632381231536
0.3756144958547355
0.7853587002268193
0.4827315205582177
0.42133034196239927
0.7515675515562741
0.6072385477805651
0.4960531713010591
0.8090792049565224
0.48530637471037746
0.6079412295570428
0.8409259892018972
0.7169610541181486
0.9295109144445558
0.5563996284242552
0.8194528712153892
0.935772993935323
0.4067398148532171
0.7048197481865218
0.48895145024527475
0.6010460742414686
0.8676202875430306
0.8157770072987504
0.5770985842846587
0.698716211939229
0.5250221446616331
0.7728862766807297
0.9322904524126691
0.8552989066279867
0.8709354072764175
0.6583411951519661
0.7532436506739175
0.7985793103246503
0.7825485862870605
0.5102378112803009
0.5604044933174516
0.7711904909588655
0.6642649970199209
0.757393954288429
0.6005238029449934
0.7518178312706485
0.6286695857802185
0.8443965549005441
0.5108943883684229
0.6964434642282619
0.688029257881547
0.6161540749448917
0.5529194141527423
0.7737688853510531
0.3957657761223059
0.688132737289713
0.8631049669812252
0.8806073107720209
0.7375487638432663
0.3786928319845068
0.41943063162122507
0.7885049267687915
0.7254347530563579
0.876131841357561
0.7369876448698708
0.7228479076770771
0.5528515938148623
0.7335788455850258
0.8092938430825857
0.5785226931156502
0.6397015157593005
0.6243323148760472
0.19079981474402496
0.6922538763200466
0.4483119905212181
0.5033089386702088
0.5193455544163788
0.6990165443905875
0.4863077000017675
0.7160214845732221
0.4086889719220041
0.637626166918173
0.7473346112886337
0.466545281058662
0.9292992895509382
0.9118744099928909
0.772637351896183
0.6893734117241269
0.5977936002461944
0.6266570075905729
0.7613691773380168
0.8322231260420112
0.7737638725551853
0.5068411588762648
0.4425389424616101
0.8789844277920852
0.7954081304870877
0.7496541848092348
0.8580048154475921
0.8239114157584975
0.5935445511752039
0.8558943169674194
0.6132435479324722
0.6170582059202584
0.8296963772990182
0.8777434865766905
0.7981550309422953
0.7507305642478551
0.5346575965833622
0.6970874865494211
0.681267746418836
0.4464147064460346
0.8333753425813445
0.8488898284371394
0.4549500777910577
0.5709167481570073
0.5943046172090595
0.4911817438940201
0.43573749730833383
0.7404733203678556
0.36801961915699116
0.5909016775929558
0.4089078468423964
0.5651904418581276
0.6877020634674029
0.726143020229271
0.8095749770358541
0.448054929491235
0.5198527942359722
0.7691808895425868
0.7409196323373736
0.6804010526713162
0.3421876889568849
0.32627419741865293
0.9120693385071577
0.7134296276388309
0.4923806315843529
0.4760234478382799
0.8719559462360441
0.4657747489023008
0.3279003347373422
0.5901322873213076
0.29562906739239314
0.4934306875341249
0.5069421768350517
0.5185498544069747
0.5572258838579224
0.48784795169641604
0.5323290729555458
0.5041475183115076
0.43197160562535575
0.39546110290932956
0.7826139210791879
0.5178823817363364
0.6697001833879991
0.7099216353045715
0.44365739539507926
0.5323154833856028
0.5619711136268423
0.49262615077584954
0.6286756663133539
0.5846287686640753
0.5191602746365603
0.48613299584313546
0.20237011918318143
0.6880205425894506
0.8134441160307828
0.671510116621552
0.566625753740847
0.6736350737337451
0.4858282915160837
0.5824328640135469
0.47127102743000193
0.8734474751024285
0.7416265603711453
0.6170103821314504
0.8270219686076689
0.8062295298344015
0.7904203896896425
0.48062042780057573
0.5476837907915619
0.2048158446915024
0.4972864297994626
0.3493201840668256
0.7872672142507545
0.8479618175099871
0.34793320502694036
0.4616861334101078
0.885912913516529
0.6153589754548809
0.49891888546944635
0.5928494585958274
0.47442056606422206
0.5854481387165559
0.6871202106415957