46
30
63
51
45
45
35
47
32
35
44
42
41
39
43
52
42
45
33
31
47
56
44
50
34
44
39
36
43
45
48
21
37
39
45
45
42
42
44
27
57
40
37
43
30
24
59
42
39
39
39
37
45
35
49
54
28
35
39
55
37
52
43
21
31
43
52
65
32
42
36
37
57
48
44
41
49
35
56
44
27
28
50
30
23
48
54
46
22
53
27
37
44
48
48
50
60
44
48
46
26
35
50
45
41
64
47
60
32
49
61
42
53
41
39
46
41
54
45
39
42
45
50
56
37
28
41
51
51
39
51
45
46
32
35
40
51
39
71
56
37
47
40
42
34
33
57
31
36
32
49
41
34
28
67
28
62
37
41
45
35
48
45
45
32
42
52
48
45
43
50
35
32
25
39
32
38
41
38
41
41
61
35
41
21
39
38
52
36
45
35
31
39
59
62
26
67
42
37
37
50
51
44
29
34
48
40
35
36
36
26
44
47
42
46
62
41
63
61
44
35
52
62
30
24
56
54
54
26
65
54
38
48
36
46
42
39
57
44
33
36
54
22
32
49
54
35
52
65
32
35
52
30
42
41
55
37
23
45
47
58
26
62
23
63
52
46
41
55
37
49
27
48
32
34
49
49
47
35
46
33
36
41
48
47
30
42
37
48
43
54
39
40
43
47
45
51
33
41
42
53
49
51
29
41
46
36
44
56
46
28
37
23
33
38
46
36
36
60
35
35
57
32
45
52
58
33
25
29
51
41
46
42
50
30
51
52
25
45
26
50
51
44
33
47
35
34
43
53
48
50
34
40
23
24
36
39
40
46
41
38
41
44
32
48
41
48
21
44
46
51
61
43
53
43
28
21
41
40
45
51
40
37
44
51
57
48
62
75
40
54
43
36
48
41
46
52
53
45
52
28
41
57
40
28
41
67
52
34
24
27
42
51
73
43
51
49
53
54
48
40
35
45
38
55
43
47
53
56
51
53
27
27
49
49
55
52
27
42
52
47
52
36
43
42
40
56
34
50
45
37
41
58
54
43
41
34
42
61
40
39
57
57
48
33
68
35
31
42
49
25
29
34
25
49
51
35
47
66
37
29
36
46
40
44
40
33
43
54
54
49
57
36
45
26
43
36
55
30
35
42
51
56
42
48
38
45
43
49
53
40
52
41
41
34
47
49
40
41
40
37
41
40
42
26
46
33
62
27
59
33
48
27
42
66
38
46
44
48
46
42
57
47
26
23
50
50
48
42
29
47
34
52
31
46
33
42
48
61
47
38
32
35
50
51
59
56
46
35
43
46
40
53
44
40
52
27
31
53
48
32
51
52
38
55
57
42
51
37
43
40
37
39
50
27
52
42
51
48
42
53
58
47
47
43
43
38
49
49
46
40
33
54
50
38
39
48
70
56
49
46
45
71
37
40
40
37
44
50
42
42
44
33
44
48
48
63
52
35
49
34
56
38
58
53
40
52
37
48
52
44
39
46
51
53
42
36
41
36
42
50
40
53
52
47
42
45
51
37
57
58
33
35
43
32
27
42
44
41
41
46
40
70
51
37
61
47
59
64
54
45
47
24
39
45
29
49
48
32
35
22
37
64
38
32
25
50
44
56
38
31
50
46
36
30
40
44
51
44
46
40
47
30
41
61
53
47
57
53
55
37
52
25
50
39
40
42
35
54
39
33
42
61
52
60
32
36
28
45
28
24
29
39
44
47
42
24
56
53
54
49
43
38
41
45
36
35
39
53
31
58
47
43
40
35
44
48
50
45
36
45
55
28
50
76
38
51
28
27
47
31
38
37
61
37
32
33
41
50
48
68
52
55
45
48
45
48
32
40
46
49
44
51
51
42
46
27
47
40
41
37
37
33
42
52
53
64
46
41
36
37
42
34
35
41
48
43
22
47
36
60
46
61
31
32
32
32
26
55
46
44
51
52
47
44
49
26
57
31
34
52
50
52
54
36
48
48
31
68
31
54
54
47
29
45
43
70
56
39
28
29
39
47
35
47
46
50
49
40
50
36
44
54
48
49
27
42
43
43
55
48
44
42
21
38
45
56
39
57
43
23
32
38
47
40
52
47
50
48
57
47
47
34
47
21
39
55
62
40
33
32
24
43
51
26
55
30
44
35
44
42
44
23
33
47
56
42
40
29
50
35
45
41
37
52
57
31
19
42
51
29
32
54
29
50
23
44
51
34
40
24
60
32
31
61
42
43
52
42
59
33
52
17
46
41
59
32
62
55
33
62
27
32
55
47
65
37
49
42
59
29
46
32
40
38
32
47
55
36
41
31
27
37
45
43
50
61
38
40
43
34
41
45
37
52
58
37
47
33
55
29
64
32
60
58
34
40
45
44
51
57
26
56
52
40
28
35
40
39
30
48
53
39
39
36
43
55
35
31
33
52
42
48
42
36
45
50
34
23
63
54
39
57
40
30
41
39
49
28
46
50
27
42
36
52
32
47
56
51
53
37
65
24
40
51
46
56
42
42
52
50
40
30
31
61
44
39
51
51
35
39
35
35
30
59
66
37
37
36
35
34
56
44
34
48
37
45
31
47
43
21
37
26
28
44
45
53
42
42
61
54
38
30
31
68
57
36
37
45
27
24
58
45
36
35
53
42
71
23
48
41
47
35
49
40
44
36
44
55
40
43
37
57
19
34
38
47
48
36
68
48
24
50
42
46
56
31
43
43
27
42
28
41
49
47
56
41
31
29
34
60
41
44
42
40
41
52
28
39
42
36
54
36
65
45
46
55
48
63
32
39
57
49
34
30
51
20
54
55
49
42
41
53
41
50
59
57
31
49
38
40
63
45
38
48
31
56
45
43
48
45
35
51
50
55
60
43
56
27
28
39
25
41
34
55
55
56
38
51
42
36
62
49
31
34
56
52
72
31
45