43.18
43.6
168.30999999999997
48.3
80.64
79.2
64.63
53.17
74.18
50.68
85.69
69.97
80.32000000000001
105.79
37.190000000000005
96.78
67.76
99.77000000000001
112.24000000000001
52.3
56.489999999999995
95.79
95.07000000000001
40.620000000000005
20.310000000000002
73.86
78.27000000000001
64.63
63.69
66.92
82.44999999999999
32.34
74.43
73.85
110.57
71.53
83.44
75.14
76.88
58.95
73.53999999999999
75.57000000000001
83.03
75.71
41.99
60.77000000000001
86.00999999999999
82.67
86.94
71.11
96.56
62.980000000000004
56.84
77.52
69.72
71.52999999999999
44.370000000000005
69.66
64.63
116.18000000000002
36.95
80.23
90.06
24.06
20.310000000000002
67.94
69.72
136.89999999999998
79.03
67.75999999999999
90.7
77.77
119.87
45.230000000000004
54.46000000000001
61.69
67.08
62.300000000000004
91.78
37.27
29.1
20.310000000000002
72.67999999999999
64.63
24.39
108.04999999999998
83.83000000000001
68.01
78.62
86.96000000000001
55.120000000000005
48.150000000000006
67.87
62.300000000000004
87.61000000000001
92.09
90.77000000000001
124.15999999999998
75.02
83.68
59.220000000000006
29.54
85.35000000000001
72.24
93.72999999999999
90.03
97.2
69.72
24.06
51.55
100.79
79.37
67.05
94.09
58.64
122.83000000000001
85.59
86.51
81.29
33.2
83.47
124.15999999999998
83.41999999999999
65.2
72.28
53.849999999999994
58.97
77.2
63.68
46.61
70.67
79.38000000000001
89.02000000000001
65.49000000000001
52.3
54.260000000000005
63.35
94.22
121.6
70.58000000000001
54.900000000000006
112.23000000000002
49.86
68.01
58.41
78.76
99.74000000000001
56.27000000000001
98.66000000000001
58.2
114.12
69.03999999999999
41.489999999999995
29.43
129.77
81.28000000000002
104.22
56.15
79.19
75.6
74.77
101.66000000000003
61.440000000000005
69.64
80.91000000000001
101.57
53.18
126.73000000000002
77.63
92.50999999999999
78.15
54.71
56.21
20.310000000000002
72.47999999999999
51.8
23.55
70.58000000000001
66.91
66.48
55.629999999999995
110.06
77.69000000000001
72.43
29.1
53.22
51.160000000000004
100.63000000000001
73.22
59.08000000000001
67.43
41.99
68.54
140.64
152.36999999999998
77.74000000000001
94.96
82.08000000000001
48.67
98.49000000000001
66.69
72.17000000000002
74.85
41.46
50.8
63.160000000000004
90.41000000000001
74.85
42.85
73.26
38.33
61.88000000000001
70.23
66.48
92.55000000000001
96.02
64.35
111.68
104.29999999999998
62.550000000000004
63.25
78.09
98.16000000000001
41.13
72.31
81.06
101.78
97.12
16.130000000000003
95.66000000000003
84.22000000000001
83.45
82.27
54.7
58.440000000000005
79.9
67.37
99.03
112.51
66.32000000000001
45.56
88.07000000000001
38.33
61.55000000000001
109.59
67.6
32.34
111.15
106.60999999999999
81.51
66.48
60.93000000000001
55.4
58.64
70.23
121.07999999999998
41.99
51.05
52.980000000000004
74.28999999999999
97.21
46.17
86.36
64.86
102.45000000000002
43.26
62.1
42.31
94.57
56.220000000000006
79.37
71.34
88.16
60.25
68.28999999999999
103.06
77.25
93.5
82.94
127.64000000000001
71.09
69.9
78.15
68.62
86.36
68.28999999999999
63.08
45.230000000000004
92.51
31.98
81.29
94.54999999999998
88.89999999999999
68.4
66.92
78.84
104.37
70.67
105.38000000000001
89.34000000000002
102.30000000000001
100.26999999999998
63.57
41.57000000000001
126.19
81.91
81.47
62.91
110.59999999999998
75.71
78.43
75.71
27.299999999999997
55.400000000000006
73.47
75.11
76.66
32.78
109.85000000000001
44.89
50.78
81.59
41.46
64.85
81.69999999999999
84.67
74.32
50.69
46.53
91.31
76.88
40.620000000000005
76.38
65.74000000000001
55.96
71.41
68.08999999999999
42.35000000000001
23.55
12.03
62.4
110.49000000000001
68.46000000000001
46.92
102.97
82.08000000000001
141.87
107.83999999999999
105.84
99.00999999999999
56.75000000000001
72.47
75.27000000000001
33.62
40.86
55.24000000000001
52.61
109.54000000000002
71.7
65.87
78.79
72.47
87.74000000000001
66.48
88.91
50.69
43.78
37.81
79.37
81.85000000000001
102.32000000000001
73.21
79.36999999999999
76.15
68.46000000000001
90.31
37.3
73.22
76.66000000000001
78.21000000000001
97.97000000000001
55.63
52.49
64.74000000000001
105.84
107.71000000000001
90.64000000000001
159.53
163.06
61.190000000000005
109.85
95.5
69.56
75.88
84.30000000000001
100.10000000000001
73.59
84.09
50.8
105.92
64.11
127.31
0.0
50.42
44.760000000000005
81.78000000000002
77.53999999999999
142.62
74.86
54.27
73.8
35.580000000000005
107.1
84.61999999999999
69.67
102.33
66.76
114.71000000000001
85.89
79.98
73.63
55.4
93.73
29.54
72.16
67.79
82.27
69.56
66.88000000000001
112.30999999999999
117.86999999999999
50.8
66.91
97.35
104.21000000000001
84.94
69.62000000000002
23.47
64.96000000000001
94.23999999999998
96.33000000000001
127.28999999999999
64.11
68.46000000000001
67.87
88.16
92.41000000000001
118.69
87.66
79.9
65.38000000000001
46.84
96.02
57.690000000000005
97.92000000000002
107.25000000000003
47.5
76.75
119.22999999999999
71.69
76.88
84.3
97.72000000000001
57.230000000000004
54.269999999999996
128.28
92.05000000000001
80.9
92.51
116.92000000000002
26.03
70.14
81.17999999999999
63.45
79.54
86.79
55.73
84.94
127.71000000000001
47.56
75.11000000000001
49.580000000000005
50.95
53.16
73.02
84.66
41.46
69.15
93.92000000000002
122.31
102.00999999999999
137.98000000000002
79.03999999999999
63.68
29.54
96.53
32.260000000000005
104.54
68.02000000000001
38.33
73.4
123.16999999999999
91.44
90.14
4.93
78.75
48.470000000000006
57.690000000000005
64.74
111.43
93.83
90.29
38.92
66.21000000000001
80.75999999999999
71.61999999999999
136.98000000000002
92.26
79.54
76.02000000000001
97.39
25.009999999999998
49.74
118.25000000000001
92.4
84.94000000000001
31.23
101.3
17.07
92.78
77.12
72.64
41.050000000000004
74.49000000000001
115.69
41.93000000000001
109.33000000000001
112.03
63.99
76.63999999999999
38.69
109.62
78.2
60.92
24.06
95.07
115.61000000000001
96.97
34.17
86.84000000000002
94.72000000000001
37.38
118.48
66.65
125.71000000000004
86.69
60.93000000000001
83.55000000000001
120.91000000000001
98.42
32.78
29.1
59.84
97.30000000000001
55.510000000000005
76.46000000000001
59.290000000000006
72.54
55.63
61.269999999999996
81.69999999999999
83.37
65.25999999999999
70.67
32.34
91.84
27.05
39.19
108.11000000000001
69.56
76.21
109.56
95.91000000000001
71.05000000000001
117.58
90.81000000000002
63.99
110.9
28.8
45.67
95.08000000000001
74.77000000000001
115.56
77.77
34.89
45.92
60.66
79.03
47.769999999999996
65.38
129.9
83.45
51.66
54.88
75.6
85.61
75.27000000000001
86.71000000000001
84.47
52.71
77.05000000000001
47.56
119.80000000000003
106.26
72.47
106.45
64.63
98.82
83.3
76.99000000000001
106.32999999999998
85.59
94.74
84.82999999999998
98.69
86.10999999999999
74.93
94.08000000000001
56.75
52.65
86.48
78.27000000000001
20.310000000000002
56.80000000000001
101.13
93.14
117.53
68.13000000000001
84.22
75.94
55.400000000000006
79.16
72.70000000000002
76.30000000000001
95.58000000000001
32.7
102.84
29.540000000000003
119.46999999999998
93.53
23.55
103.41000000000001
90.87
96.33000000000001
116.92
97.45
67.77
52.49000000000001
44.0
66.91
94.82000000000002
48.72
70.42
71.41
97.83000000000001
41.99
111.09
99.67999999999999
79.46000000000001
47.03
108.57
51.22
86.11
67.58
12.03
49.25
82.57000000000001
78.87
54.040000000000006
109.61000000000001
53.33
58.95
110.97
121.01999999999998
50.27
95.22
65.69999999999999
88.07
99.21000000000002
134.18
87.63
84.94000000000001
64.35
58.64
90.52
43.08
81.39000000000001
83.55
61.940000000000005
61.31999999999999
26.3
57.010000000000005
142.8
70.23
97.38000000000001
50.44
85.8
59.620000000000005
102.24000000000001
55.760000000000005
84.95
76.15
76.12
68.28999999999999
46.17
43.08
87.04
72.92
105.67
65.47
159.48
100.85999999999999
38.66
72.71
116.17
120.39
115.10000000000001
122.99
86.79
135.94
70.3
65.54
38.33
71.11
42.68000000000001
94.09000000000002
75.02000000000001
54.46000000000001
104.81
61.02
80.89
105.32999999999998
95.07
74.24000000000001
91.72
52.89
88.24000000000001
100.44
101.67
58.86
37.3
59.31
40.58
68.23
90.41000000000001
106.35000000000001
70.26
99.41
92.77999999999999
70.58000000000001
94.17000000000002
29.33
39.94
85.59
117.44999999999999
82.67999999999999
33.29
70.67
110.47000000000001
33.45
77.75
55.89
37.81
54.45
70.67
88.05000000000001
61.88000000000001
58.370000000000005
90.06
76.74000000000001
79.60000000000001
59.39
46.5
71.32
141.59999999999997
69.72
106.79
61.85
29.1
73.34
84.78
83.81
39.42
136.19
83.63
45.91
55.11
66.37
105.39
78.84
100.82999999999998
59.38
97.35000000000002
46.61
45.900000000000006
83.09
49.85000000000001
49.31
54.12
79.37
99.93999999999998
125.32000000000001
96.37
84.50999999999999
84.5
56.15
60.21
26.79
55.84
79.37
35.940000000000005
54.37
51.220000000000006
99.11000000000001
79.25999999999999
86.21000000000001
99.86000000000001
74.91
75.19
49.580000000000005
36.28
50.27
60.45
28.68
41.46
79.19
46.94
22.0
51.870000000000005
60.44
89.60000000000001
71.2
81.08
30.49
41.57000000000001
46.17
29.1
29.1
91.42
29.54
88.07
89.27
54.04000000000001
82.86
91.41
108.62
55.4
87.71
76.66
71.41
124.64
50.69
85.31
80.22999999999999
88.76
74.33000000000001
110.80000000000001
43.370000000000005
94.92
74.68
111.85
109.43
62.300000000000004
48.42
75.8
51.22
185.88000000000002
130.75
95.05999999999999
53.33
32.34
77.99000000000001
70.23
69.9
41.9
42.74
71.53
114.32000000000001
96.89
79.53
58.38000000000001
95.5
107.02000000000001
98.76999999999998
80.63999999999999
38.33
107.13
63.61
46.61000000000001
111.55
66.92
90.2
52.57
45.379999999999995
51.43
43.18000000000001
97.36
58.64000000000001
67.23
86.86
0.0
46.17
26.71
64.42999999999999
84.27
83.42999999999999
63.39000000000001
89.78999999999999
47.24
99.87
85.13
112.11000000000001
94.94
11.530000000000001
58.04
96.53
107.97
108.13
61.830000000000005
46.61
65.26
30.71
61.77
75.27
24.92
124.32
45.730000000000004
106.79
54.35
43.26
88.62
93.89999999999999
54.88
44.370000000000005
65.5
101.82
78.95
45.39
35.53
75.71000000000001
70.39
102.32000000000001
41.57000000000001
58.11
81.16
112.98
35.5
17.82
56.790000000000006
105.4
70.02000000000001
17.29
92.87999999999998
71.09
118.09
38.33
72.16
111.98000000000002
50.160000000000004
60.17
34.89
86.79
60.06
74.99000000000001
90.06
51.81
114.8
93.72999999999999
122.2
76.15
32.34
74.92
12.89
71.41
55.63
93.92
33.2
122.32
75.44
71.28
113.08999999999997
40.86
44.370000000000005
91.10000000000001
86.33
110.47999999999999
68.02
64.80000000000001
57.92000000000001
88.18
55.73
79.47
71.64000000000001
49.94
56.75000000000001
88.00000000000001
116.28
77.92
85.30000000000001
84.86000000000001
48.42
47.260000000000005
50.050000000000004
61.88
84.5
71.09
140.18
39.82
60.44
98.25000000000001
49.410000000000004
75.63
75.96000000000001
45.480000000000004
77.13
87.91000000000001
77.25
42.010000000000005
36.260000000000005
46.67
56.489999999999995
137.41
34.89
104.77000000000001
127.36000000000001
104.31
41.57000000000001
88.91
72.42
77.4
84.59
54.88
128.98000000000002
111.79
45.33
118.17999999999999
65.72
68.52
57.690000000000005
20.310000000000002
101.98000000000002
107.93999999999998
86.71000000000001
59.5
69.81
55.63
85.06
58.64
91.16000000000001
90.7
41.57
96.53
86.33
81.42999999999999
75.27000000000001
80.64000000000001
86.71000000000001
80.91
42.74
80.07000000000001
133.68
60.440000000000005
96.33000000000001
94.83999999999999
52.330000000000005
26.479999999999997
52.980000000000004
65.79
43.32
103.91
90.17000000000002
34.480000000000004
54.040000000000006
53.22
85.89000000000001
41.57000000000001
85.69
61.46
87.54
34.14
50.50000000000001
131.74
51.47
72.24
85.26
71.85
102.00999999999998
90.06
90.31000000000002
72.08
93.5
66.4
42.24
46.330000000000005
78.25
92.59
62.46
70.31
97.41000000000003
58.199999999999996
55.400000000000006
23.550000000000004
97.63000000000001
86.99000000000001
96.02
113.94999999999999
26.790000000000006
55.400000000000006
38.77
49.410000000000004
61.77
109.57
58.64
56.15
94.18
68.23
59.5
61.69
75.63
92.25999999999999
15.27
92.67999999999999
44.480000000000004
102.77999999999999
84.94
70.0
66.65
76.38
55.12
95.86000000000001
82.08000000000001
35.580000000000005
59.67
39.44
115.13000000000001
79.12
32.34
61.37
65.78
48.14
55.63
155.06999999999996
87.37
36.440000000000005
46.84
108.05000000000001
46.61
143.51000000000002
54.7
79.54
90.79
51.22
46.010000000000005
46.92
67.42999999999999
97.54000000000002
62.98
61.88
114.10000000000001
60.03
49.410000000000004
72.17999999999999
108.38
82.81
65.49000000000001
68.97999999999999
87.22
52.57000000000001
62.2
115.88999999999999
52.650000000000006
76.72
86.43
44.760000000000005
124.78999999999999
96.44
59.81
67.42999999999999
100.19
38.33
93.19999999999999
73.86
89.02
45.33
66.63000000000001
97.41000000000001
67.15
78.59
57.78
70.19
139.54
83.98
81.42999999999999
112.39
82.77
59.75
94.09000000000002
71.5
75.11
77.25
43.07
82.61
86.10999999999999
82.93
90.28999999999999
78.91
85.38
159.48
41.46
66.84
66.48
139.71999999999997
120.88
69.68
52.3
73.66
20.310000000000002
161.45
67.00999999999999
77.25000000000001
86.36
65.6
94.28
102.5
72.92
108.74
117.95
49.57
82.06
84.27
72.47
91.56
62.29
50.69
100.52000000000001
52.08
85.38000000000001
74.83
102.64000000000001
73.1
49.56
96.68
86.96000000000001
97.45
95.75
114.03999999999999
54.46
86.79999999999998
29.1
33.51
81.26999999999998
38.33
81.99000000000001
61.85
82.85
61.88
88.75
50.95
89.00999999999999
63.93000000000001
38.77
58.81
72.69999999999999
46.92
50.940000000000005
120.05000000000001
76.71000000000001
130.95
52.60000000000001
99.93