-0.21769367747071197
-0.3278648568231732
-0.3650426117481145
-0.4763054904296529
-0.3064565981866539
-0.2776963049496691
-0.2756271730945907
-0.2971372352039218
-0.37679926461473434
-0.3374213450070826
-0.6040017510588314
-0.3274859643567782
-0.3775329466003989
-0.3474193975807973
-0.4577651652591125
-0.29888012094787425
-0.2742080396572351
-0.42496221493043435
-0.5091355644505132
-0.39892722828770955
-0.3261668915435253
-0.1751515396741189
-0.4666024178613952
-0.31594031056566857
-0.40048160239997016
-0.2506011566795824
-0.38026297587558067
-0.4229734112580295
-0.438337828756974
-0.4802748852890962
-0.19558127963795335
-0.3368391025628837
-0.17328141957321588
-0.3576068246375188
-0.37787284994856796
-0.3452991734023358
-0.53314929494973
-0.26944706302633675
-0.42705210311129904
-0.34463858780344575
-0.5941627788442645
-0.27652546941104567
-0.38213338605746117
-0.38533359562717956
-0.4760003678439056
-0.4866798932859163
-0.46963065672335713
-0.3195734542752529
-0.3489728272394867
-0.6901373476603941
-0.3503062415340527
-0.33146992374167816
-0.3904526214819337
-0.4029632556834654
-0.73323264597578
-0.28650897340343423
-0.38636636915180134
-0.22707933372324876
-0.3315505125295502
-0.6010748937015115
-0.3715053185605614
-0.398722438120321
-0.32141570472380077
-0.3331390273809778
-0.3633802752426687
-0.41245030211185657
-0.31087168896442946
-0.39918556678720324
-0.5681322590417739
-0.28669187697111265
-0.2427929437687635
-0.2903411998011502
-0.2577051656853964
-0.5284042796265567
-0.4382304185611291
-0.41585189984730275
-0.3995393855356042
-0.2875014095390373
-0.4468268621809812
-0.7282392627560264
-0.28008928624029944
-0.657133171212828
-0.5925952373391038
-0.5709453596292051
-0.6783964297603526
-0.544370577834746
-0.30087732675405277
-0.4824599601986443
-0.42161298833130445
-0.30413320317131176
-0.48927801460568415
-0.3796540660349694
-0.27641621656803184
-0.3209812376695363
-0.41958952683266293
-0.46633975619757934
-0.32796419448069564
-0.3837609229258305
-0.43691913088649625
-0.33664267003118586
-0.31055230436587067
-0.4643658139463181
-0.3004497500300782
-0.34540251636666697
-0.3059365686087648
-0.3534451990334977
-0.3665411382712212
-0.2658427137789717
-0.21525740355060038
-0.27751475280296467
-0.28415239587214575
-0.6116369215998213
-0.3214799094742127
-0.5363327111867265
-0.31511892149754595
-0.3877477762125299
-0.46465261648111
-0.366339800141915
-0.30841036579919984
-0.44872727782960636
-0.32343819783214905
-0.299482225132149
-0.21563841414589732
-0.40296514968019437
-0.40345171046135814
-0.18630791142828051
-0.4915183316693895
-0.25379782583283234
-0.44591626801849177
-0.7113460912602022
-0.39288906809635
-0.2556794499316314
-0.408035561207348
-0.27025048663302165
-0.33435640685062634
-0.5548820618123678
-0.2264591721838543
-0.2534384769976441
-0.41316425268460677
-0.3874299244195884
-0.332469153576596
-0.2649087155423958
-0.44996720849869254
-0.3269330424295636
-0.3068178080962524
-0.40007460441553866
-0.25325334463539095
-0.21978150296504503
-0.36620382531532414
-0.4200876174672094
-0.3296147703987319
-0.41691043725699717
-0.2596744290422066
-0.2825461362112556
-0.4647118819860088
-0.42839223632175105
-0.3501690271813177
-0.3259022733601398
-0.45110883403842644
-0.36460726370118207
-0.41425020577867866
-0.3333793468198489
-0.236262025002059
-0.4488955190466565
-0.4348309153883121
-0.4830494115931839
-0.31279910135215927
-0.49976014163205895
-0.3354668489909254
-0.2931453508607183
-0.48042403451531795
-0.4475588208076067
-0.2820704776898607
-0.5262624007406115
-0.33247265904457307
-0.2927483684320746
-0.5151109580484672
-0.4340238420638729
-0.43483069884073633
-0.30337098437676263
-0.3152021347965639
-0.3804581662942344
-0.40002159481913885
-0.3623587912425671
-0.31803970707117585
-0.39803667303834384
-0.4073362342090441
-0.48494038866261185
-0.40963578889782454
-0.3970647652249893
-0.2815961942538666
-0.365128195944202
-0.3779021299088463
-0.5117516785915776
-0.2898537088409512
-0.2864657381502262
-0.4484936855124466
-0.40001157730587805
-0.310249832307175
-0.3696353517033498
-0.2607089632789134
-0.28670456240256087
-0.3272298658461568
-0.26539705432814287
-0.23421783280849476
-0.45332433144595696
-0.21037328456499366
-0.33632644787993154
-0.3008083358559482
-0.3323762137775287
-0.3970361252263956
-0.4123431941824707
-0.36337600062701575
-0.3634855424367304
-0.5233339009729392
-0.44523315662504853
-0.3341812177436262
-0.4172670869128654
-0.3849594227952958
-0.3942639177151482
-0.4730566122201547
-0.4248443550303611
-0.503931160817267
-0.43565404187361434
-0.3212158332416948
-0.32396807374314496
-0.2684680964121024
-0.36002655656213445
-0.5343408060039523
-0.35505699853480865
-0.34920990154845194
-0.3723821463823476
-0.37883668038133755
-0.46657203253546586
-0.2664700756185158
-0.42830892247570773
-0.27832768938508
-0.4371955557813932
-0.46219060815488217
-0.3792154909755082
-0.47238131996219396
-0.4726196727501019
-0.43484848897941997
-0.48687473867393877
-0.36240069973312217
-0.5909361982421989
-0.28843449814893346
-0.3724906392672142
-0.46097021090317847
-0.4957840890185764
-0.26665231457147986
-0.48581940814548896
-0.37530558692162685
-0.45380223905434786
-0.3694344147705909
-0.299541004560203
-0.28295755658302096
-0.2381680794483953
-0.45934435735129514
-0.45435190170995887
-0.3590586880986491
-0.47377666118499734
-0.4547412792522472
-0.4880048594211089
-0.45318340289668413
-0.28411230201160104
-0.6076785689984351
-0.4004387380526147
-0.4603771164809827
-0.3757370275869365
-0.355927189796688
-0.34904291453757436
-0.4244116813182828
-0.2597738542601259
-0.32125226610555147
-0.31234020381977845
-0.44793191954791683
-0.4159284821928111
-0.5617099478876043
-0.664773136195201
-0.5538853699082715
-0.32821786231569355
-0.34028643717904666
-0.514051044375433
-0.35981574450434484
-0.27607927658689846
-0.3267801954189083
-0.3737188082770899
-0.20885216083122607
-0.29025898176278403
-0.3158925503912213
-0.5545437375664888
-0.3430573639099122
-0.32003540017279597
-0.548393051922479
-0.49873225077398176
-0.3311696404707618
-0.41582483539551085
-0.3578950278707875
-0.41532294141434917
-0.4550261874508961
-0.532325236800183
-0.28758642155886
-0.37152563786011533
-0.28375741464806875
-0.3454861737358634
-0.22868426219503435
-0.3306629168809642
-0.32389995116145653
-0.34575088295890494
-0.37201230654958634
-0.47063828096708704
-0.6408767904049099
-0.3707688500110363
-0.37399202395109876
-0.343749082719119
-0.5359139831818993
-0.47991351818585576
-0.3180446984571221
-0.3550512282450154