-0.22222196507998368
-0.26939445088442365
-0.46126947196496204
-0.26616200918784627
-0.1459651199176888
-0.19139141903149234
-0.20706475406405617
-0.32598722880102315
-0.22015443602085819
-0.19376389889971646
-0.3188329676563442
-0.21237615262662457
-0.19754172721401836
-0.402776880330606
-0.24121381588435573
-0.27789193405398266
-0.28900336049681835
-0.2338329906780851
-0.14835898591826752
-0.2868835307530153
-0.17919506202304575
-0.3579840207425056
-0.23950349911687727
-0.12880867977654165
-0.19164596937856096
-0.2211579809267877
-0.4945652853691292
-0.48398191412138253
-0.11566449038993762
-0.2654635816773891
-0.1551095662574884
-0.2123954684913477
-0.41809728416526143
-0.2914511377516371
-0.29028798970306097
-0.2798354489443408
-0.2653268403656256
-0.312494703162982
-0.16229195534867
-0.1943208272289718
-0.32505863489289444
-0.3877541317344406
-0.14882817181662014
-0.33621583574583586
-0.1568881942242985
-0.11604970466952254
-0.213112895743241
-0.300734535900778
-0.26415595165247413
-0.2626638572406528
-0.3528918126506347
-0.24837788847456624
-0.2806429541953638
-0.28960986381856113
-0.23539162144877557
-0.258180803384378
-0.3065616016618908
-0.21599510027876
-0.24136929061235818
-0.17830500500732427
-0.2697838710683114
-0.31822190669775097
-0.18177653822890702
-0.12394875543642714
-0.2496991927821091
-0.44808732593949685
-0.26747800273617023
-0.3097332006069619
-0.200884740965922
-0.3553345729343887
-0.3160086140143013
-0.131590552343332
-0.2576043241776773
-0.2853865577974164
-0.2968000715144738
-0.1942466295477726
-0.2361776202612249
-0.20175861013378263
-0.24499889877615233
-0.15941076737917306
-0.26077288818486594
-0.2303674553296265
-0.13753374960117098
-0.2199590840605297
-0.2676769311753033
-0.1732164574496977
-0.3269520952182941
-0.46779589966801977
-0.16095024635337676
-0.44441315286534705
-0.4109547121739512
-0.16083139490075
-0.32400222487246355
-0.26605335592011625
-0.3196241375895852
-0.2466904159456539
-0.17462143094614874
-0.20936380256892942
-0.3774254386787868
-0.3515582300984252
-0.21230885999844645
-0.21042184542917583
-0.2461646459294092
-0.21199098854308554
-0.2768157179658327
-0.17431577385763794
-0.13231506174951488
-0.2526585248420856
-0.15824232499412993
-0.27371767303969313
-0.3421000237330073
-0.28117724411957157
-0.20156885363921428
-0.23838383566515922
-0.15676090755938407
-0.31439780017097957
-0.2714816616659717
-0.12467282678089754
-0.14998618194522872
-0.2725803174843999
-0.281235584218827
-0.292810192783576
-0.19382690685408002
-0.31241009455784696
-0.12951522905467747
-0.2850356210268731
-0.1759993555076947
-0.11520790620927303
-0.25920769733646726
-0.21811583629173337
-0.36657673863971546
-0.24196349101984757
-0.25824784516497695
-0.3566010317775522
-0.21508352437306635
-0.1678879174883177
-0.31699413887345146
-0.4641463094008669
-0.1577558452509742
-0.20644241241200462
-0.18373715914828812
-0.14692274113294143
-0.3120820044496256
-0.1596344376591166
-0.3448544936461013
-0.2255631233265207
-0.24043533172865636
-0.3586033385149807
-0.3002208770471282
-0.2554071196986291
-0.17014202214330162
-0.22865897518116438
-0.1828981470886502
-0.3048456976579653
-0.23227082540151012
-0.5868689707603563
-0.3309232564180677
-0.27825366140942975
-0.23865445967060653
-0.3493248022763813
-0.40031781084362567
-0.19217990677447844
-0.29974493235819794
-0.19492962252176887
-0.3919512984911247
-0.37045497143549255
-0.3832394435241226
-0.27641244790873526
-0.3005658279375089
-0.20449532980234875
-0.2722218098772468
-0.19062212567407372
-0.2125528654210825
-0.22769063658999592
-0.22207044141793053
-0.20205461736318703
-0.38924801018583666
-0.21574377798083316
-0.11215654522904472
-0.27189336919111445
-0.2827986020603149
-0.19134480374416377
-0.1953320081652015
-0.28990151130565633
-0.3144328269451937
-0.12228104383072062
-0.18045727134006453
-0.2509418244329948
-0.2767467904786619
-0.30465700655418637
-0.24989600186476388
-0.17536796890583814
-0.15549633204550292
-0.25440867133086553
-0.2992450296669313
-0.19740649539583224
-0.3235892945947482
-0.20729756598194946
-0.2581470901723192
-0.37186702604561606
-0.32314055084119864
-0.3304179971203599
-0.21927499865667813
-0.2186045636504744
-0.38672462425781434
-0.45231910881310916
-0.1861059957831716
-0.23722813652107597
-0.21559087874928276
-0.15814130166918902
-0.13509449137153615
-0.12258769381816036
-0.3045097594236103
-0.32338511768545863
-0.22819472140790212
-0.3570880975397371
-0.22984423851651753
-0.1925310806320836
-0.12155463285584932
-0.2119807473636078
-0.19556855299856207
-0.29085436096444683
-0.21990227044496963
-0.21022619399331446
-0.30641066377945697
-0.2105745904921549
-0.3959541187378493
-0.3928995441918241
-0.22419676738245692
-0.22969202305948955
-0.17787453277537363
-0.11175751446113334
-0.21771622715193373
-0.24080721417529907
-0.23683545903219114
-0.21594639182003653
-0.5551555663040837
-0.28710341528094957
-0.2700887879136201
-0.176653747272633
-0.19421935562175888
-0.3723729938166768
-0.22256956789484741
-0.1286181058682574
-0.2838587217728552
-0.19068251468741776
-0.2412947064593201
-0.37310386404124
-0.4088526764137966
-0.2556372843696156
-0.3483691148023484
-0.13953553200172156
-0.23809194096641043
-0.21588645429867967
-0.2110893509610664
-0.16229980585753448
-0.20006654172978883
-0.2653209642828726
-0.19503922644410235
-0.324835865253611
-0.3510940137447867
-0.2804539526798351
-0.25149103677623924
-0.3064682540235949
-0.3109683651656425
-0.11100654617217404
-0.19193281284591615
-0.1842001646412673
-0.29562898412570165
-0.23386645275015294
-0.29584313514080535
-0.09812292122030063
-0.1441433407451399
-0.23358825534753266
-0.259669007046066
-0.30086204273208567
-0.43918586285919836
-0.24362349510049208
-0.38181234835701583
-0.2021771292843768
-0.3042727770965265
-0.2483419575142956
-0.19435132048591003
-0.28021789986117135
-0.35182203052490024
-0.24228577663164153
-0.31731595705330873
-0.3759014868161753
-0.26025827724599
-0.2455757367848142
-0.3096782054128049
-0.2797058511990301
-0.37262767993072976
-0.2309367158766553
-0.2955638184929454
-0.2509731533096904
-0.2083550848262612
-0.25700668786412556
-0.1819691837868362
-0.3305145650531683
-0.25671169269970545
-0.18146465408083007
-0.3486823490581617
-0.2630027882998993
-0.15937202255095534
-0.16449472233086096
-0.17646971500116138
-0.39427841150868814
-0.2522549278246499
-0.34663502012132924
-0.2890145629812598
-0.2373094988799663
-0.2227744892495368
-0.3982516219689148
-0.31977142471719666
-0.23090680159272367
-0.20936234203173879
-0.22078338073550885
-0.2860044255201234
-0.3362565736130494