-0.2347631577660305
-0.29830930463193045
-0.4197403836207893
-0.3288364465869807
-0.26675697625629996
-0.2114993167480979
-0.2169235855042929
-0.35792961250764527
-0.25744294706172743
-0.23096526795413175
-0.2018421646922377
-0.45368528105443856
-0.17747754184765085
-0.38438749048651877
-0.44077358682940637
-0.24254743165687387
-0.24555588327677091
-0.32921330962077394
-0.30586446722083516
-0.3018394957270628
-0.32813096379109913
-0.29544473991149167
-0.49406255256326403
-0.4808314004979443
-0.310312239483664
-0.3975642940954783
-0.2792553566963534
-0.2556712165333524
-0.2274040801961414
-0.1991916741836793
-0.23474596589370733
-0.3981006000687678
-0.2712726371665919
-0.23079105183336152
-0.2797755373957258
-0.3471428859035383
-0.21032634874028167
-0.20962873077276944
-0.44170298983806333
-0.4345609101807964
-0.3383434353523711
-0.46944714926170894
-0.24445851377977945
-0.24957795113646844
-0.29983760232984863
-0.35111810375612706
-0.37936112660704085
-0.175357560182648
-0.27694596873314925
-0.33693325213964176
-0.2457143592083109
-0.3787246265019142
-0.27745999408749317
-0.29800766598280715
-0.27909818143140724
-0.4240580652167014
-0.21717443155510907
-0.37644740366919255
-0.29726443710131006
-0.22926709690600294
-0.2516559909719843
-0.2414383131498438
-0.2506343572565781
-0.23938766447917162
-0.33727164625466816
-0.3285410024325017
-0.34031655715835213
-0.4043466800078295
-0.3157323238111665
-0.21984401741085297
-0.2573426886296509
-0.26718216446666615
-0.23026989631497763
-0.32173153473363597
-0.3299095516419322
-0.2412445981286453
-0.28819572228161405
-0.29222310435015214
-0.3588123642840281
-0.19356847385925474
-0.25524522306046704
-0.36341346384326795
-0.24519646305723877
-0.21387331099600823
-0.3448497669240406
-0.37184102158013654
-0.21123023683584882
-0.26773768790986824
-0.35754863721037755
-0.2909930756032593
-0.19464755422944643
-0.40479764378187183
-0.34753976363070505
-0.1779541892752182
-0.34329134220362223
-0.259622509859956
-0.37129511068037857
-0.2802204088731103
-0.23847048445135047
-0.32079698875238516
-0.19751588642509607
-0.3179720124857535
-0.3611608562844769
-0.5115289160816743
-0.20368555307294886
-0.3193380263135622
-0.19207108277110713
-0.13396819900529716
-0.1876458844279128
-0.2769129949158201
-0.2170833305386743
-0.48497857806380906
-0.2017885660038509
-0.3518266029423103
-0.24554691887179897
-0.7255256080463823
-0.27926740730656174
-0.253162985931741
-0.29289072302967867
-0.3851711673351761
-0.20174577890443798
-0.532076077525234
-0.22275052678516463
-0.29526404575545445
-0.2922907088325192
-0.22256189794820785
-0.18190993342418466
-0.19806852230669034
-0.27103051013435153
-0.3013214578587293
-0.19629612269406274
-0.2114352722480785
-0.27585427127269213
-0.13334053450055103
-0.4153158827661843
-0.31613261489928846
-0.30332930952186576
-0.24313890227165857
-0.20718002126988944
-0.2850637029602126
-0.17063111769132036
-0.2809030248978235
-0.25249528825876394
-0.2422126887627371
-0.4255059018650216
-0.24116313087662217
-0.1748497037590866
-0.2232444800229055
-0.2679017586191238
-0.1676039296805495
-0.1752925799730045
-0.34740314049732035
-0.2708518953379208
-0.27087854990223675
-0.42173920019931405
-0.4738886502205495
-0.1613860449275883
-0.25020842925441095
-0.2196274441257995
-0.38633101861078895
-0.2192042470321029
-0.20088708666009736
-0.20175056299481844
-0.22623886111377373
-0.3849180688052911
-0.24718922305146407
-0.24707643616299588
-0.18305876435499266
-0.17486256523703378
-0.23910960092401196
-0.21580964436634484
-0.38440253640168653
-0.218825917340797
-0.18237684941724777
-0.4593107350956416
-0.282660174627059
-0.15816212960937515
-0.24396865452255412
-0.1948217412259478
-0.3451454445258508
-0.3453566300109521
-0.18252030735846078
-0.20685022996794789
-0.2604899961588022
-0.31959138204838666
-0.2783189104149
-0.24482004125547147
-0.38389483642474614
-0.5094383158445654
-0.31808632803828163
-0.34001642257728737
-0.2225424259802956
-0.23538929453766508
-0.2960749507078064
-0.19665137227745638
-0.3365526802669427
-0.24787037884358099
-0.3011725352978871
-0.18012044950919598
-0.31838830230272314
-0.2820969821780692
-0.1756922076609208
-0.2569513296054481
-0.14321371750455444
-0.2602148639267866
-0.31320039167084834
-0.3561109832245367
-0.43774617781053926
-0.28768209847262566
-0.4997224612632873
-0.2991468682865875
-0.22148727428511134
-0.20579761294665863
-0.46316413113243016
-0.3105392575374648
-0.35639876070561993
-0.17126156685607255
-0.19651639353089986
-0.16117109113049052
-0.3614420393842962
-0.17110656097792473
-0.31796066310727966
-0.29600799637539443
-0.22575734732792746
-0.462373310808536
-0.3635663596035917
-0.18287467014248873
-0.20389420631611507
-0.25616364678384185
-0.2900119761656069
-0.32280903321893045
-0.20783272446596535
-0.24225585113728823
-0.3655210555970143
-0.32628114873251723
-0.2033368749495364
-0.10956003623206488
-0.29409147221493515
-0.23205137680043414
-0.1495772568173636
-0.4503255008431469
-0.20764149359425474
-0.2635684314895515
-0.19269884705688511
-0.3646645168388905
-0.3327234309411372
-0.2475733092927732
-0.19853285532801032
-0.19356513271035042
-0.31965542958286297
-0.31171082575303555
-0.22410338640687094
-0.397783510608474
-0.2416679371904138
-0.3909498432031986
-0.3653308137773235
-0.3756569695924049
-0.22599715467180617
-0.3895138803239865
-0.4682840863375862
-0.389650227117499
-0.43650502743826775
-0.37908912710190634
-0.28010948119077944
-0.2507841399878193
-0.16300737843957336
-0.28551681269549467
-0.38441292411711303
-0.38461650777411277
-0.30314264651782963
-0.2151376577070323
-0.17025068268078097
-0.2662853895180767
-0.2538660308518388
-0.2502082342856725
-0.34022676856864775
-0.25725274467687925
-0.2919403475099589
-0.35186146247056627
-0.26653699549298115
-0.20196713556151735
-0.14493496572200057
-0.4030917617993579
-0.2520712104674203
-0.42571881909857945
-0.15957600028798077
-0.25123242183625344
-0.18066272772719633
-0.32796084935372605
-0.2835582331689903
-0.2542958603627306
-0.20683645991456848
-0.24259408033375907
-0.23283392931780358
-0.389420148496356
-0.32060006300369404
-0.2311780301906245
-0.2754837468217071
-0.2902126606425902
-0.17918159448954216
-0.4035300188955375
-0.5896449100844579
-0.37434424293076457
-0.27010895300772403
-0.32436781212548504
-0.40958966015553133
-0.22062964101292445
-0.2580446211073937
-0.20886386852928096
-0.2538384433179513
-0.475308036066806
-0.38131372108306943
-0.18694358583321988
-0.22331018311141954
-0.24957445566118405
-0.38331309367741
-0.27546556445278725
-0.18560325143124803
-0.19539551477906406
-0.21657865037759264