4.848240000000003
4.559900000000004
2.8363000000000014
3.1656000000000013
5.093800000000004
2.30502
3.8945000000000025
0.5909000000000013
3.5988200000000017
4.859340000000005
0.9131199999999999
3.4078000000000026
3.431400000000002
3.634400000000002
5.364420000000005
3.759500000000002
2.5999000000000008
4.488400000000003
3.809700000000003
2.542
6.269300000000006
4.501300000000002
4.484300000000002
2.6305000000000005
3.3125000000000018
2.3790400000000007
2.9289000000000014
3.6438000000000015
3.664620000000002
3.7075000000000022
2.4313000000000002
4.697600000000003
2.9335400000000007
2.2364200000000003
4.697440000000004
1.418
4.6804000000000014
2.30222
0.3606999999999996
0.6522999999999999
1.391399999999999
3.7804600000000024
1.7134999999999996
2.983600000000001
5.875620000000005
3.913700000000002
5.8346000000000044
3.4692000000000025
3.7100000000000017
3.271200000000002
3.8496000000000015
1.3316
2.5013000000000005
5.445600000000006
4.143400000000002
4.918700000000004
2.3808
3.903400000000002
2.659
3.5492000000000026
3.5432400000000017
2.4537200000000006
3.458800000000002
3.9273200000000026
2.6807000000000007
3.7881000000000027
4.4636600000000035
4.264520000000004
4.693100000000005
3.515900000000002
4.131800000000002
3.3923200000000024
5.189320000000004
3.4686200000000023
2.639500000000001
3.970920000000003
5.624700000000003
1.7204
3.3999400000000017
3.2283800000000014
3.6644000000000023
4.217020000000003
3.5950000000000015
3.758020000000003
2.0195999999999996
4.288920000000004
3.520100000000003
3.3923200000000024
4.263720000000002
4.3015000000000025
4.7066000000000034
1.71658
1.5288999999999997
2.8345200000000013
3.215320000000002
3.7212400000000025
2.5965000000000007
2.8736000000000006
3.092900000000002
3.3096000000000023
3.048300000000001
2.603700000000001
2.6195400000000006
3.4195600000000024
2.5950000000000006
4.779120000000004
4.614220000000004
5.267800000000003
2.6987200000000007
2.8108400000000007
1.1735999999999998
3.2336
4.988400000000004
4.171000000000003
2.3839900000000007
1.5703
1.3196999999999999
3.190620000000001
4.039740000000003
3.0143000000000004
2.2439
5.567580000000005
4.947900000000005
3.314600000000002
3.1026000000000016
3.6407000000000025
4.818220000000005
5.950700000000007
4.041240000000002
2.9002000000000017
3.717900000000001
3.296100000000001
5.022000000000006
3.339100000000002
2.6647000000000007
5.266620000000004
2.6066000000000003
6.331220000000004
4.112400000000003
5.804100000000008
1.81852
3.3834000000000017
2.8907000000000016
6.441600000000008
3.203800000000002
4.265500000000002
1.8950999999999998
1.8494199999999994
5.235300000000005
3.495300000000003
3.339520000000002
1.4922999999999997
3.7314000000000034
1.3528000000000002
5.087000000000003
2.9834000000000005
4.591500000000003
0.8895999999999997
5.252620000000006
4.039200000000003
2.1546000000000003
3.465300000000002
2.2969
1.64002
4.1133000000000015
5.409800000000003
3.7477800000000014
4.257000000000002
4.420300000000004
5.267800000000004
2.3436000000000003
3.3423200000000017
4.447400000000004
2.6281000000000008
4.514300000000002
5.245900000000005
4.110200000000002
4.486100000000003
2.2611
0.3967999999999998
4.336420000000003
3.017800000000001
4.354200000000003
2.6400000000000006
2.0691199999999994
3.2578000000000014
4.740400000000005
3.6300000000000026
3.895500000000003
4.187700000000004
4.136600000000002
3.371900000000003
3.054800000000001
2.7396200000000004
1.7229999999999999
3.4822000000000024
3.343300000000002
2.04017
4.069300000000002
3.6571200000000017
5.866220000000004
5.156400000000004
4.149400000000003
1.9623999999999997
2.6885000000000012
2.619800000000001
3.219100000000001
4.852700000000004
3.0318200000000015
2.0553199999999996
6.084200000000003
3.48278
2.1194999999999995
3.4224000000000023
4.395300000000004
3.707620000000002
5.007600000000006
4.039820000000002
4.292040000000004
2.3433000000000006
4.325100000000003
3.470200000000002
1.0432
4.9273400000000045
2.6530000000000005
5.713400000000004
6.203500000000004
2.9511000000000003
5.768900000000008
3.6026200000000017
1.8485999999999996
3.725800000000003
4.5328000000000035
2.4583000000000004
5.083720000000005
2.9405
4.869820000000003
3.3789000000000016
5.954000000000007
5.580100000000008
1.4204999999999999
2.577700000000001
-0.04509999999999997
3.632920000000002
3.9434000000000022
3.7093400000000027
2.8095000000000008
2.911600000000001
3.6140000000000017
5.174940000000006
4.072420000000003
2.900920000000001
2.658900000000001
2.8182800000000006
4.929400000000002
5.553700000000004
2.32177
5.017100000000003
6.2394200000000035
4.355200000000002
2.604000000000001
6.391920000000009
6.1775000000000055
4.314100000000002
2.828500000000001
4.680400000000002
2.3612
3.142800000000001
1.464
4.239020000000004
2.0119000000000002
1.8765399999999997
4.409000000000004
5.737200000000003
2.2205000000000004
5.452920000000003
2.705000000000001
5.560600000000007
3.621800000000002
-0.6284000000000003
2.7230000000000008
3.699600000000002
3.208400000000001
3.9551000000000034
2.6190000000000007
3.543300000000002
5.3324400000000045
3.624100000000001
0.6934999999999999
3.415820000000002
4.648500000000002
3.724020000000003
2.1593
0.8553999999999999
2.8565000000000005
3.7433200000000024
2.3243
3.973500000000003
2.3984000000000005
2.3760000000000003
2.636700000000001
1.8881
0.9391000000000002
2.3975400000000002
3.516700000000002
5.640400000000003
3.2613400000000015
3.616100000000002
2.1336399999999998
4.369200000000003
2.4403000000000006
4.735700000000003
2.9988
4.149420000000004
6.993220000000004
3.126400000000001
3.971300000000003
3.406100000000003
1.38677
-0.3012000000000002