6
21
6
10
6
6
9
6
6
10
6
9
6
6
6
6
10
9
6
6
9
6
6
10
6
6
6
6
6
9
10
9
6
9
6
6
7
6
6
12
6
10
6
10
12
9
9
6
6
10
6
9
16
9
9
6
9
6
9
10
6
10
6
9
9
8
13
6
10
6
14
6
6
6
6
6
6
6
6
6
6
6
10
11
10
6
6
6
6
6
10
9
6
6
10
6
6
9
9
6
6
6
6
6
6
14
10
6
17
7
6
9
14
6
9
6
6
6
6
13
9
6
9
10
6
9
17
9
9
6
9
9
6
9
6
6
6
9
9
9
6
9
10
9
6
6
6
6
6
6
6
9
6
9
13
6
6
0
10
6
9
6
6
9
10
9
6
9
6
6
6
14
6
9
6
6
9
9
6
5
6
6
10
6
8
13
6
6
6
10
10
6
6
14
6
6
6
6
10
6
6
9
9
6
6
6
9
6
6
6
14
6
6
16
6
9
9
6
6
14
9
6
6
6
6
10
9
14
9
9
10
10
9
6
9
6
6
6
6
9
6
10
6
9
6
9
6
6
9
6
6
6
6
6
6
9
6
13
9
6
6
6
9
6
6
7
6
6
6
10
10
9
6
20
6
10
6
9
10
12
5
6
13
6
13
6
6
10
7
9
10
6
6
9
6
9
6
10
6
6
6
6
6
10
6
20
6
6
9
13
6
10
6
9
9
6
6
17
6
8