335.42800000000005
359.42900000000014
230.311
238.242
364.4410000000002
275.333
403.9060000000002
306.4280000000001
415.2980000000002
371.4400000000001
351.38400000000007
327.33600000000007
396.3990000000001
423.828
542.6360000000001
400.319
372.49000000000007
344.4360000000001
411.5260000000001
350.3750000000001
461.5560000000001
391.9050000000001
305.146
435.52700000000016
397.49700000000024
372.4900000000001
382.391
293.11600000000004
401.875
296.37
229.279
407.4700000000001
401.26100000000014
368.4000000000001
388.53300000000024
407.33000000000004
413.0980000000001
486.6120000000003
339.41700000000014
260.24499999999995
475.52300000000025
438.53400000000016
293.363
339.3760000000001
371.455
442.45700000000016
406.8940000000001
436.4640000000002
276.133
384.3070000000003
308.259
255.29799999999994
406.4420000000001
429.60100000000034
362.248
420.49000000000007
392.3970000000002
360.41300000000007
455.14500000000004
376.4600000000002
347.212
499.54500000000036
473.96400000000017
357.793
480.6190000000003
429.49400000000026
440.89000000000016
416.4560000000001
446.7760000000001
352.799
314.41200000000003
257.245
384.47900000000027
451.9610000000001
298.7260000000001
326.44000000000017
341.332
459.5680000000003
423.9660000000001
298.304
392.45100000000014
361.85400000000004
284.69800000000004
310.3490000000001
244.077
388.52900000000017
381.4760000000001
257.245
358.19500000000005
396.3840000000001
405.25500000000005
251.31099999999998
324.31800000000004
327.837
334.33500000000004
288.34700000000004
487.0030000000003
215.281
334.51400000000007
376.4820000000001
309.3210000000001
386.4330000000001
331.35300000000007
239.322
343.40200000000004
393.51200000000017
451.5260000000003
387.9130000000001
349.3900000000001
352.5000000000002
301.302
306.665
414.5970000000002
438.53000000000014
504.5710000000002
336.34400000000016
358.3980000000003
249.70100000000002
402.1300000000001
523.6300000000003
310.28400000000005
490.3860000000002
440.6240000000002
375.4790000000001
382.46000000000004
429.5480000000002
402.45000000000016
430.6730000000002
304.39700000000005
331.41200000000003
388.8070000000001
389.4180000000001
402.4940000000001
337.37899999999996
428.50800000000015
420.43600000000015
353.75800000000015
346.861
282.73
512.7310000000004
190.198
468.26300000000015
326.3960000000002
482.7050000000004
363.34800000000007
461.4960000000001
422.4590000000002
353.38200000000006
523.4080000000001
405.8380000000001
263.29600000000005
358.3500000000002
473.6170000000003
211.19799999999998
448.9350000000002
304.32500000000005
346.8580000000001
352.33900000000017
415.49300000000017
406.45200000000006
350.67400000000004
432.3220000000003
347.84600000000006
269.325
409.66700000000026
381.8400000000001
299.683
445.4820000000002
386.333
387.91300000000007
279.40899999999993
289.33799999999997
545.7030000000002
275.26300000000003
278.685
425.48400000000015
333.756
531.8710000000001
338.4580000000001
276.29200000000003
470.6100000000002
367.858
379.4600000000002
239.702
320.37700000000007
166.22299999999998
395.5030000000001
271.247
369.4210000000001
342.48900000000003
412.2390000000001
354.3180000000001
265.69599999999997
252.32099999999997
339.2730000000001
323.43600000000015
319.83500000000004
378.8850000000001
382.4230000000001
265.31600000000003
406.82500000000005
490.9190000000001
490.5410000000003
342.26200000000006
350.44000000000017
293.66600000000005
297.362
381.4530000000002
344.43600000000015
507.63400000000036
835.8950000000001
285.25
328.349
346.4670000000001
395.68400000000025
509.4620000000002
512.7390000000003
458.59900000000016
384.5010000000001
302.28200000000004
311.3620000000001
455.9240000000001
237.21500000000003
458.63900000000024
268.81300000000005
392.2520000000001
475.3970000000003
253.30499999999998
426.6410000000002
408.4580000000003
190.158
422.52500000000026
318.401
332.2870000000001
408.49800000000033
369.7049999999999
389.48000000000013
274.34499999999997
385.575
510.7150000000004
218.26000000000002
419.53200000000027
281.316
359.4510000000001
441.4940000000003
306.36500000000007
329.444
307.147
470.27900000000017
472.6660000000002
380.4690000000001
290.392
287.36299999999994
292.342
376.8940000000001
428.43500000000006
302.327
272.303
391.85800000000006
406.87200000000007
398.8430000000001
460.65800000000024
492.6410000000003
328.20200000000006
281.358
413.0980000000001
360.719
445.8840000000001
384.255
381.9070000000002
172.18299999999996
377.4660000000002
553.9140000000003
252.31599999999997
322.43000000000006
358.466
320.267
416.64600000000013
499.58900000000045
234.21099999999998
321.383
332.35900000000004
428.53600000000023
352.4780000000001
341.3880000000001
332.8560000000001
444.9340000000001
428.4950000000001
316.1070000000001
390.48600000000005
455.89800000000014
386.5170000000001
408.3700000000001
328.16200000000003
257.24499999999995
319.282
385.4890000000001
460.3240000000002
323.308
389.31500000000005
302.351
400.4120000000001
370.3900000000001
251.28900000000002
343.33500000000015
252.31599999999997
241.29000000000002
346.387
305.40299999999996
324.42800000000005
368.30500000000006
333.84000000000003
394.2800000000001
337.41900000000015
411.33200000000005
250.66
334.48500000000024
293.36600000000004
344.4400000000001
367.34300000000013