0.6929343869623398
0.5263772856760124
0.7797692418906691
0.6623041086624184
0.5486793337778135
0.5258753224572401
0.7924162092959394
0.6660475171283997
0.7291707652319608
0.47744916971777607
0.796145959189047
0.6007047049037492
0.6107970461993651
0.6327914563626349
0.27407801896830913
0.6162751103541025
0.8106065461303957
0.7381717025167912
0.5866897183395683
0.634258155141197
0.35271018311785235
0.6004667568766066
0.6032102051807009
0.7481455502281568
0.4452098913590794
0.8279623209608789
0.6157274855332947
0.6939487273253283
0.6587220455192304
0.7981279285701068
0.5899836933825977
0.3425985527921962
0.4889691152150727
0.362137507260904
0.7282970663362244
0.7604964166802068
0.5339657518341439
0.4475266928395845
0.32003284483743394
0.7742778312536464
0.5241388976123412
0.6645621225978903
0.33556272678631754
0.7940071196969322
0.5511177745700814
0.16895415720853785
0.4186429523302972
0.46001866102729116
0.35518208324533
0.8667878893822879
0.6659487349017262
0.7767710425524461
0.6505913345590795
0.15376155922421536
0.6078973027981531
0.18305047326605442
0.2629528579166742
0.6271901541399472
0.42633717803116855
0.7591004154990726
0.3997372687717323
0.4940059478572646
0.3149149093102932
0.7678065120522066
0.39516556039577877
0.5319741723382442
0.4319327603504235
0.4709544406408695
0.6332731490965593
0.4780391298386701
0.3319037898661971
0.36394118608395765
0.46121793847480713
0.5465423114208863
0.6325231987227314
0.7827388747244165
0.6575924275915167
0.6784794661045587
0.8005997282718955
0.4391209247688119
0.7509495668533984
0.6677196183613949
0.8461854450949616
0.6925779567182615
0.5167888314868514
0.7245632385497497
0.7470556492829077
0.36394118608395765
0.7102928707569892
0.48560498975724425
0.5363683848650204
0.8237254930249321
0.5590823734810917
0.9248946492661582
0.4498197223840668
0.37203756737086136
0.6214380021703724
0.6554324311492545
0.6858895552563334
0.8647568215630034
0.6432112782622409
0.5718280220577426
0.6305769410605336
0.545309832569388
0.9063845432492378
0.6384719175533143
0.46447488912510104
0.347865060036018
0.6777855373253814
0.773162184345074
0.8275516248906319
0.4333768668881
0.19372872136771097
0.49842397197237187
0.49316557504683134
0.5543430357088425
0.7841303838136116
0.9075897434989432
0.46309406668570363
0.46227055326181815
0.5238844968898024
0.39462186487423995
0.5109353104005613
0.6300177883817623
0.7454074465449714
0.6879880775054716
0.45623164466290556
0.4562941073824032
0.7766809506516473
0.43675017901685154
0.5971413512806552
0.3769198980732671
0.6075550205092058
0.5349390970685499
0.7299790072232153
0.22563369101754369
0.5771195703763109
0.4435703463650431
0.5802286141544774
0.20634123871317056
0.5838570718229057
0.3482294836456583
0.8652609809950765
0.3235557102021788
0.32667106238411137
0.2938731759848173
0.6468412527349359
0.432403082153524
0.33515048086669175
0.656095786535859
0.6153985110644359
0.6105872304114379
0.6169895033952663
0.5185574792955625
0.40610689369114295
0.7898834049027826
0.708618212303363
0.28961698365604127
0.4291656598294666
0.7122088513710687
0.3253886392784732
0.560409701384295
0.8685333502663442
0.7952249886563778
0.7832940273404447
0.5690142450365258
0.8472524697045979
0.1814076839909281
0.7433527621053689
0.347865060036018
0.8307102709960473
0.7465446171958658
0.35342777032083156
0.5927154618980678
0.5960531291047793
0.5362303167216365
0.5769969012446616
0.368805007496756
0.8660178961311298
0.4979727174842029
0.5222932134352845
0.8506201795247195
0.6323105085036431
0.7941993934146
0.5671735757076317
0.48057199184742166
0.4881568259694922
0.3690042867965355
0.7558231126828624
0.6070065987529764
0.6055221012101641
0.37453063709225476
0.6233280330161658
0.5341999753981068
0.6571511342107328
0.9146440662208557
0.8504795328970247
0.8874619313635221
0.41695909321124286
0.7818190920500414
0.30585649858274044
0.3362089117935922
0.4613032774315028
0.7918582619026345
0.6638385735727391
0.6647047945151989
0.7565217757548514
0.619908444615107
0.9269413004244532
0.6404430856141046
0.2123560791550992
0.8859050520432679
0.5307595557273516
0.5835674835932658
0.7837586200162384
0.3803720062992493
0.42975618220642964
0.49886381948124797
0.7120923768093068
0.6342850727395176
0.3987381764552039
0.5655615581816469
0.622842593403235
0.4450695628079219
0.7617835401980244
0.4589326496951142
0.44599166246212457
0.5436356260106903
0.4726412361137314
0.6946971565186049
0.5494668589074613
0.6964993261606397
0.520069974681277
0.4975760576236041
0.6154837199724512
0.4354931744638728
0.3333009630460187
0.3925642043605473
0.5335131251851576
0.22543013433423562
0.8242505386158654
0.32322897715339927
0.6672200521916087
0.49726712200169004
0.7011073915171576
0.7470501483840699
0.8921318483460516
0.6033948179943791
0.44841743436291637
0.3969115437425461
0.7254448332469847
0.8529856270752056
0.6652992766305538
0.6802834653869163
0.48976620750130384
0.4633374320065038
0.671012653869771
0.4796473071410944
0.31220426333334095
0.3513689493646318
0.540929512895547
0.31056693733003676
0.4130514120230884
0.6151490468551524
0.6816813065347703
0.5339657518341439
0.75977473838547
0.45732728972080267
0.8149593229614628
0.7362017134613512
0.5994834910884169
0.7600826232662505
0.23468615542015456
0.24345418372476169
0.8339415852272285
0.5267150927714187
0.6304304257351113
0.5310504106541728
0.4441058598386274
0.5573033761668252
0.6893042776744034
0.4059643069797564
0.4968265021544904
0.838284195002873
0.6111141618318515
0.850906329629776
0.4677511026984907
0.40153328106237346
0.553311526890787
0.6970256092827842
0.4423726628859547
0.7134949757572623
0.4030865842984806
0.8182664159804054
0.4688658913414441
0.790812843996142
0.8104733319730544
0.6108695433691981
0.37565877512561935
0.8410908594989388
0.3702103311595065
0.44131075916214835
0.41009601873739826
0.6668888172981314
0.33073510843516113
0.3343284635921571
0.8474075190830354
0.53879258895518
0.9445968598524083
0.7322093200301752
0.39766880903235113
0.650321094323554
0.2058865913833828
0.7440384663065676
0.3712730614132527
0.889784611929946
0.6295863960311668
0.6585660026007806
0.9139975079704286
0.4185399755705636