1.819950224804499
2.6817751126871734
2.2697686226568834
1.7974376153410283
2.026359097932696
2.3134904529584794
2.9602302737016792
2.6102778872898167
2.681806304198222
2.8543392694281753
2.1017589578361715
2.426091666866272
2.137521331777636
2.294042455905265
2.4211934686882035
2.8306626732169367
2.2066084146480662
2.2586429073195244
2.6528908171770436
2.5956673200927263
2.4927377357796594
2.005729634490656
1.8001547925077528
2.7889080119147813
2.3949184774305365
1.8369881828250918
2.1455021892585737
2.2858271587636345
2.1666921561700043
2.4826482643344026
2.5920925433790174
2.175037998444303
2.6949325552446144
3.0780972836280283
3.3388069679800525
2.795174644662046
3.760034052684402
3.620913414713897
2.809069549648772
3.685050318837714
2.053135834480006
3.2495537030678605
3.286795317725155
2.65838896266669
3.5481963184162586
2.9533088894278077
2.3007545532096714
2.3934632808574747
2.1055973047797707
4.228604422989829
1.942488552647033
2.6308083254001993
3.4154077157436955
4.974328002298346
2.505471521344816
2.7327417250458836
3.0703267715546216
1.6870597495692756
3.233328470608013
2.179316775431893
2.1100430899281903
2.896102534022658
2.6073264599827652
2.077671303066275
2.436365083859659
2.9667034772839216
4.103381816891632
2.513468318987014
2.819321540249888
2.4579243883584496
2.485018088270955
2.2998062729875084
2.3947215819339824
2.554933297589601
1.8999559052815478
2.548045665119165
1.6714122329263716
2.5720353818771677
2.2899883638434826
2.9797726009991177
3.8775232462282485
2.1995705966321584
2.0441060787922467
2.2105502624843236
2.5189573495731477
3.3139567310687905
3.044787274515622
2.201448943524518
2.9736244560878564
2.283642987700638
2.0504549955365334
2.5607232103184607
2.565327972571371
2.7180411912823708
2.0908863391018855
2.497457004182648
2.461350943421401
2.138434517405315
2.1369723956482964
2.4812762755542828
2.1997796331136943
2.236243644155703
2.5830187137052345
3.405754792507752
1.6951589284843358
3.484944350521782
2.3782112337102994
2.283233928484334
2.6160139024191267
1.9699609325778482
1.9083643001147976
2.6048681315143085
2.977939892413586
2.2866707748196387
2.84381298115467
2.3279981886054024
2.1311691817713534
2.0341531203020953
3.1163919432338734
3.9157177071174276
2.381158282589219
3.4370144668294476
4.723886257683475
3.613323608874368
1.9496298523549704
3.3111287265849416
2.6750140857885896
4.9642656636132205
3.3711779281884295
3.0681223272629943
2.1450398079918678
2.877166720232891
3.1782716321113043
2.111835851561258
2.7967830925857147
2.1374167009498777
2.5588691676263817
2.4977003555680763
2.126346829874196
4.934926066880035
1.7746469824532696
2.4842339228480803
2.974007594366391
4.997006863329423
2.0542377961575493
2.0923514489604873
2.094928796886366
2.241701776081152
2.5461032316329373
2.1407779861295193
2.166195105736266
3.0709268701828094
2.63521249445475
2.9122469824532704
2.30964062667932
2.1087382455242256
2.1509797615101096
3.027342375145458
2.8512824875727514
2.0045739113266006
3.689176859934075
2.382642965886605
2.3755725782060804
2.7399207383963127
3.486838884942822
2.609657181771354
3.339498353490284
2.949421796602234
2.9643539744568876
2.293095466945873
2.193779712755287
2.239550761032911
3.222450257643308
2.25147438966294
1.8946939362676236
2.3354545463661616
2.185961818725218
2.6782353950652986
3.528489050534861
2.535550492552318
2.9433699343503203
2.0124684683256824
2.2004243065313034
2.5310432305930863
2.2643489578188394
1.5445545429082337
2.4277868727407377
1.9510754107760526
3.27329227698221
2.9268936191276804
2.6988180988445585
2.589042923916532
2.5140941952226843
2.2934501046275653
2.355248887906102
2.527915874909377
4.109986065444049
2.452125082330488
2.084788360435253
2.290817490306692
2.723273163279467
2.8847950552180865
3.5892297490933025
2.1616373324940383
2.578234476307978
2.7666248863005283
2.4045969148790647
1.8889119758240334
1.6801610845330046
2.1458267654999386
3.8027554924405838
2.7269504228144577
2.2771319623229456
5.623653647315818
2.4114768359108965
2.7171259581105023
4.946508547220939
3.4198289065272682
3.0876082427365903
3.5354287357984227
2.300785376417526
2.599722036905842
2.682825953905578
3.4460403972225775
1.9261992741482494
1.9208723900227973
2.117891084760565
2.0954181742937497
4.6458138453527225
2.480073333437492
2.077132656698055
3.5323597262212196
2.0688123332493795
1.8859664434848522
2.258906054205097
2.8616961419009783
2.054169833593244
2.749503296495158
2.7999753941810965
5.114419732038407
2.3108764622550435
2.295061967739585
3.396982368818011
3.4548619994036933
3.3098887363176814
1.966716104334779
2.356029721063223
1.7533330730507384
2.4925993074634647
3.3216699492955524
1.8415698889635266
2.3335876835033265
2.093569219423342
2.238615664879065
2.4956675865987137
2.4527448019689615
3.4468759963443283
2.163118062119514
2.6818767694281753
2.2854660279251995
2.9977076418195505
2.7445508090222077
2.6986856651772175
2.0354782345122953
2.3612243490688396
3.710897788948138
2.369974062731277
2.2471399668041236
1.9996799776155072
2.7584020597304075
1.9513859038549803
3.1788421757676346
2.806286585334961
1.5943487214046765
1.8945013791647796
1.9237973032288416
2.2740238402123882
4.600443658254239
3.317690248712495
3.768270593392196
2.5681866973552463
2.0377009727414475
2.463683815974532
1.7992393946269924
3.9455474133709147
2.005092587955989
2.3153475318671557
2.7584903154044493
4.760735100288452
2.0977795421506986
2.3180054518541464
1.9632994436193982
2.408836204683892
3.8021501680081524
1.641302789678365
1.9892804323144944
1.9485579145007428
2.5220597933160978
2.45286104738841
1.9842676194818374
3.1638222881685056
2.3643619902171107
2.5509167392002254
1.9999925332681077
2.065827824805405
1.7659092845514053
1.5356751182996078
2.5199746100100864
2.6838827338611146
2.282059500822598
2.0988214663335256
3.3326189839373814
4.154992518266019
2.148548159253565
2.663239846351253
1.6412252356867096
2.0931894233234836
3.1368571973368855
2.394602261003593
4.058452096729481