40
44
27
28
44
30
44
33
48
44
44
38
49
45
66
42
43
42
47
62
52
38
28
55
53
45
48
27
46
34
28
44
45
45
48
48
41
62
44
36
58
58
41
38
46
56
46
51
31
47
38
30
56
54
38
52
47
39
57
47
37
61
50
45
53
52
56
53
43
46
42
38
52
50
38
41
41
53
51
30
48
35
35
39
29
53
48
40
34
61
42
29
44
38
46
32
60
27
33
46
36
41
51
28
38
45
56
42
44
39
36
40
56
52
66
43
41
25
36
65
41
55
61
45
46
50
49
54
37
39
50
47
45
42
50
48
40
38
35
64
25
56
42
60
44
59
49
44
58
46
33
47
58
36
49
33
37
45
45
44
52
46
36
33
39
45
33
52
37
42
30
37
74
37
31
54
42
67
41
34
61
43
43
25
38
22
45
39
41
40
43
56
29
29
39
37
37
45
46
31
48
57
61
33
43
40
30
44
41
63
52
30
41
48
36
67
62
59
50
38
34
52
33
57
28
38
51
29
57
49
29
58
39
43
49
37
44
34
52
65
22
42
33
39
53
37
36
29
57
58
44
33
30
35
39
56
34
34
52
52
48
53
59
53
29
41
45
50
39
43
22
45
56
32
34
40
42
51
62
31
35
39
52
43
44
37
50
52
36
45
50
43
61
30
35
43
46
46
50
39
38
52
48
29
48
34
29
37
37
37
51
35
42
39
47
28
35
36
42
54