46.17
49.17
41.46
50.44
63.6
78.1
51.16000000000001
75.71000000000001
85.36
78.27
108.71999999999998
66.35000000000001
99.88000000000001
89.02
94.92000000000002
57.61
57.690000000000005
72.2
94.31
127.41
41.290000000000006
64.11
17.07
104.81
100.83000000000001
57.690000000000005
75.71000000000001
50.44
89.02
47.28
46.5
57.010000000000005
87.19999999999999
140.10000000000002
75.36000000000001
132.4
46.5
124.45
70.16
83.83
131.10999999999999
105.14000000000001
63.68000000000001
73.34
20.310000000000002
149.07
62.22
110.8
26.07
63.99
61.69
46.5
98.65
93.28000000000002
37.38
85.36
138.21
67.43
120.62
67.23
64.67999999999999
135.13
114.8
68.53
76.25999999999999
90.92999999999999
80.36000000000001
59.720000000000006
39.6
68.75
55.92
73.35
51.96
114.8
72.67999999999999
51.1
29.1
88.18
71.41
63.839999999999996
53.99000000000001
60.06
43.370000000000005
55.760000000000005
37.38
68.28
35.91
73.35
71.51
128.27
67.77000000000001
79.35
140.61
82.85
97.49000000000001
42.85
126.39999999999998
54.699999999999996
31.4
88.33
57.120000000000005
113.44000000000001
113.96000000000001
50.82
44.81
50.86000000000001
69.72
46.5
56.589999999999996
75.27
89.55
114.32000000000001
55.92
86.71000000000001
146.39
91.14000000000001
85.69
47.04
41.46
119.41000000000001
80.47
98.51999999999998
77.76
87.55
70.08000000000001
54.370000000000005
64.80000000000001
60.69
42.74
55.84
100.65
127.21000000000001
63.08
75.71000000000001
58.14
61.83
83.42
27.82
45.75
86.99000000000001
54.370000000000005
108.57
66.48
66.76
80.64999999999999
118.41
111.24000000000001
112.54999999999998
89.27000000000001
89.02
38.66
102.01000000000002
45.25
77.28
76.88
89.27
33.730000000000004
105.20000000000002
76.5
47.61000000000001
143.16
88.38
48.830000000000005
46.5
63.08000000000001
50.52
41.61
133.28
23.47
46.5
36.53
46.92
114.99
63.24
17.07
55.84
85.13
107.48
71.11
74.76
86.63
79.37
46.09
29.54
60.15
0.0
69.89
60.209999999999994
61.86000000000001
23.550000000000004
65.49000000000001
125.83000000000001
47.89
55.040000000000006
83.69
38.33
57.61
69.4
76.47
50.95
77.83
78.60000000000001
109.65999999999998
35.58
67.87
109.38000000000001
64.34
64.63
66.48
113.09
75.99000000000001
68.94
71.78
63.60000000000001
45.06
127.71000000000001
104.29
100.78999999999999
72.19
107.22000000000001
52.33
114.8
96.57
79.15
6.48
49.33
67.42999999999999
74.16
60.69
81.76
76.26
66.92
34.89
98.54
74.94
56.400000000000006
60.92
69.16
6.25
86.99000000000001
51.97
99.00000000000001
105.31
80.25999999999999
71.53
51.1
61.440000000000005
61.36
100.73
79.15
66.48
66.91
57.010000000000005
68.49000000000001
66.38
62.82
53.39
30.21
70.96
83.67999999999999
97.33000000000001
60.69
76.66000000000001
95.51
47.56
46.5
49.85
115.31999999999998
102.14999999999999
39.60000000000001
34.14
81.5
87.4
0.0
49.85
41.99
59.92
60.69
113.26
89.87000000000002
87.38000000000001
60.78
59.27
32.78
63.68000000000001
26.71
63.49
117.20000000000002
77.49000000000001
85.35999999999999
89.02
58.64000000000001
147.19000000000003
59.0
69.44
37.38
60.93000000000001
65.07000000000001
83.76
66.48
60.440000000000005
101.06
113.32000000000001
47.78
87.9
0.0
49.33
84.93
63.99
59.81
137.46
38.33
103.18
46.61
37.05
41.99
41.57
43.7
69.4
147.67