3.2550800000000013
0.7479
0.7169000000000001
2.506100000000001
1.86762
3.6644000000000023
3.7444000000000024
3.6438000000000015
3.803720000000002
3.695120000000002
3.4449000000000023
3.316600000000002
3.415300000000002
3.158500000000002
4.911220000000005
3.6873200000000015
2.7996000000000008
3.5652000000000017
3.339520000000002
4.674520000000005
3.9379000000000017
3.299680000000002
5.607600000000004
3.8951400000000014
2.1801999999999997
5.589000000000004
2.638300000000001
5.267800000000004
2.1466000000000003
3.6212000000000026
4.421500000000001
4.739140000000004
2.4330000000000007
3.696790000000002
4.427000000000002
1.9004999999999999
3.632920000000002
3.085700000000002
3.2085000000000017
0.7942
4.178000000000003
1.98042
2.5961999999999996
2.2029999999999994
1.7255999999999998
2.7326000000000006
3.472000000000002
4.257440000000003
1.1914
4.697440000000004
2.9724200000000014
2.2590200000000005
1.7192999999999994
2.9422000000000015
5.162340000000005
3.3651000000000018
4.336020000000003
1.4082
2.2573
0.6768000000000001
5.174940000000006
4.770840000000003
2.5746200000000004
2.5052000000000003
2.9328200000000004
4.488400000000003
3.4570200000000018
2.3352000000000004
3.0311000000000012
4.818900000000004
2.3872
2.6310200000000012
2.8715400000000004
1.4173999999999998
4.292200000000004
2.807100000000001
4.017020000000003
3.3834000000000017
3.6887000000000025
3.6311000000000027
2.8862000000000014
4.353920000000003
6.094800000000007
2.474500000000001
6.269300000000006
1.3959
4.264520000000004
3.0143000000000004
3.815000000000002
3.465300000000002
4.550620000000003
7.658440000000005
4.249780000000003
1.4248999999999998
2.3309999999999995
2.618500000000001
2.4953000000000003
2.251480000000001
6.088520000000005
1.3333999999999997
2.805500000000001
2.673300000000001
3.9548200000000024
2.7489000000000017
2.672500000000001
3.7771800000000013
3.6552000000000024
3.8208700000000038
3.2567400000000015
3.0471000000000013
5.150800000000003
2.4201200000000007
3.3214000000000015
2.593040000000001
3.2756200000000018
3.4865900000000023
3.4284000000000026
2.013340000000001
3.017800000000001
1.6655999999999997
4.017500000000003
4.7848400000000035
3.304120000000002
2.6372999999999998
6.847100000000005
3.5512000000000015
2.6599000000000004
4.7066000000000034
4.244500000000003
3.550900000000002
3.658220000000002
1.3907999999999994
2.9609000000000014
-0.5691999999999999
0.9868
3.931880000000003
3.1133000000000015
1.7229999999999999
4.209800000000003
3.092900000000002
2.673300000000001
3.0382000000000016
2.668100000000001
5.705100000000005
2.25622
3.2931000000000026
2.8844200000000004
3.3923200000000024
3.2283800000000014
2.691200000000001
3.415820000000002
4.261100000000003
4.612900000000002
0.3417999999999997
2.6984000000000012
0.5347000000000002
2.490900000000001
4.733000000000002
3.1071000000000017
3.080800000000001
3.1455400000000013
4.273200000000003
4.836300000000005
3.2578000000000014
3.1480000000000024
2.36714
2.7368000000000015
2.05791
3.2757000000000023
1.919
3.470200000000002
1.7006
2.829200000000001
4.136600000000002
4.8804200000000035
3.1310200000000012
3.0710200000000016
2.847120000000001
3.664620000000002
4.250960000000003
4.109100000000002
4.975600000000005
4.5949000000000035
3.112500000000001
5.087000000000003
3.6982700000000017
3.119300000000001
0.17420000000000213
3.501120000000001
4.112400000000003
2.8549000000000007
2.7723000000000004
5.323200000000005
3.913700000000002
0.6150000000000008
3.322720000000002
1.8863199999999996
2.983600000000001
6.687600000000009
1.806
3.614600000000002
0.052200000000000135
3.445500000000002
5.197620000000004
3.0412000000000017
2.0364
0.014099999999999668
2.7139000000000006
3.395400000000002
4.447800000000002
3.993000000000002
2.604000000000001
3.2779000000000025
2.644700000000001
2.5950000000000006
2.7173000000000007
5.081040000000003
2.138
3.4863700000000017
4.171000000000003
0.39269999999999994
4.559900000000004
4.818900000000002
5.151520000000004
3.624100000000001
6.203600000000003
3.4498700000000015
3.4078000000000026
4.274220000000003
4.4476400000000025
2.4839
4.179420000000003
3.6862000000000013
5.014620000000004
3.776440000000002
5.681120000000005
2.6574
2.658900000000001
4.388300000000004
2.00672
3.075400000000001
2.9587000000000003
2.8859000000000012
4.545600000000002
5.224300000000006
1.4872999999999998
1.7199
2.5013000000000005
3.945300000000003
2.8790000000000013
5.250000000000004
3.0569000000000015
6.111880000000004
4.457600000000003
3.470200000000002
3.5935000000000015
3.7471000000000023
4.546720000000003
2.632100000000001
4.080340000000003
3.475200000000002
2.549200000000001
1.6104999999999998
3.947300000000003
3.116480000000002
3.261320000000002
1.67626
2.4054
2.9939000000000013
3.784600000000003
4.552840000000004
0.5131999999999994
3.495840000000002
3.978600000000003
5.252620000000006
3.451200000000002
2.0665
4.553400000000004
1.428599999999999
3.6671400000000007
6.331220000000004
5.556700000000005
1.821439999999999
2.6238
6.441600000000008
4.504780000000004
2.6066000000000003
4.2764000000000015
0.8895999999999997
3.5424000000000024
2.7645400000000007
3.5669100000000027
4.298400000000001
3.6966000000000028
3.2878000000000007
3.005000000000001
6.472700000000008
1.0029299999999997
5.003700000000006
5.952300000000007
2.950100000000001
3.377320000000002
3.860920000000002
1.5306999999999997
2.1262
0.5923999999999996
1.4123000000000003
1.9288999999999998
3.484
1.8287
1.84802
3.539220000000002
5.038900000000006
2.677100000000001
3.398700000000002
5.545320000000006
3.227820000000002
3.531500000000001
3.2296000000000014
3.3335000000000017