6
6
6
10
6
6
10
6
6
6
6
9
6
6
6
6
6
13
6
9
6
6
6
6
6
10
6
6
6
0
6
6
5
6
10
6
9
10
10
6
6
6
6
9
9
14
10
10
9
6
6
6
12
6
10
18
6
12
10
6
6
9
13
6
6
9
6
6
6
6
6
6
5
6
18
6
13
9
0
6
8
6
9
6
9
0
6
13
9
6
6
9
10
6
6
6
6
6
9
5
16
6
9
10
6
6
6
9
6
6
6
6
6
6
6
10
6
18
6
6
6
9
10
10
9
9
6
10
13
9
10
6
6
0
6
10
6
6
14
9
9
6
6
9
6
10
6
6
6
6
9
16
9
6
6
9
13
6
6
7
13
9
6
13
10
6
6
10
14
13
6
6
6
10
10
6
9
6
6
6
6
6
10
10
13
6
6
9
6
9
6
6
10
9
9
6
6
10
9
6
9
6
9
10
6
6
5
12
6
6
14
6
6
6
6
6
28
6
10
6
5
21
6
9
10
10
10
9
9
6
6
6
9
6
10
10
9
6
9
6
6
6
6
6
10
6
14
16
6
10
6
6
6
9
6
6
6
13
6
6
6
6
6
9
6
6
6
9
6
6
6
9
10
10
10
6
6
6
6
6
9
9
9
6
9
13
6
6
0
6
9
10
6
6
6
9
6
10
5
9
9
9
10
9
10
9
13
6
6
13
6
10
9
6
6
9
6
10
7
6