486.57500000000016
281.249
431.4260000000003
392.37100000000015
437.48100000000034
392.45100000000014
357.4170000000002
293.11600000000004
419.865
322.813
279.72299999999996
326.30800000000005
388.4200000000001
370.4780000000001
486.6530000000003
288.372
300.318
332.311
263.29600000000005
432.31400000000014
322.53700000000003
278.406
430.5250000000002
307.369
314.32200000000006
405.8850000000001
392.33000000000004
387.91300000000007
436.4900000000003
296.5520000000001
361.39300000000003
434.6090000000002
257.40900000000005
280.35200000000003
421.4530000000001
232.283
359.4510000000001
336.343
182.22199999999998
236.202
380.42500000000007
314.384
444.5280000000004
349.26399999999995
372.33300000000014
208.21599999999998
326.37300000000005
522.5350000000003
263.20500000000004
388.53300000000024
375.45000000000016
310.357
316.361
427.4850000000002
385.4670000000001
401.5470000000003
458.64300000000014
273.292
474.60800000000023
284.308
472.6660000000002
388.87600000000015
234.305
256.472
416.4530000000002
344.4360000000001
357.41000000000014
426.5020000000001
249.269
369.42400000000004
377.75600000000003
405.47200000000015
292.36
293.392
318.37600000000003
466.5620000000003
389.40700000000015
468.26300000000015
185.35499999999993
243.693
458.5360000000002
458.3990000000001
430.67300000000023
294.31000000000006
461.5560000000001
237.19199999999998
416.4560000000001
523.6300000000003
394.47100000000006
432.3220000000003
328.7510000000001
428.88500000000016
453.2960000000002
317.189
348.44300000000015
276.292
481.4270000000002
210.27800000000002
399.91800000000006
342.3680000000001
336.3470000000001
236.24599999999992
412.4970000000001
267.284
284.311
357.8220000000001
359.72500000000014
368.44300000000004
447.5420000000002
447.6260000000002
318.854
426.44500000000016
415.49600000000004
363.31700000000006
323.4400000000001
369.4460000000001
431.8950000000001
372.28500000000014
367.858
376.4380000000001
306.321
358.4450000000001
361.39700000000005
401.80200000000013
435.3460000000002
426.47500000000014
381.3440000000001
405.25500000000005
367.88000000000005
382.4600000000001
412.29400000000015
267.28799999999995
481.4860000000002
191.271
222.26899999999998
437.5210000000002
383.3950000000002
339.2730000000001
382.45600000000013
334.51400000000007
445.5660000000004
298.3380000000001
275.6909999999999
448.5880000000002
365.8900000000001
436.91700000000014
246.70100000000002
257.245
298.304
323.327
390.48600000000005
370.4010000000001
366.24400000000026
190.20600000000005
254.285
426.52000000000027
202.282
374.67600000000004
395.4330000000001
408.5200000000003
287.315
271.389
448.47100000000023
166.22299999999998
342.46400000000017
320.41800000000006
268.69599999999997
305.34100000000007
278.307
283.28700000000003
455.9240000000001
220.321
251.24099999999999
412.2390000000001
444.51200000000017
397.4750000000001
459.91100000000023
372.3840000000001
401.875
339.44500000000005
332.318
435.42000000000013
441.48700000000014
271.345
448.9350000000002
412.9460000000002
298.72900000000004
415.4980000000004
289.54900000000004
282.73
381.6610000000002
236.27400000000003
331.45900000000006
442.45700000000016
478.47900000000027
428.51000000000016
174.203
339.3760000000001
496.73200000000037
207.25400000000002
342.40100000000007
197.18999999999997
238.334
430.52900000000017
400.7840000000002
408.45100000000025
282.285
397.4560000000002
343.44800000000004
336.482
178.23399999999995
398.8430000000001
241.29000000000002
397.4300000000001
343.40200000000004
488.63900000000024
504.4500000000004
406.4640000000002
334.375
438.53000000000014
215.234
359.42900000000014
493.8910000000001
379.4850000000001
428.4950000000001
350.46400000000006
348.3580000000001
327.33600000000007
388.2610000000002
434.9000000000001
437.4240000000001
313.307
403.44500000000016
305.402
365.4140000000001
447.5600000000003
522.5580000000001
287.36299999999994
456.65600000000035
282.41299999999995
340.29100000000005
433.5990000000001
254.245
396.855
515.4110000000002
331.32400000000007
302.28200000000004
406.4420000000001
345.8550000000001
343.36000000000024
401.3290000000002
339.34700000000015
480.3800000000002
410.8570000000002
455.9240000000001
497.57300000000026
332.35900000000004
332.40300000000013
209.264
408.45400000000006
414.93600000000015
330.34000000000003
451.52400000000034
298.367
258.36499999999995
440.4030000000001
317.3740000000001
224.23899999999998
240.258
287.319
461.59100000000024
390.7830000000001
400.50400000000025
438.5340000000001
415.49300000000017
380.2750000000001
211.64799999999997
331.4560000000001
378.3810000000002
323.80500000000006
346.861
398.41400000000016
351.41
241.703
482.7050000000004
487.94300000000015
353.75800000000015
415.2980000000001
352.33900000000017
375.38100000000014
317.37000000000006
436.47500000000025
345.63
276.33899999999994
325.36800000000005
311.345
372.5740000000002
222.27299999999997
390.5200000000002
430.67300000000023
329.381
303.4080000000001
264.32800000000003
330.289
363.39100000000013
209.16099999999997
231.25099999999998
319.3570000000001
398.4220000000002
277.34900000000005
407.52100000000024
295.38599999999997
528.7300000000005
441.39600000000024
329.73900000000003
378.5400000000002
319.4010000000001
419.48000000000013
550.6520000000003
395.39000000000016