0.4443576296086554
0.37202207431954626
0.5377915918279541
0.49757452265677454
0.4346412396203264
0.7509495668533984
0.7591926029917764
0.6939487273253283
0.6351151672790861
0.7886980592854647
0.6264183826645426
0.40759697368961756
0.4196692988616269
0.46813755752325004
0.41891099184184033
0.3941213642622584
0.49164858941648215
0.5414023873031809
0.6153985110644359
0.47134059973484294
0.6201560740988898
0.6340199525269373
0.5832470390446209
0.5936756862245061
0.669432123022682
0.4373991508299597
0.441797624370011
0.347865060036018
0.603353750468372
0.5731348904238733
0.43041976642477936
0.6088346528709215
0.790152311806409
0.6692495675020096
0.4991027407237783
0.8754173381197825
0.49726712200169004
0.3631378477511462
0.5145232399883984
0.7719620447821646
0.513703879102185
0.8324008840299133
0.44810270751078907
0.6431794001357767
0.4466822851060812
0.6236328777971427
0.8053430117656738
0.1639747815370961
0.6555892678182471
0.7282970663362244
0.7843256101170684
0.633872861410055
0.7768381858153934
0.5424471783484941
0.4964894612429664
0.5489044083847329
0.4946448777856822
0.8171015028390651
0.6894887472950405
0.526962243183329
0.3969115437425461
0.5144184430368295
0.6001151397628296
0.8442463984308842
0.6885161100894757
0.7381717025167912
0.8472535153258565
0.6705009976805525
0.6058090451267173
0.5478937277174342
0.8032044406330577
0.6220634181162489
0.9081844383745923
0.6570678690824335
0.4174008296523313
0.49184925600988777
0.49772593383900127
0.3482294836456583
0.5293542389612635
0.6086845272347496
0.6846054996814974
0.6318327830520729
0.4280162544006782
0.8801147721140782
0.35271018311785235
0.4104835411278049
0.4709544406408695
0.46227055326181815
0.43023278878396976
0.560409701384295
0.6918133863752953
0.3428127574446715
0.6241978609274184
0.4679117076895056
0.6584130893138919
0.8801002145335936
0.5616262976724398
0.45663518892876415
0.4649424130299982
0.6344929646967623
0.5668238502819252
0.5983895393531213
0.5492226684320903
0.6334656986564582
0.797631960514505
0.8560369120808705
0.3882174124160879
0.6552078805253226
0.4140578861998828
0.31253081607381916
0.6220020824974758
0.6382274053885384
0.4569285391912573
0.8694468153134521
0.9377962626199531
0.6523593514823453
0.7880902561384456
0.3894182534318046
0.8506201795247195
0.378169812438407
0.5392305632634341
0.5385919616034491
0.5400412943258099
0.5894006485454187
0.3566125304703185
0.5077029883537469
0.36803507556432563
0.5363683848650204
0.7490897714422771
0.5735799296427551
0.7785346745756642
0.8492524151445385
0.3240102031947737
0.5259683504809382
0.451756388636511
0.7014951059815118
0.5998908144949107
0.6571511342107328
0.7600824205888743
0.6858895552563334
0.6175158242946563
0.4867975557396289
0.48400314831288677
0.4867941193467888
0.8801744781689367
0.794432117194957
0.5147265015965847
0.36394118608395765
0.4391209247688119
0.7280482414256666
0.6970256092827842
0.49353376072200217
0.8613584322414848
0.7155526837671665
0.7788228547502681
0.6957469443079447
0.7124859046909817
0.7861725773265401
0.65882746473104
0.779145966930472
0.7941076234854352
0.7537632330735622
0.20060427405803924
0.48057199184742166
0.9314738025031605
0.8348740643620461
0.7719960272704965
0.797989803861536
0.692153827568876
0.6839969659602786
0.5655615581816469
0.7178746957076315
0.3566472756402347
0.6055221012101641
0.4589966865490194
0.622410811306135
0.5641455847759844
0.565960983702494
0.6587220455192304
0.8261484083161581
0.6384254394085437
0.5111709749272706
0.3193584258199283
0.704091625119579
0.40610689369114295
0.7099306017654268
0.8858292170856592
0.6986484655498835
0.8051140603159233
0.5802286141544774
0.8024909481379522
0.7664739959208912
0.5458796961954645
0.16895415720853785
0.5478572755961915
0.5448787917762438
0.7164373721723174
0.7940071196969322
0.30441772733017575
0.6947014224634946
0.7237525294465958
0.5125069246930146
0.7505510543668726
0.23908772722849372
0.7954438815288195
0.7907563837081008
0.7404723238577924
0.7364130105637774
0.5965990834442051
0.5749095645565176
0.4564102473768608
0.540929512895547
0.6396865578792778
0.34378750799861946
0.9063845432492378
0.42064968413949333
0.12334985710311229
0.6731937280671224
0.42558689797660093
0.49842397197237187
0.42174500450070707
0.5263772856760124
0.3926820614747601
0.48624815528465454
0.40153328106237346
0.4313629646538778
0.43042433655503776
0.6007047049037492
0.7351992927470207
0.32014951471046793
0.7752945251138614
0.7613847063295984
0.26963568103074464
0.5004831954710218
0.5399358228302803
0.4647663471050875
0.19416545862016962
0.6652992766305538
0.6679436938186929
0.7927172060582772
0.6559413264637896
0.3491402937610878
0.3637051589033579
0.5189363984587991
0.34879468398093
0.6130244613774909
0.8623104048080404
0.6505913345590795
0.9123256817384573
0.6273607598458089
0.5621229198823628
0.618616273561478
0.3715717698133933
0.554402563380086
0.5655615581816469
0.4898717776485342
0.8670151689790342
0.7476901104504111
0.7931638440300137
0.5225425832950588
0.701783290062978
0.694621199965925
0.5772279936466453
0.7932182801462025
0.7865630479630231
0.5851752453984793
0.6708054169591319
0.5965322342438844
0.640140060189207
0.4601549946430559
0.38974401212402204
0.464107195077942
0.5623462873959357
0.6459687657769219
0.4291656598294666
0.8071555493026762
0.6146712222474249
0.8051290170918487
0.6399027957967057
0.49658062637922074
0.4435703463650431
0.18418634250804478
0.7214807273211156
0.811531997301538
0.3235557102021788
0.3953687342111746
0.5771195703763109
0.544022918943249
0.28961698365604127
0.5294637944578896
0.6929583673113919
0.7301707012938811
0.7619487104267302
0.7854644588129969
0.4580873494139453
0.5367591055384437
0.4693535781626902
0.6754193286433878
0.19143464563807114
0.4168729554383525
0.5532979952622852
0.854192405479201
0.7546707298282116
0.31959871704567694
0.8746667441675093
0.46820322684812826
0.6487137153076578
0.741208481978892
0.3059747909679899
0.8315079670280666
0.5340032331805185
0.8777555971059743
0.22048387013340065
0.299606410930126
0.6919306455513272
0.3848763311573734
0.6680954745475969
0.39653233237739616
0.17402683921823683
0.49757863978371664