3.8094367654006094
2.7516245091353753
2.5063196435979194
2.720010498444303
3.017772983787143
3.8775232462282485
2.587069038761099
2.2858271587636345
2.2446187872662122
1.7709197477531244
2.5094056924359833
2.537472170505856
3.213217281966811
2.159929805585893
3.7396090010860306
2.770144141036072
2.797211818725218
2.281130542785526
2.166195105736266
2.2503056541457127
3.2346440797439353
2.6358136320759566
4.300733119234524
2.0647518432438403
2.5388903901537887
2.802183377055968
2.504573445507617
2.293095466945873
2.3132765666748423
3.1203704533703096
2.5948166180808006
2.815973239517435
3.6067835660311083
2.1764460341182286
1.9872751060834482
2.4718196527599154
3.4548619994036933
2.8021989441490884
1.8177163549229078
2.0434692004984942
1.8651397480518082
3.3857802366105947
3.0339880593000794
2.4274654895703076
2.0773581296701895
1.4765934636122235
2.5919359859915847
2.9487398345435807
2.174690572483792
3.3388069679800525
2.2597267809046144
1.9573271855612457
3.1494363535085768
2.521809840162467
2.7899792992061077
5.700263024089742
3.7301909295554134
4.084361990280551
2.4982723087526573
3.640568768428122
3.3216699492955524
2.7448275663867374
2.662137769966707
2.3841916044031564
2.3823933087562903
2.2586429073195244
2.6747435790940397
2.657720037467925
2.116614053414626
2.308277150666415
2.309191383871676
2.149955197010316
2.3931516928273346
1.8590825536331952
2.3506000280702857
2.4315131430254944
2.332324750581053
2.4842339228480803
1.7894332600809921
1.9084518251686582
3.261335787392392
3.730214330667531
4.775451035024853
2.213075005538405
2.4927377357796594
3.2476051835812445
2.513468318987014
3.9157177071174276
2.5918024688075896
2.382642965886605
2.309140974896911
2.8021749058553507
2.4594198665761695
2.8126205033203586
3.011891443949425
1.820910937091842
2.9119605901413834
3.951003662615216
3.3659086681623522
4.281601311435372
2.375066620792028
2.288997351071325
2.297941911548298
2.14109832472651
3.0616152384693036
3.8010181159547995
2.100022850477833
3.0616562941323853
2.296671285485443
3.165085330481899
2.1782576467604073
2.4627801138289183
2.1117423523549714
2.32632799629771
1.766515078237509
2.0110877015218716
2.020003703067861
3.8573204974570636
2.0124684683256824
3.3142358421524234
2.553078464133419
2.94481956530176
1.8346584293704886
2.519488025513862
2.607576594749414
2.35643527799402
2.235522929278046
2.0504549955365334
2.6376014834599424
2.1986293557629537
3.020401899494612
2.3716890747436636
2.550391294852167
3.5601186191202707
3.655736120680089
3.0849004808154623
2.260056516490687
2.355248887906102
4.381924221238065
2.1369723956482964
2.6164225738522493
3.033909505029192
2.821322963843821
2.556298927027669
2.0190689243913553
2.6295273992987855
2.1866323589206207
2.2998062729875084
2.9797726009991177
1.9844655799097506
2.0977795421506986
6.333037443933215
2.789363968554863
2.297326354922907
3.022557216383734
2.4248434420985614
2.2444348070805056
3.0054675378160773
2.4618948740790465
2.7634767016357493
2.377510198681506
2.412028430704005
2.1068529560680958
1.5445545429082337
3.812856766037693
2.994505702710086
1.846621077483281
4.439112982120243
2.1200997742783247
2.596968073359351
2.646082421521225
3.0142496023203993
2.1453489435245157
2.6988180988445585
2.3989214413925914
2.196570813893432
2.470309997308691
2.3194138908165094
2.123220698680125
2.7950888853998705
3.059328735798423
3.3240088488519195
2.128055949244274
2.386241251216825
2.30964062667932
2.3241904506455686
2.2447428512014014
3.2388022784827237
2.38734317046932
2.126346829874196
2.0011255549889544
2.3588212315071537
1.9088204669458744
2.9533088894278077
2.342425006118251
2.6296701353317573
2.0436875670566437
2.65838896266669
5.131390675896869
2.3900429338702747
2.6628247327901367
2.427137502765344
2.4383728920552628
2.112449857448553
2.2931382695303277
1.9997600276227399
3.0282438153193887
3.1300275851484924
1.9240104263676407
2.5548970544572285
1.1426437625367925
2.9977076418195505
2.7388026598072006
3.220728443373268
1.6951589284843358
2.7397581631402215
3.0565423950225385
2.21643139081651
2.3568055038268003
2.2866707748196387
2.597254550189179
2.6817751126871734
2.622818273738144
2.82660003867454
2.7584903154044493
2.455987125414781
2.5158224044434174
2.426091666866272
2.2899957410529552
3.2216099215212264
2.682336321668773
2.168789003743065
2.8776330624297373
1.949160136032912
2.4163908200249917
2.787915588549783
2.7114754949155557
2.093569219423342
2.37904455745322
2.2929772454113095
2.065177346685852
3.114600334039049
1.9778925332681059
2.4745519973409795
2.2638250484669715
3.4138524433920674
3.5265643252601357
3.4154077157436955
2.2501473504709644
4.794568299687612
2.37964137541859
2.1833610953315734
3.4395786594691424
2.618060043472445
2.599722036905842
2.094873908943173
2.3306841722546494
2.298481797507204
1.4581858660566631
2.1701187386205447
2.159223205606672
2.2421374061099275
2.6300179141311784
1.7006153732694962
2.8855943221361837
2.579792105027348
2.469551148750032
2.5317152474606495
1.8605756069873909
2.5225726947476836
2.3567071665110504
2.2978531967652565
2.236797418080384
2.820317833643168
2.8512824875727514
1.9900453021107083
1.7030368609957822
2.0727613918200998
2.40995278096484
2.3012871217584276
2.4977003555680763
2.188008250244822
2.285920757654928
2.5052994873191228
4.997006863329423
4.074710414418254
2.5061048319620465
3.3969364065368657
3.027342375145458
3.328727785356133
2.5852406333532123
3.949588431099359
2.7552416595740237
2.4856597494644266
2.425612068204064
2.591010725901503
3.3553451150712856
2.7850700418808394
3.680943159960721
4.825599499544731
2.2699733394074
2.312182192152573
1.9213807821288391
3.139667045701106
2.6668334279751225
2.865134244507482
2.74968196645594
2.1043909748969103
3.0384672916614637
2.8623125529919733
2.08975495592086
2.715458212955987
5.255472230623088
2.395150553584749
2.4393215481217627
2.4529704292780483
3.2269276455817817
2.2092383138934313
5.340928416210582
2.231507229213534