54
44
59
58
48
48
42
27
47
38
30
47
57
52
63
39
47
45
33
45
27
30
51
34
40
43
50
42
49
26
21
50
24
33
49
25
39
41
22
32
46
44
54
46
52
27
39
77
39
48
45
36
39
53
45
56
58
32
58
32
58
46
24
23
51
42
43
54
30
45
45
46
34
34
38
53
54
56
15
25
56
45
52
37
52
28
53
65
48
46
41
53
48
30
37
31
57
25
50
37
40
35
49
32
38
37
48
44
49
47
29
48
48
45
39
44
53
52
43
44
36
44
44
47
42
50
55
42
43
48
50
33
62
21
28
50
44
39
54
33
50
43
31
52
37
48
26
38
30
39
45
50
40
21
34
50
23
37
49
48
36
32
56
22
42
42
31
44
37
40
50
29
38
43
54
43
56
49
46
39
39
52
49
28
49
47
36
49
31
35
35
27
38
56
57
49
22
38
63
26
41
25
28
48
47
49
34
56
44
32
20
48
27
55
38
56
78
47
37
52
22
44
59
44
52
34
42
38
40
50
57
38
48
35
42
57
68
30
51
30
44
46
38
46
59
43
40
56
37
45
39
42
58
50
52
60
44
41
22
48
45
41
61
32
31
56
39
32
28
41
51
49
44
58
45
39
24
40
47
34
38
47
47
23
60
61
40
45
45
49
37
59
38
32
37
38
40
30
44
50
39
35
30
47
42
24
29
38
58
34
43
34
65
63
38
47
38
49
73
50