130.74
109.62
135.02
115.41
78.87
53.99000000000001
72.17000000000002
50.44
89.02
51.21
47.89
87.51
108.1
52.86
100.79
69.16
90.91999999999999
73.58
38.66
55.84
40.58
51.56
55.760000000000005
36.089999999999996
88.41
67.27
86.22000000000001
46.5
107.23
6.48
9.23
48.47
28.490000000000002
26.93
88.16
47.28
80.25999999999999
69.67000000000002
17.07
66.48
84.5
91.67
105.17000000000002
83.47
117.00000000000001
34.14
52.6
145.82
127.68999999999998
75.36000000000001
88.60000000000001
83.45
81.53999999999999
88.03
67.27
83.47
83.72
82.62
99.68
77.66
79.15
72.31
42.85
59.42
104.54
72.2
84.67
110.08
38.66
60.17
98.25
101.93
85.33000000000001
44.81
46.34
94.17000000000002
74.6
108.57
3.24
29.96
102.00999999999999
70.0
60.69
58.64
41.290000000000006
65.07000000000001
59.720000000000006
119.41000000000001
91.42
88.38
70.67
27.82
89.17
58.2
87.66
72.73
106.2
64.25
65.48
53.46
81.43
46.38
75.42
48.42
52.6
85.48
108.36000000000001
82.02
108.23
93.44999999999999
25.78
104.54
96.86
101.30000000000001
35.580000000000005
76.12
69.72
139.59
79.37
127.42999999999999
64.69
62.83
72.47
105.84000000000002
45.480000000000004
105.47
118.85
67.77000000000001
46.92
63.790000000000006
72.47
85.41
141.5
63.93000000000001
32.78
75.03000000000002
55.32000000000001
83.69
83.83000000000001
31.4
71.85
60.44
47.89
67.43
61.36000000000001
84.94000000000001
50.17
73.35
63.839999999999996
63.13
85.35999999999999
85.34000000000002
41.93000000000001
76.96000000000001
43.370000000000005
104.82999999999998
38.91
46.17
94.31
103.77999999999999
57.650000000000006
29.330000000000002
80.29
0.0
51.1
78.84
71.44
111.60000000000001
54.37
95.08
114.8
20.01
60.209999999999994
65.49000000000001
90.65
63.99
107.48
84.30000000000001
89.02
76.68
37.3
71.44
82.04
50.94
76.88
52.330000000000005
49.410000000000004
88.33
34.89
45.75
49.330000000000005
42.85
20.310000000000002
149.07
140.7
97.64
38.05
73.34
66.76
57.93
73.06
103.78000000000002
6.48
61.19
51.540000000000006
84.94
122.75000000000001
88.06999999999998
54.45
70.5
0.0
97.33000000000001
52.82000000000001
123.81
44.81
123.21
155.52
98.0
71.41
86.71000000000001
80.32000000000001
49.17
89.02
59.17
117.20000000000002
40.46
80.64
66.35000000000001
46.61
95.34
97.30000000000001
58.040000000000006
127.21000000000001
29.96
84.23
89.00999999999999
131.6
57.010000000000005
48.910000000000004
51.02
121.78000000000002
104.45
73.1
62.550000000000004
66.4
91.26
100.9
98.65
45.98
73.86
41.46
66.35000000000001
98.51999999999998
83.72
114.8
106.2
69.97
43.38000000000001
29.1
81.87
75.71000000000001
66.48
142.72
51.22
44.1
115.05
109.34999999999998
40.31
57.53
71.88
73.97
105.19
93.21000000000001
105.13999999999999
76.5
61.440000000000005
46.17
55.400000000000006
123.19000000000001
75.11
27.82
65.74000000000001
73.02000000000001
50.95
66.76
82.87
83.42
80.68
105.20000000000002
127.84000000000002
87.38000000000001
137.64999999999998
39.94
42.85
83.37
92.78999999999999
40.46
63.57
69.67000000000002
60.69
77.1
46.5
45.15
162.53999999999996
93.14
108.48
73.58
73.86
156.78
91.23
96.44999999999999
54.35
96.22000000000001
137.31
68.12
37.91
68.54
112.93
142.49999999999997
85.53