3.712740000000003
4.304900000000003
3.9544000000000032
4.841000000000004
5.610600000000005
4.271100000000003
3.2390000000000017
3.325000000000002
2.952300000000001
3.736900000000003
4.557420000000004
6.069700000000005
5.109700000000005
4.196220000000004
6.335320000000006
5.387600000000004
3.9331000000000036
3.7737000000000025
3.212900000000001
3.6049000000000024
4.610200000000004
4.560700000000004
8.013200000000008
4.114600000000003
4.755000000000004
4.449900000000004
2.982000000000002
3.738000000000002
4.706200000000004
4.240700000000003
4.5168000000000035
3.7618000000000027
2.663120000000001
3.7302000000000026
6.597720000000006
5.625320000000006
4.325600000000003
3.406100000000003
3.9938800000000034
3.916800000000003
4.812120000000005
4.884600000000005
5.2240000000000055
2.596000000000001
3.552800000000002
4.607100000000004
4.235500000000004
3.666800000000002
6.106300000000004
4.402200000000004
2.2195000000000005
2.651300000000001
3.588300000000004
4.528400000000004
1.2744
5.284500000000005
2.2491000000000003
2.9697000000000013
3.1304000000000016
4.733800000000004
4.1715000000000035
3.3522000000000016
6.222700000000004
7.074200000000007
3.777700000000003
4.368500000000006
4.829600000000005
4.580200000000004
3.8050000000000033
3.332900000000002
4.622300000000004
2.4008000000000003
3.4276000000000018
3.6320000000000023
3.850100000000003
4.482600000000004
5.681920000000006
2.7167200000000005
4.022200000000003
2.20858
1.6282
3.7115000000000027
4.321600000000003
4.385220000000004
3.203100000000002
4.463100000000004
2.2085800000000004
5.370700000000005
2.4881
2.5406000000000004
3.285420000000002
7.419600000000007
3.9148000000000023
4.127900000000003
4.634200000000004
6.668840000000007
2.3146000000000004
4.817300000000005
2.4937000000000005
5.460620000000005
4.598600000000004
3.890200000000002
2.4829000000000008
5.489800000000004
2.955180000000002
3.437520000000002
3.052600000000001
4.495100000000003
4.315600000000003
4.7252000000000045
3.957900000000003
4.909420000000004
4.566400000000003
6.728520000000008
3.211500000000002
5.662400000000006
3.600800000000003
3.663800000000003
2.4674000000000005
4.004900000000004
3.228200000000002
3.6860000000000026
3.4947000000000017
2.956800000000002
3.8309000000000024
3.813900000000003
4.936900000000006
3.8138000000000023
3.298680000000002
2.3396999999999997
3.293300000000002
6.445800000000008
2.581600000000001
4.284400000000004
3.706500000000003
5.0956000000000055
2.7616000000000005
4.835900000000003
3.429100000000002
3.900800000000002
3.6662000000000017
3.766200000000003
4.945200000000004
4.958300000000003
3.0977200000000016
1.6115999999999997
8.602600000000002
3.894300000000003
2.568760000000001
3.4677000000000016
3.2604200000000017
5.5885600000000055
5.672100000000005
4.0151800000000035
4.214100000000004
5.494300000000005
4.090900000000003
3.0105000000000013
5.4573000000000045
2.4371
2.584200000000001
4.670300000000003
4.574600000000003
3.314700000000002
5.078300000000005
3.6601000000000026
1.5822
4.7588000000000035
2.1335999999999995
5.108100000000006
2.7990000000000013
5.024400000000005
5.285100000000005
4.193800000000004
4.8990000000000045
3.2382000000000017
4.422600000000004
3.6925200000000027
3.505200000000002
2.9217000000000013
4.456300000000003
2.8756000000000013
1.4656999999999998
4.325200000000003
3.5611000000000024
4.237000000000003
3.361780000000002
2.9983000000000013
4.0151800000000035
4.414000000000002
5.003400000000005
4.697900000000004
6.523940000000007
4.678900000000003
4.665300000000005
3.9166200000000027
3.1441000000000017
5.107400000000005
5.540300000000004
6.454800000000002
4.6921200000000045
5.537000000000004
4.638300000000004
4.840600000000005
4.429200000000004
2.719000000000001
2.6144000000000007
5.180800000000005
3.233900000000001
1.3547000000000007
3.167180000000002
4.8503400000000045
2.9037200000000016
5.223200000000004
2.905800000000001
2.3762000000000008
5.434200000000005
1.579
4.135800000000003
3.3564000000000016
4.231700000000004
4.9112000000000045
5.289660000000005
2.6186000000000007
3.3656000000000024
5.630640000000005
3.4356000000000027
3.465900000000002
4.909420000000004
5.840900000000006
2.649800000000001
1.6751
2.617300000000001
4.331000000000004
2.893700000000001
4.1792000000000025
4.558600000000004
3.970800000000003
3.371500000000002
5.055400000000005
4.971700000000005
1.3119
3.4802000000000017
3.740940000000003
3.5290000000000017
4.519800000000004
3.1864000000000017
3.2641000000000018
3.6860000000000026
5.690120000000006
3.894700000000003
2.8381000000000007
4.6590200000000035
3.2143000000000006
4.9287000000000045
4.037500000000003
4.613320000000003
3.819200000000003
3.750300000000001
5.124900000000005
5.090500000000006
3.3099000000000016
3.7650000000000023
4.5709000000000035
5.335400000000005
3.0934000000000017
4.430400000000004
4.269900000000003
5.893300000000004
2.985360000000002
3.5374000000000025
3.7622000000000027
3.5809200000000025
4.861200000000004
3.504400000000002
3.710300000000002
5.542300000000005
3.542900000000002
3.9228000000000023
5.676020000000006
4.6063000000000045
3.7962200000000026
5.163600000000004
0.5567000000000012
5.972400000000006
5.0198000000000045
3.5711800000000027
3.246200000000001
2.6751000000000005
2.784600000000001
5.619600000000004
2.6924200000000003
5.725520000000006
5.564600000000005
4.071100000000003
3.834900000000003
4.9024000000000045
3.7360200000000026
5.119700000000005
4.252620000000003
2.55372
5.064600000000005
3.490800000000002
6.064600000000005
4.308040000000004
3.9954000000000036
2.5479000000000007
4.188600000000004
3.673600000000002
7.217600000000008
4.402700000000003
4.984200000000005
4.866780000000005
4.940800000000005
3.5385000000000018
4.318700000000003
6.322240000000007
5.478800000000005
5.824300000000005
5.185300000000005