6
9
10
9
9
16
9
18
7
9
6
6
6
6
11
6
17
6
9
6
7
10
14
9
6
6
17
13
6
6
6
10
9
9
9
14
6
17
10
9
6
10
6
6
6
8
10
18
9
6
6
11
17
15
6
14
10
6
6
6
10
6
9
8
9
17
9
10
10
10
9
6
9
6
6
10
11
15
9
6
6
9
9
7
6
13
6
6
9
6
6
10
9
6
6
14
6
6
13
6
13
9
14
6
9
10
6
6
6
6
9
9
6
9
6
6
13
6
11
9
9
12
21
6
6
6
10
6
6
10
9
6
6
10
19
7
6
9
13
10
9
18
6
9
6
6
14
10
6
12
6
11
6
9
10
6
10
6
6
9
8
9
6
9
16
9
9
6
6
10
18
10
7
10
6
9
9
10
9
6
6
10
6
9
10
6
9
9
9
9
6
15
14
9
6
6
10
6
9
6
6
13
9
10
6
18
6
16
9
6
13
9
14
9
10
6
13
9
15
10
21
16
14
9
6
11
6
7
9
6
14
9
6
9
9
22
6
6
10
7
9
10
10
6
10
9
8
6
11
8
9
9
11
9
9
10
9
14
9
9
10
9
10
7
6
6
9
10
9
9
6
10
6
10
6
6
6
9
6
14
9
6
6
6
14
9
13
9
9
9
14
15
6
16
10
9
6
9
9
15
6
11
9
6
6
6
9
6
9
6
6
11
6
6
9
6
14
10
13
9