338.49900000000014
340.8540000000001
431.58000000000027
354.8810000000001
406.5700000000001
314.4980000000001
391.47100000000006
311.425
425.5730000000002
359.832
411.61500000000024
455.4330000000001
351.88100000000003
460.00300000000016
528.5090000000001
483.4430000000002
309.409
417.93700000000007
439.5810000000002
348.42500000000007
372.87100000000015
346.47400000000005
533.1810000000005
449.3820000000002
438.7860000000002
379.50000000000006
300.4020000000001
406.482
530.2370000000002
422.3310000000002
478.5630000000001
449.57600000000014
380.49600000000015
455.5300000000002
509.4810000000002
512.6830000000002
406.35700000000014
293.36600000000004
357.45700000000005
479.3830000000002
435.56800000000015
428.59200000000016
513.6080000000002
355.4820000000001
465.5730000000002
464.6350000000001
275.436
301.81700000000006
375.3240000000001
309.4940000000001
404.24800000000005
295.38200000000006
343.398
314.86
264.325
344.9110000000001
205.301
327.42400000000004
237.318
462.42100000000016
498.42100000000016
451.54600000000016
418.3890000000001
446.0340000000001
461.3930000000002
371.45200000000006
442.56300000000016
443.5910000000001
249.37299999999996
351.39000000000004
419.3560000000001
328.391
401.3080000000001
493.38900000000007
372.3410000000001
387.9550000000001
494.06400000000014
468.5830000000003
243.34999999999997
266.34799999999996
451.54300000000035
299.41800000000006
350.43699999999995
369.55300000000017
348.45000000000005
376.89100000000013
266.34799999999996
452.47000000000037
452.55500000000023
370.4490000000001
366.50500000000005
469.5750000000001
326.82700000000006
349.5030000000001
409.5050000000001
554.7640000000004
239.28999999999996
481.6400000000002
391.4750000000001
379.93500000000023
455.6020000000002
556.6790000000002
275.348
357.9290000000001
350.3970000000001
415.54100000000017
441.57200000000023
391.5150000000001
321.2510000000001
432.3950000000001
379.5040000000001
456.59000000000015
493.2180000000003
507.6820000000003
371.4030000000001
535.6350000000002
273.42
319.4080000000001
379.5080000000001
364.53300000000013
509.65100000000047
407.5580000000001
306.4090000000001
301.386
305.46200000000016
370.5180000000001
443.63500000000033
444.3730000000003
418.5410000000001
323.3960000000001
434.54000000000025
471.6850000000001
293.798
475.55900000000014
295.426
423.52300000000037
458.63200000000035
366.892
363.40100000000007
460.6220000000003
554.6630000000002
293.41
478.4230000000003
375.2990000000001
255.36500000000004
407.49000000000024
492.56600000000014
379.4440000000001
355.4820000000001
289.44800000000004
452.52500000000026
539.7090000000003
379.9350000000002
350.8530000000001
452.48200000000014
460.44900000000024
410.49300000000017
423.5170000000001
351.8809999999999
283.331
425.55800000000016
374.40600000000006
498.6380000000003
368.4120000000002
448.61400000000026
336.43500000000006
211.33399999999997
378.90700000000015
360.4100000000001
429.6080000000003
295.386
475.6580000000002
481.63700000000017
512.6980000000004
458.42500000000024
321.42400000000004
415.3310000000001
378.47200000000004
363.4900000000002
347.2420000000001
317.4360000000001
269.344
260.341
347.41800000000006
409.5300000000002
506.6170000000002
316.4080000000001
409.5590000000001
350.8530000000001
385.30500000000006
453.6300000000001
287.4060000000001
591.5790000000002
386.2890000000001
433.6210000000002
393.86500000000007
295.38200000000006
432.05200000000036
462.4460000000002
416.1350000000001
481.5190000000002
508.4490000000003
353.4870000000001
501.5970000000004
493.65200000000027
283.37100000000004
297.4200000000001
503.63700000000046
466.65500000000037
398.46300000000014
361.4450000000001
421.6100000000001
293.4140000000001
376.28300000000013
379.5040000000001
334.4230000000001
480.43900000000025
393.4950000000001
469.3600000000001
373.2340000000001
308.45000000000005
497.68300000000033
498.65600000000035
440.5190000000002
313.4200000000001
537.7370000000002
423.55700000000013
416.95300000000015
456.59000000000015
363.9290000000001
265.378
294.3620000000001
248.36999999999998
290.366
322.41200000000015
304.4370000000001
482.41500000000025
506.4950000000001
247.38199999999998
447.6480000000002
373.42200000000014
209.31799999999996
395.24000000000007
299.414
303.789
403.44800000000015
377.9160000000001
522.4940000000001
407.55800000000016
491.5830000000002
303.40900000000005
495.6240000000004
439.6290000000002
422.5290000000001
399.9470000000002
460.62200000000036
354.8810000000001
377.4280000000001
335.329
413.9740000000002
462.4650000000003
326.8310000000001
397.95000000000016
443.4290000000001
472.4520000000003
410.5620000000001
462.38100000000014
439.5310000000002
420.31100000000015
365.4810000000001
280.46200000000005
386.5110000000002
314.47700000000003
453.3800000000001
351.39000000000004
391.45000000000005
379.935
366.26200000000006
536.4420000000001
554.7640000000004
339.87000000000006
348.45000000000005
481.42700000000025
341.4330000000001
399.9660000000002
464.3680000000002
427.55200000000013
350.4660000000001
407.5180000000001
298.434
331.44000000000005
454.55600000000027
380.9190000000002
532.1280000000002
513.3920000000002
488.56700000000035
465.5940000000002
415.3350000000001
487.6220000000002
514.6550000000003
468.5240000000003
503.6130000000002
461.39700000000016
494.37800000000016
526.9680000000002
393.812
392.5070000000001
309.45300000000003
333.844
469.6690000000001
379.33500000000004
446.42200000000014
379.54400000000015
467.9970000000002
326.83100000000013
392.5430000000002
540.737
456.4170000000002
494.46600000000024
400.9250000000002