0.7799444559667068
0.7455978331547657
0.5892953153713067
0.6531971242388688
0.4541174547390182
0.9085285470025662
0.8538211403915862
0.8490262735898976
0.5732436554798478
0.8311162926475697
0.7569916545223965
0.4180357101878862
0.7078908989608698
0.3690813643992406
0.20629193245568578
0.4369492591849496
0.9321231203775325
0.6225977139560914
0.5643270702676816
0.7210297758100401
0.6916417613852621
0.6734121462867205
0.19200872883868142
0.5248842485507629
0.6608337933029349
0.5266717483111343
0.9262868321167456
0.3499607634429391
0.4347290944026104
0.7078865362539539
0.5729051503479955
0.6093694168953311
0.734364851980273
0.5304599126364121
0.2508242913346256
0.20680719508625256
0.6958633707094444
0.6585660026007806
0.707654211982982
0.48073407205076607
0.4496604037128842
0.43745780260342815
0.4055195534395514
0.7887240288171686
0.4390395293081643
0.5051141096067345
0.7698563618339553
0.8024228372761812
0.5493657254758538
0.6527189222048309
0.7394882849342256
0.9297272359313754
0.833289510293664
0.8178744322781549
0.8584906349585559
0.7309637530887205
0.7929320562163664
0.8488413444227773
0.6789954164155979
0.4323357948752583
0.5302579133739204
0.5058036472070606
0.5457045306511774
0.3671354866740846
0.5010939207211613
0.5848612408316128
0.3962882497761816
0.3884115572625567
0.7668316264832223
0.6530161001368338
0.523500759609528
0.7622782348427302
0.6709619297926396
0.4509513522503186
0.8281464317462796
0.7608958975856187
0.24357666610578674
0.4030322417264735
0.8091343268139276
0.9261567157919222
0.3785142501737846
0.9187717433888151
0.7382845060775182
0.7436406770647478
0.708974308271404
0.5270398072013527
0.9261567157919222
0.6304449224148937
0.4622770024938533
0.7497220820568434
0.7275458676491502
0.2913270352575922
0.7655577339249169
0.6903853333963326
0.5074278017786333
0.1714449132160645
0.8782445282851772
0.3517149166520499
0.8700560487201866
0.6377758840931553
0.3946266708601601
0.2440522228437961
0.9204379651156529
0.7840617900417441
0.8518308477300274
0.6936819584759025
0.5110549290039602
0.5291908994267642
0.8307874719574603
0.4842724598562273
0.6311263025825481
0.352594618191363
0.6180196583812182
0.1387799724006837
0.7974943193403452
0.33525878444650287
0.812493673229066
0.7344530251629154
0.7219626720980691
0.6463085978438027
0.33434718067026753
0.7318387345469285
0.6671211911023431
0.593334886982252
0.6132314370455701
0.8705287840911123
0.5603963010820434
0.7031887184111905
0.49990460568682255
0.9416036486291145
0.5326851731229514
0.39694894051294805
0.9296361650007251
0.6461428342756478
0.7950624264136027
0.6368388936572034
0.6511621581785076
0.6960462653066343
0.6074103533722345
0.561419633690113
0.20642415839604697
0.8355640843501413
0.5278339735691685
0.6794114991104234
0.9136071495346869
0.4954669679503083
0.26113002490350035
0.5325962800442489
0.8630143552445866
0.9161851833040597
0.627140962582608
0.19549878097177717
0.6186737019282894
0.7757617119370717
0.4202246076805094
0.6190469761361297
0.7616864318075832
0.5147501656770336
0.6766364150763018
0.6076796830459563
0.6821874608504898
0.6993228615184415
0.5137777443332766
0.7676007399522791
0.4352405456780071
0.7642984153684504
0.7978726845629878
0.7107281984927802
0.7537550195415051
0.5420518931652186
0.8516142746662418
0.4285922925594813
0.4222718798468994
0.4266366251913171
0.5256489483090644
0.77509917850094
0.6633598383194432
0.48352547084389996
0.558221746255929
0.8598510559963802
0.7703784983121884
0.8964704847459745
0.8949317272614427
0.5993898201509616
0.6759100685204004
0.49811805353378147
0.8057194915538827
0.48026941771910897
0.7757617119370717
0.7010431919894293
0.34649088484428475
0.5791645622326819
0.15758510859156194
0.7103623703215204
0.4984754575015958
0.8370743105477249
0.92361466694142
0.6794578404416757
0.46860349770495763
0.4616906207935435
0.2772439276544865
0.3334951352846158
0.6934845257465959
0.5491099994756825
0.32649220173702825
0.7810832978631095
0.783854877905091
0.45152389565713025
0.5587554737946318
0.7166764481584977
0.9084055963243857
0.5540709946667695
0.8007788675083842
0.6807154484680058
0.7732817120412211
0.9325193815868476
0.4780118702028751
0.7255986497889102
0.6274787788663931
0.80398381958918
0.7188700585349229
0.44934315104212214
0.30493102681007667
0.501852584612475
0.7623749736109006
0.19805202430892924
0.46871743249982367
0.5271445443684882
0.352594618191363
0.4681063831119149
0.8908555778021949
0.7960676934818357
0.7964081352463634
0.718655703451618
0.8020613005765689
0.6599487842543903
0.5007706320267883
0.4365307233111513
0.8620217161645694
0.4661051488376053
0.6461974929774394
0.7467913992328089
0.7795191955004807
0.7155130472659323
0.9077042035670947
0.7340148419245185
0.7634371961900241
0.4631891875783471
0.6561862849461378
0.3126250646340188
0.7925882939243969
0.3653888089906816
0.4112421605450945
0.485907663878356
0.5872308167084268
0.5549978726800133
0.7203511522557526
0.5912060214349145
0.6746849171869742
0.524997147767052
0.6210306722890837
0.7375770724766862
0.8337924162419471
0.6793514171402754
0.5042316795751521
0.6440181847797374
0.23230838099131088
0.476350293231074
0.5739171211917152
0.7112569894635383
0.7608147875854034
0.5981860041649161
0.543107807796409
0.6001273251216749
0.6016473984358564
0.5218274518487325
0.6090918402703239
0.5365402177835678
0.43974169755203013
0.20638064977182138
0.6946436405572869
0.7791702316811103
0.47379279882528913
0.7869434425499668
0.4493831432285027
0.5337403943739261
0.5645929756934126
0.6933374394939558
0.5819690758942085
0.8704546410554003
0.6072559772141208
0.448466523778146
0.5659768980873888
0.3862283319181872
0.3787731569261539
0.3938359127054822
0.3732766120020771
0.6503353534817405
0.3492914157795573
0.3041058423147209
0.6561050314850715
0.5158244158104083
0.6448995151805658
0.33800402494892035
0.5076052735166674
0.7229635201404052
0.7363905726433703
0.8646915663127632
0.4762684132413999
0.30994100504194527
0.722821638776792
0.5857301579382881
0.7283203610366449
0.4515170425500254
0.799289386461013
0.4460031993377475
0.22363832105402376
0.47864848430255347
0.42048854387424
0.6235715889674996