2.035868728273588
2.202018957836172
2.1975447383473536
2.013730030355438
2.2694780537172097
3.773270604794705
3.4696415610974984
2.4867449417952905
2.0402744728331665
2.412041620792028
2.197500939620774
2.1728715818779687
2.018523793349198
3.7174593216325613
2.64016874671926
2.150371333859658
2.941515571165919
2.295323082872068
2.7033852360602193
2.018942975977147
3.804563425610418
1.801896422530593
2.6212902403148277
2.6643191255763874
2.2693081215857394
3.137209281966811
3.841882457128267
2.6447629428183888
2.436474467739586
2.322880621585739
2.4817333191436646
2.8984479071445435
2.5391765831242026
2.914359177046224
2.4493185876762062
2.8709097651325166
1.9086596896486725
3.1368571973368855
2.0752971400269207
2.920441989984779
2.2415091369368803
3.705196103003777
2.7061101103001715
2.4455036130145977
2.404017553961479
3.1250547913567246
3.139700719508774
2.6497174605822984
3.1312264243599257
2.5241563242197245
2.906942712571688
5.12341082875664
3.2884466147883096
2.0627761044395037
2.75551427859482
2.7664768278197123
2.643367853408428
2.312512039589768
1.7754076620369545
2.201506296515104
2.2200035484160043
2.332415083859658
4.020739850647502
3.908100309797911
2.8233288142797495
3.272675186603534
2.0850244048957656
2.1676161445257964
2.7513266417076547
3.4306706914194205
2.5053940362198865
1.9976655512427666
2.218214987493818
2.0133596814147996
2.402567529505811
4.908004064747398
2.5859545189964432
3.0306865514709935
2.107497864308316
2.345390110906431
2.6173545410866073
2.3613190968317266
3.8450245835051557
3.633490209263627
1.9442366822708532
2.2636367310687913
2.300904061362754
2.297125491624133
2.7849107559935913
1.7260076186427558
2.574498855242588
3.816744841355802
2.6532132227680485
1.8136770823304893
2.165279452318609
3.0835646413441467
2.7523081142983763
2.2534337422644626
3.0649730603138874
2.2106143746909908
2.184974169346095
2.6705935419981497
3.1492893545579337
2.2637541467795526
2.488569797155968
2.3585956731712905
2.0776600054232315
2.0980026674961803
1.685756861289672
2.1377671193234242
2.2016837172705443
2.289714784730709
2.425397480374892
2.6753455302963864
2.4139118919926386
3.0146654241881663
2.9758833225442185
1.899323188605404
2.2630364603253135
2.150718366901314
2.616950790773542
2.0982027040668623
2.789389112549909
2.5038440459721194
2.4830267225713722
3.0723866324580076
2.8749734581097073
3.261519025556555
2.201296011294705
2.022795317532813
2.4297111220485412
2.855510979862533
2.3447866176726038
2.659375100520183
2.4217752261830388
3.713050821015461
3.3497670465659155
3.8403205349221583
3.3984580377976634
3.057906540964752
2.875159222471522
3.321104979794704
2.23407854539812
2.267455082330489
2.1709898775904506
2.5107660979918123
2.3720502618843504
3.080353175874283
2.6079059491564074
3.139203481695411
2.7837884906476855
2.843577329443077
2.243668123473853
2.1092476534579916
2.7141174877058116
2.151889857448552
3.6361569445063573
2.3696208633657125
2.5540204193621125
2.2180649603825415
2.87087665116886
2.3291675202795794
2.690072618519313
3.523313356029046
4.145578829979578
2.188779581803619
3.0731471181499597
2.073299087446589
2.0396368740790454
2.1498163172947233
3.5947876425678276
2.390967553961479
2.227583889625814
2.877510191652336
2.0794914095782353
2.3365218614114696
2.3061845663867384
2.0431114846251397
2.1193150039491755
2.881253351183039
1.9505212655284794
2.5091002222429992
3.0186509155427768
2.435597121831293
2.1920387180528778
2.5550446951449484
2.043010702148198
2.408692251837966
2.227747969580225
2.208136979814194
2.149895486939391
2.38400548736427
3.016101701152559
2.3089864303636443
2.0982575497562443
2.552863208801586
2.749334120413808
2.1707203614095203
2.2261281441440257
2.863391143499035
3.877859060617901
2.282455418463357
2.408330266735126
2.9357615710017644
2.378414252320445
2.6803036144284516
2.606289745431676
4.253150790773542
3.183312866317479
2.118202456275627
3.0873766932250097
2.167140345735538
2.7048810494944497
2.3655031592535654
2.0772506966326443
2.0680127746381807
2.308830468475044
2.599094785774618
2.92469594741244
3.388708424700285
3.3880919583962292
4.129862999665569
2.9470525236644853
2.8012283584657958
1.822149727724966
2.8996567031666984
2.0747360112947053
2.098552833609139
2.2724084770384003
1.9786290677262812
3.5547383467280156
2.2490352452986446
1.6152648342759388
3.002962092441779
2.0253909838383386
2.631384925341157
2.48299777616735
2.9478109048945917
2.783153791028921
2.1476169650680017
2.185575712087772
2.6563121241536756
2.8662261364965484
1.7341077321867573
2.644211004087971
2.9542574858739794
4.054737579456572
2.964587878694072
2.1324782285423876
4.369015209378656
2.30433843518119
2.5899043622105538
2.7110474098961053
2.2510529343716286
2.4564170860983765
3.1529191283773397
2.262741620792026
3.347898725989152
2.22044618191644
2.191091409578233
2.9892430752996297
2.1601750670914814
2.4809650245876487
3.944066199040016
2.2026207586252973
1.9848037286236995
2.713560626679321
2.4823781090080477
4.119507365424806
2.432956131668192
2.3088399822049332
3.58361881470651
3.7219645222148703
2.9948352223100816
2.721299986750335
2.4020407456970503
2.111265000299559
3.183098370258902
2.66630194888614
2.914783004308413
2.037366430363644
2.4326798943219607
2.3996857569365826
2.5667065801569287
2.7818253186005215
2.9542216405545982
2.494070744032598
1.99925985909403
2.250395536234695
2.3098177627811634
2.55541235842586
2.9994371766391126
2.2524753289266286
4.288880249631108
2.3181338440887913
3.392203866884838
2.3097643092062334
2.3699562586944296
2.6441828723211973
2.830358483081236
2.780204122321198
2.688947970087826
2.614390825469295
2.351210592819527
2.392467908943175
2.599723720232891
2.62516139210946
1.991135926819986
2.482494511032911
2.288412006429846
2.101691067578118
2.2549902131095436
2.345356657088699
2.145868449244274
2.0385284607566394
2.5480800803526726
3.545298330441206
2.064849857448552
2.340431442073367
3.579004865424806