35
41
47
37
47
37
47
35
44
40
44
46
43
48
59
51
36
44
46
41
43
36
54
44
44
44
34
43
42
44
57
55
47
50
54
58
40
36
41
54
47
49
63
38
52
49
28
31
39
33
32
38
40
32
32
35
21
34
26
45
47
53
45
48
51
42
53
47
26
39
40
37
37
41
42
46
56
53
26
34
42
32
45
46
39
41
34
47
53
42
40
55
40
40
45
65
27
52
45
45
52
58
31
43
40
48
45
42
31
43
40
51
49
56
43
62
30
39
39
38
52
43
36
34
30
48
49
45
46
37
51
57
31
59
32
53
49
45
42
56
59
32
51
44
32
39
55
43
42
30
57
65
45
43
52
48
49
50
41
32
53
48
58
47
55
42
20
44
39
47
32
50
52
57
43
39
45
43
40
35
42
30
28
38
47
59
40
42
41
41
50
34
59
38
46
46
34
47
45
39
54
58
39
64
50
31
34
56
55
48
43
47
33
41
39
39
51
49
50
28
34
54
57
52
33
61
45
42
51
36
26
37
24
33
39
36
52
62
26
47
45
21
31
30
31
48
41
69
41
55
39
51
52
49
42
52
42
43
39
43
47
33
43
46
44
45
46
44
48
45
27
44
35
46
41
45
45
45
50
66
38
41
52
38
42
48
50
42
43
34
37
50
42
57
61
57
51
40
53
59
62
61
55
55
65
43
46
33
35
56
35
43
47
51
38
45
64
46
52
45