31.4
39.26
28.180000000000003
19.62
48.49
19.03
61.88
21.700000000000003
65.04
26.790000000000006
35.58
31.4
31.92
69.21000000000001
59.980000000000004
48.470000000000006
32.7
45.25
65.03999999999999
32.260000000000005
23.550000000000004
15.71
15.71
53.24000000000001
35.580000000000005
46.61
37.63
75.74000000000001
35.580000000000005
35.580000000000005
73.39000000000001
60.93000000000001
60.52
67.18
33.010000000000005
72.87
35.580000000000005
43.7
39.5
71.6
50.97
40.620000000000005
54.260000000000005
48.830000000000005
62.63
40.54
12.47
23.47
16.130000000000003
29.54
61.80000000000001
30.49
52.93000000000001
6.48
75.78999999999999
6.48
32.26
41.93000000000001
20.310000000000002
44.81
54.040000000000006
62.63
23.47
12.47
71.6
52.93000000000001
53.62
44.81
3.24
55.4
33.010000000000005
49.330000000000005
33.010000000000005
44.81
41.05
26.79
59.980000000000004
89.52000000000001
16.380000000000003
46.06
74.11
41.290000000000006
39.26
26.79
33.53
23.78
46.06
35.580000000000005
90.06
51.24000000000001
35.940000000000005
12.47
39.26
19.37
41.74
72.87
32.7
44.81
60.410000000000004
31.92
44.81
88.29000000000002
49.769999999999996
31.92
50.580000000000005
51.71
63.27000000000001
41.74
6.48
35.580000000000005
40.870000000000005
42.24
65.04
48.11
36.02
46.53
12.47
32.510000000000005
52.57000000000001
32.34
80.57
36.02
39.26
72.72
21.700000000000003
49.410000000000004
29.950000000000003
37.3
68.6
44.81
69.83000000000001
43.7
35.580000000000005
52.57000000000001
12.47
26.79
83.48000000000002
39.26
46.61
62.81
88.29000000000002
12.47
35.580000000000005
39.26
31.92
64.88
24.5
46.61
48.830000000000005
42.150000000000006
67.15
85.76
31.92
46.06
88.94000000000001
35.580000000000005
61.940000000000005
86.63000000000001
31.92
70.17000000000002
70.47
39.26
73.39000000000001
75.02000000000001
24.3
48.489999999999995
50.94
55.04
64.38
18.950000000000003
28.600000000000005
36.02
44.81
59.05000000000001
28.6
42.5
48.489999999999995
45.92
37.19
61.80000000000001
31.92
41.49
48.470000000000006
54.43000000000001
54.04
73.39000000000001
46.06
52.879999999999995
46.06
39.26
35.580000000000005
3.24
72.87
36.61
35.580000000000005
45.230000000000004
32.7
35.580000000000005
35.580000000000005
27.05
59.980000000000004
52.650000000000006
36.61
52.57000000000001
64.88
43.7
46.61
35.580000000000005
81.49
94.89
65.36000000000001
35.58
11.41
36.61
36.02
59.370000000000005
35.580000000000005
73.29
66.48
32.7
6.48
44.81
72.87
80.82999999999998
19.37
64.66
54.040000000000006
57.7
42.24
3.24
32.7
60.940000000000005
15.71
29.270000000000003
44.39
19.03
61.36000000000001
67.15
23.47
35.580000000000005
21.060000000000002
42.150000000000006
41.49
30.49
41.489999999999995
26.79
36.02
87.12
36.02
59.980000000000004
31.92
80.57
59.980000000000004
80.83000000000001
26.79
63.07000000000001
39.260000000000005
46.61
49.94
36.440000000000005
29.950000000000003
23.78
35.580000000000005
26.71
37.39
48.050000000000004
65.60000000000001
58.06
36.61
45.900000000000006
6.48
49.410000000000004
33.95
41.57
46.61
56.9
31.92
23.549999999999997
63.27000000000001
67.15
21.060000000000002
54.18000000000001
48.470000000000006
101.73
37.39
48.720000000000006
55.510000000000005
44.39
62.11
23.78
20.310000000000002
98.31
29.270000000000003
44.81
87.95
70.64000000000001
60.2
33.010000000000005
75.44
85.17
87.12
52.57000000000001
60.400000000000006
73.34
75.51
26.790000000000006
60.66000000000001
23.47
49.94
29.540000000000003
31.4
26.790000000000006
40.540000000000006
57.95
35.16
40.620000000000005
72.87
35.580000000000005
35.580000000000005
23.550000000000004