3.465300000000002
6.3824000000000085
5.580100000000008
4.377600000000004
3.0143000000000004
6.339820000000005
5.0526000000000035
2.23424
2.8182800000000006
0.9482
1.4309999999999998
1.5077999999999998
4.5023000000000035
3.643200000000002
7.293040000000005
2.691200000000001
3.0869000000000018
-0.22588000000000014
0.34340000000000004
1.94552
3.5768400000000025
0.09720000000000006
5.266620000000004
2.0553199999999996
5.156100000000003
3.054800000000001
3.717900000000001
6.847100000000005
7.072900000000009
4.3015000000000025
4.749420000000004
2.013340000000001
2.6122000000000005
1.8808000000000005
3.0599200000000017
5.455800000000004
2.740520000000001
4.518420000000003
3.9257000000000026
3.2928000000000006
3.8865200000000018
2.1194999999999995
2.8844200000000004
4.588900000000004
2.00672
7.5382400000000045
3.8827200000000026
3.5889000000000024
3.475200000000002
3.314600000000002
4.746820000000002
2.2573
3.2380200000000023
3.943520000000003
3.5988200000000017
4.5686000000000035
1.8611999999999997
1.3839000000000001
3.758020000000003
3.8690000000000024
1.0099999999999998
3.9426000000000023
3.993000000000002
4.233500000000002
4.590400000000003
3.2703000000000024
3.395400000000002
1.8518999999999997
4.076100000000003
3.4277200000000017
3.5524000000000013
3.3423200000000017
3.609200000000003
1.5903399999999996
4.301540000000003
3.2757000000000023
3.065760000000002
0.4280999999999993
4.242800000000004
4.439320000000003
4.117320000000004
1.2597999999999998
3.7858000000000027
4.2760000000000025
2.3029
4.234300000000005
3.725900000000003
2.2782400000000003
2.508400000000001
3.2730200000000016
3.0687000000000015
4.017020000000003
3.6311000000000027
3.2649000000000017
1.4123000000000003
3.116480000000002
3.7452400000000017
2.0635999999999997
4.025020000000002
5.499900000000002
3.6586200000000018
1.3937999999999993
4.984000000000003
5.081420000000003
3.6438000000000015
4.7515000000000045
0.7447200000000009
1.5226000000000002
1.8863199999999996
3.5055000000000023
2.922200000000001
5.2101400000000035
3.3923200000000024
1.6951900000000002
3.0238000000000005
4.231380000000002
3.3748200000000015
6.540240000000009
2.3975400000000002
3.0736800000000013
3.784600000000003
1.5288999999999997
3.6644000000000023
3.017800000000001
3.2242000000000015
3.9548200000000024
2.961800000000001
3.7075000000000022
4.154300000000003
4.112140000000003
2.4217000000000004
1.2692999999999999
3.589100000000002
3.085600000000002
2.506100000000001
2.389900000000001
4.680400000000002
2.2611
0.5539999999999998
4.039200000000003
4.594500000000004
2.474500000000001
2.8893000000000013
2.9852000000000003
4.427000000000002
2.782800000000001
1.7063999999999997
2.556800000000001
4.819400000000004
3.298820000000002
6.439700000000009
1.5925
5.093800000000004
2.867300000000001
3.2779000000000025
3.9086000000000016
2.4414
3.6225200000000015
4.847600000000003
3.7151000000000023
1.8952000000000002
3.8945000000000025
3.057100000000002
7.658440000000005
3.441600000000002
5.034200000000005
1.7134999999999998
5.166300000000003
3.632920000000002
1.8287
2.6766000000000005
4.429100000000004
4.946200000000004
1.6103000000000003
4.836300000000005
2.516120000000001
5.455480000000002
3.331100000000002
3.403400000000002
5.267800000000003
4.194200000000003
4.533720000000003
1.7691
1.9378999999999997
3.993520000000002
0.6859999999999999
2.803600000000001
3.307100000000002
2.527420000000001
3.8746000000000027
2.4955999999999996
2.6198000000000006
1.3907999999999994
5.746200000000008
0.10939999999999983
3.8982000000000028
1.9635199999999997
4.078500000000002
3.135200000000002
2.3901000000000003
3.4190200000000024
4.447400000000004
4.614220000000004
3.3357000000000037
3.337100000000002
3.6026200000000017
3.5416000000000025
2.5965000000000007
3.11738
4.157500000000003
4.800900000000004
2.692520000000001
3.415280000000002
3.7299000000000015
2.963400000000001
5.661700000000007
5.726220000000004
3.2336
3.0996000000000015
2.87352
5.726220000000004
2.9277000000000015
1.2601999999999998
6.296100000000009
3.5587000000000026
2.658900000000001
2.4002600000000003
4.738600000000003
1.3806999999999994
4.277700000000003
4.039740000000003
2.6708000000000016
3.470200000000002
1.78182
5.473000000000002
2.923
4.577240000000004
2.975200000000001
2.750400000000001
2.7548000000000004
5.553700000000004
4.568000000000003
6.984620000000004
3.2079200000000014
3.6225000000000023
3.463700000000003
3.4078000000000026
4.083000000000003
4.112140000000003
4.906420000000003
3.6913000000000027
5.081040000000003
4.750640000000003
3.3649000000000013
2.04017
5.005570000000003
4.316700000000003
2.8785000000000016
3.3366000000000016
2.5628200000000003
2.8108400000000007
3.6862000000000013
3.363120000000002
3.973500000000003
0.17420000000000213
4.462100000000002
2.1725200000000005
3.9631000000000034
0.9046000000000003
4.849000000000004
3.3335000000000017
4.7147200000000025
3.4920000000000027
3.5267000000000026
1.9821999999999997
2.7128000000000005
0.7642
5.429000000000007
5.023220000000005
2.9511000000000003
5.271800000000005
4.321900000000003
3.656900000000002
2.999600000000001
5.897700000000003
4.939500000000006
4.423200000000004
1.3811000000000013
0.6522999999999999
-0.5691999999999999
5.007600000000006
1.662499999999999
3.7423600000000024
5.040300000000004
3.0976000000000017
0.8780199999999998
5.705100000000005
2.6066000000000003
2.5608000000000004
1.4300999999999997
2.22304
2.5074000000000005
3.153850000000001
2.108
2.1306000000000003
3.3834000000000017
2.644700000000001
4.648800000000005
3.945300000000003
4.112400000000003
2.890600000000001
3.6966000000000028
6.993220000000004
4.447800000000002
2.8858000000000006
3.7954000000000017
1.8177999999999999
6.135700000000005
5.452920000000003
2.884100000000001