6
9
9
6
13
9
10
15
6
10
6
10
10
6
9
6
6
10
6
6
6
9
6
6
6
6
9
9
6
6
9
18
6
18
9
6
10
13
6
6
6
6
6
7
6
9
9
10
6
10
12
10
6
6
6
6
9
6
11
9
6
6
14
13
9
5
6
10
9
6
6
6
8
8
5
14
6
6
6
10
6
6
6
6
6
10
10
6
9
10
6
13
6
17
13
6
6
6
6
6
6
6
10
9
6
6
9
14
6
12
9
9
6
6
6
6
10
6
10
9
6
6
6
6
6
9
6
9
18
6
6
9
9
10
10
6
7
6
6
6
6
6
6
6
10
6
6
6
6
9
6
6
6
9
6
10
9
6
9
6
6
9
10
9
10
6
10
10
9
13
12
6
6
10
6
6
6
6
6
6
6
6
9
6
10
9
6
10
5
6
9
6
6
9
6
9
6
6
9
6
9
6
10
17
10
9
14
6
6
12
6
6
9
9
14
6
9
9
6
9
9
10
6
9
6
6
6
8
6
13
6
6
6
5
10
9
9
6
9
10
9
6
9
6
6
10
9
9
6
13
9
28
9
9
6
6
6
6
10
9
7
9
10
10
9
6
6
10
6
0
6
6
6
9
9
6
9
9
6
14
13
6
6
9
6
9
9
6
16
0
9
10
9
22
9
6
9
6
6
10
5
9
10
11
6
9
6
9
6
9
9
6
9
6
6
9
6
6
10
8