432.3220000000003
442.6840000000003
510.7150000000004
480.51500000000016
523.6300000000003
376.88700000000006
293.435
472.35800000000023
292.342
196.16199999999995
241.678
246.30999999999995
329.4030000000001
373.84000000000015
395.33300000000014
323.327
433.96100000000024
236.17899999999997
361.3350000000001
372.38100000000014
323.39200000000005
193.20999999999998
420.43600000000015
507.63400000000036
531.9150000000002
265.69599999999997
388.8070000000001
435.3460000000002
540.7410000000003
396.3840000000001
568.921
372.28500000000014
354.50200000000024
527.5260000000002
290.413
376.9050000000001
369.4250000000001
350.7570000000001
330.81500000000005
268.09900000000005
297.38300000000004
328.349
246.70100000000002
426.6260000000004
282.41299999999995
444.88400000000007
421.4530000000002
463.97300000000024
414.93600000000015
375.4790000000001
296.37
474.60800000000023
455.97400000000016
398.5030000000001
415.2980000000002
345.39799999999997
322.77700000000004
317.779
310.3490000000001
352.4340000000001
320.30100000000016
290.366
178.23399999999995
391.45200000000006
312.75600000000003
213.346
343.44800000000004
279.324
296.30100000000004
312.7560000000001
259.286
415.9020000000001
405.4250000000001
437.5870000000003
301.41499999999996
278.307
414.53100000000023
260.24899999999997
335.4470000000001
273.33500000000004
480.4730000000003
194.18599999999995
438.52800000000025
342.4490000000001
343.56800000000004
471.9660000000001
294.32900000000006
323.3280000000001
414.5270000000001
216.27999999999992
459.9370000000001
389.40700000000015
243.693
277.27900000000005
231.25099999999998
258.36499999999995
241.29
418.4900000000001
325.79900000000004
406.87600000000015
356.37800000000004
374.4640000000001
456.90600000000006
343.43000000000006
293.11600000000004
347.25600000000003
435.55000000000035
210.192
174.203
402.51600000000025
309.3210000000001
361.8280000000001
257.245
358.4670000000001
314.297
508.6000000000002
412.8770000000001
548.7640000000002
251.28900000000002
332.35900000000004
287.319
324.31800000000004
392.45100000000014
367.858
368.4770000000002
412.4970000000001
337.422
296.37
426.3800000000002
433.89200000000017
291.351
264.284
368.4620000000002
344.79800000000006
392.37100000000015
301.38599999999997
413.0980000000001
338.4580000000001
298.254
406.45200000000006
453.5640000000002
294.31000000000006
388.367
327.218
421.4530000000001
329.324
371.43700000000024
300.27
478.43100000000027
294.465
476.6570000000003
404.8350000000001
364.4410000000002
371.19000000000005
241.29000000000002
327.40500000000003
301.29800000000006
271.31600000000003
527.7320000000001
272.344
322.32
403.9060000000002
288.29900000000004
428.88500000000016
425.9340000000003
573.9770000000003
268.066
478.5210000000002
359.4510000000001
277.34900000000005
268.345
358.74699999999996
321.823
328.349
448.47100000000023
409.88
407.617
437.9340000000001
374.48400000000015
387.9130000000001
378.3840000000001
292.378
322.32
308.378
251.285
245.267
335.74700000000007
338.33400000000006
355.4120000000001
393.3990000000001
318.333
293.66600000000005
267.28799999999995
515.7600000000004
358.31000000000006
336.41100000000006
422.40500000000014
387.4570000000001
367.4010000000001
206.245
349.434
545.7030000000002
451.5260000000003
311.38100000000003
350.37000000000006
408.4580000000003
280.395
487.0030000000003
251.698
425.5080000000002
315.41999999999996
351.85500000000013
351.4500000000001
380.8130000000001
256.25699999999995
488.46800000000025
347.84900000000005
306.665
369.44600000000014
252.321
347.84900000000005
401.5320000000004
211.65200000000002
540.7850000000005
415.48900000000015
287.36299999999994
254.17099999999996
377.25600000000003
353.37800000000004
338.24500000000023
402.1300000000001
440.2060000000002
455.9240000000001
234.693
308.139
291.65400000000005
498.63100000000026
361.401
271.297
227.04600000000002
428.43500000000006
350.46200000000005
381.30600000000004
262.312
440.3080000000001
343.33500000000015
327.33600000000007
340.37800000000004
433.89200000000005
409.46300000000014
416.5240000000001
504.4500000000004
377.4000000000001
247.34800000000004
378.8850000000001
356.454
347.237
365.4320000000001
359.42800000000005
363.35100000000006
352.5000000000002
403.44500000000016
404.5570000000002
460.3240000000002
415.4980000000004
429.95400000000006
469.6140000000002
485.58400000000023
273.325
416.5550000000001
395.39000000000016
386.03900000000004
377.44400000000013
354.4350000000001
285.3070000000001
377.4880000000001
290.30000000000007
542.7570000000005
335.42800000000005
253.30499999999998
375.5160000000001
323.17499999999995
353.44000000000005
256.261
405.34700000000004
432.64500000000015
322.42800000000005
470.70500000000027
272.256
191.271
512.7390000000003
440.4560000000002
344.46500000000015
444.9180000000001
440.46000000000015
200.26299999999998
448.5880000000002
353.75800000000015
269.36999999999995
319.766
329.399
332.40600000000006
368.3890000000002
377.9720000000001
266.77199999999993
468.26300000000015
397.4300000000001
514.7030000000004
345.8550000000001
282.73
422.43700000000024
276.33899999999994
411.33200000000005
336.482
249.339
317.28200000000004
353.32700000000017
421.4960000000001
358.466
348.43100000000004