0.560409701384295
0.46911591533974145
0.22543013433423562
0.47566858415378965
0.46227055326181815
0.42608008211483295
0.6617549701677148
0.2074945475719518
0.6802834653869163
0.41006485053803604
0.8486080730936388
0.7926568441339411
0.7071277277461855
0.4390468903606473
0.3729798765112704
0.7280482414256666
0.7429566477001766
0.4235806459430915
0.5301831422627828
0.47134731654222295
0.6241008223557205
0.6430666505970816
0.22563369101754369
0.6404430856141046
0.3185192690708659
0.6233280330161658
0.5971413512806552
0.3566125304703185
0.09966949170293429
0.48560498975724425
0.5640484944482037
0.3894182534318046
0.6822159625313821
0.19350427957443006
0.796645322767515
0.5371526525895487
0.6069831028443925
0.5032640788199015
0.8482028366852838
0.7942619860328122
0.7668524212817451
0.5307595557273516
0.5147265015965847
0.549274553074978
0.7927172060582772
0.33337918864750243
0.48724277529305954
0.6190989460096364
0.701783290062978
0.6300177883817623
0.521878986710269
0.6894887472950405
0.3419066450872572
0.6042084909782013
0.7291707652319608
0.6659767205348157
0.7951484288541757
0.9235418739628607
0.6925779567182615
0.7077857378889297
0.3473677256704161
0.7866714341643867
0.4564102473768608
0.3927838027174792
0.5222762283034362
0.6371108730054077
0.5965990834442051
0.5340524905717292
0.5378356562759838
0.8834053019630943
0.36487535667580534
0.6234542201298812
0.7293700077059501
0.7177101662391461
0.7636921547899166
0.692153827568876
0.3669072528208847
0.8672073502382401
0.7409730485751662
0.5213699545125008
0.3582794892822376
0.6648651607326014
0.5475098984560233
0.5372026345847309
0.3869022473942379
0.7010404047273355
0.7375306789358863
0.5880119793081815
0.7194335937881616
0.6649326318792292
0.3394836172866207
0.49772593383900127
0.6086845272347496
0.7423062895662207
0.6487137153076578
0.7865630479630231
0.8600549198257493
0.44516277319186287
0.7362378801921927
0.43032749847479984
0.5756666593891255
0.793500539386037
0.22842171618868573
0.5310554970589257
0.6939487273253283
0.7924558303929996
0.5632222667001494
0.6183684406756955
0.7164373721723174
0.6022312177109405
0.6964638085181669
0.4639508841447819
0.36394118608395765
0.9071708390044279
0.5193550168437111
0.3975354817404277
0.551493800484919
0.20098505623518295
0.6668888172981314
0.48999776892710006
0.4601549946430559
0.5590823734810917
0.7509495668533984
0.8506201795247195
0.7851169496242799
0.5492226684320903
0.6078547362349901
0.7981279285701068
0.21102063130994028
0.6113726646273877
0.6320616958359887
0.8492677896116696
0.7638760637714498
0.6832893993357599
0.49757452265677454
0.8005560342866337
0.5339657518341439
0.8660178961311298
0.7610500107788386
0.7122088513710687
0.49461767846790333
0.8801147721140782
0.5587295669047964
0.6623141326173254
0.4991027407237783
0.9160036924523047
0.5451659349336256
0.36453420693883937
0.541384377862845
0.8556440611520445
0.2813108830460671
0.396007445214235
0.5486793337778135
0.5002023132083736
0.6396865578792778
0.7140623146047191
0.9185502110951599
0.8447680080179036
0.3639195016234978
0.23807060926437543
0.6720728724282008
0.7924162092959394
0.3951250396451596
0.3428127574446715
0.7295859315403731
0.335557423202536
0.7776086653202465
0.23408328066559903
0.49726712200169004
0.8315079670280666
0.7378965879353002
0.8116548113629264
0.8412759561530812
0.8450228116168456
0.20060427405803924
0.6434261891503354
0.6752304231106964
0.5877377692786747
0.7185821614597392
0.347865060036018
0.471663814127024
0.8302456493178964
0.6471642007032019
0.6614448383666273
0.7477553903250289
0.6636690510675125
0.6361745427758325
0.6338116764300236
0.7886748858702198
0.43349535283963236
0.7444953728695581
0.6647047945151989
0.8492524151445385
0.36579261855227524
0.2578914065718733
0.6830526544359573
0.33504314634532145
0.5956587239969826
0.49043734846754616
0.563149889715397
0.6651102191344318
0.35342777032083156
0.46447488912510104
0.7444217992014743
0.4804830834103714
0.6946971565186049
0.5378726476458562
0.6214380021703724
0.8604853832554166
0.3969461164320263
0.6948884342559112
0.7799590000857265
0.6671653136538493
0.361716249192302
0.6612766964741882
0.31535378580319046
0.49488021860881304
0.4333768668881
0.5841803980993411
0.7133868747617864
0.49488021860881304
0.569359560985414
0.7490575005138528
0.23612261769114026
0.5715342761757859
0.6652992766305538
0.6628591208058274
0.5156329785537944
0.42945989840645526
0.8781283031394542
0.46309406668570363
0.3770382231362498
0.5655615581816469
0.7059290237938594
0.6257420278237986
0.5835704791973363
0.4016074184856503
0.671404829234467
0.7792813266283134
0.6822950272270308
0.4633374320065038
0.7953751138647225
0.39192750298986184
0.7104790032912254
0.5438919415076885
0.6108198594908456
0.6007047049037492
0.6724722721127082
0.6113726646273877
0.4736416797063646
0.5902834625650503
0.12334985710311229
0.5396228091144348
0.7708209673472975
0.8874619313635221
0.6712416947916013
0.7450930292435718
0.4506549231939445
0.7444589517143112
0.6072217182578494
0.773162184345074
0.26963568103074464
0.829805578498271
0.6108695433691981
0.6986484655498835
0.36461450566805836
0.5657353104078703
0.5475295836755153
0.7016039051042691
0.20853153690713505
0.49757863978371664
0.6140915533583416
0.5710486318938885
0.5297508056936523
0.7453398413968337
0.8137259689452143
0.6595635292854828
0.19358277551862657
0.48512484108023357
0.5436356260106903
0.6548717719412503
0.5871764931961806
0.8249092831972545
0.7312649784414396
0.5380586348444181
0.52009506783012
0.7770374248294926
0.20221903488953996
0.7242446715228421
0.5259683504809382
0.42975618220642964
0.29035210663851924
0.5766550310016217
0.571646315696539
0.345379247132921
0.5772555075597456
0.4867941193467888
0.5771195703763109
0.8919154207977761
0.7880311350765127
0.8502015993164265
0.9368705960287662
0.8602909485776229
0.36538844907840135
0.7828587163952323
0.3482294836456583
0.34378750799861946
0.24794485261100585
0.9123256817384573
0.5802286141544774
0.5673666707968338
0.7854644588129969
0.3712730614132527
0.5749095645565176
0.7997235928636068
0.5309342916460713
0.3553458355106723
0.24071275548221263
0.5267150927714187
0.5711258558638264