2.382642965886605
4.781658763317534
5.114419732038407
2.8364072435987975
3.9157177071174276
2.546011281278089
1.9890693455267492
3.381940010428088
2.238615664879065
2.250387094567877
2.114776167656025
1.9709460500848017
2.3560961255338597
1.9309877015218735
2.6563271346554824
1.9844655799097506
1.94720078806432
3.462715456955719
2.4250010689525627
2.3929209668330262
2.355902838433188
3.661501348919189
2.1374167009498777
2.1458267654999386
2.5679260820200973
2.5140941952226843
2.1450398079918678
2.607576594749414
5.315801217364964
2.283642987700638
3.044699384291639
3.8573204974570636
2.8612704065368657
4.843754800502414
3.6247135529054137
2.572580098951205
2.431581346453406
2.330820906506313
1.957827685061746
2.7165778748029137
2.4015757768003905
2.2771319623229456
2.1866323589206207
2.8030386421190876
2.2929772454113095
2.857849745344037
2.3241811511548462
3.095984020163632
2.159223205606672
3.613323608874368
2.214779812109345
2.4982723087526573
2.5885306215857398
2.4019940771204826
2.681806304198222
1.6028682586944285
2.085258235816786
2.549104564826294
2.2105502624843236
2.8096992621743784
2.1198865185359637
2.6067183091098354
1.1426437625367925
2.093217801072919
2.1976222582856586
2.5930663549229074
1.9240104263676407
2.293377855365362
2.2032969835603833
2.281812935350528
2.106029905629926
2.213462267155359
3.3966314992619457
3.269936466517681
2.4494213127398616
2.1200997742783247
2.3057560753673805
2.4092535879367087
2.4758119994036925
1.8591424855015273
2.723843483883698
1.4867453630200753
3.0249243666651724
2.391103263214937
2.8113694079657368
3.747441941238547
2.0399343461977466
2.6575299337259555
2.210459668237924
2.756001713491772
2.653186834603492
2.332324750581053
1.9084518251686582
2.4273251588937086
2.74968196645594
2.8855943221361837
1.6505178875303752
2.494229527243686
1.943867045701106
2.3508068283409997
2.117501776081152
2.865413048741395
3.08883027702897
2.589898957144154
2.2858271587636345
2.3345184574595486
2.439411770294752
2.263684261301508
2.0436875670566437
3.921658867765628
2.171170542204603
2.1547327560600777
2.2998062729875084
2.4381701372755433
1.6754868883584475
2.4161677720680252
2.2623844337163455
3.5841045644454272
1.9999925332681077
2.1970414853640747
2.5225726947476836
2.565327972571371
3.8775232462282485
2.0124684683256824
1.869171316483376
2.297941911548298
2.354811198377824
2.4826482643344026
3.4664110716733294
2.373702613828918
2.1022991059302782
2.118984621302369
3.5502257110679505
2.521657614039812
2.720010498444303
2.762771380029193
3.710897788948138
3.528489050534861
2.661162953655861
2.0045739113266006
2.119078665472861
2.213075005538405
2.3883380485102474
2.8229090037430637
1.9872751060834482
1.9304010494944492
2.2552448967492644
2.2504044986259633
2.314668591837627
3.5845647635535443
2.7849272496025144
2.6559259618380224
2.026359097932696
2.4883080422046024
2.7388026598072006
1.8299778794827102
1.7257675879559873
1.5406616839856007
2.701089434703629
2.3611004107760536
2.298046850812762
2.9602302737016792
2.8832595544981032
2.8021749058553507
3.4913914559918258
2.5981038662951086
2.5825173589540107
2.9021230215662044
3.4548619994036933
2.8623125529919733
2.5203308116563843
2.316874934167533
1.9414376068714994
2.497712609512295
2.1068529560680958
2.4404737465764104
2.6897358027505085
2.536284467739586
2.2491523851879904
2.283233928484334
2.601586390816511
2.7092945599742464
2.180001129781875
3.4507697762849006
1.8353113211468965
3.3710142681445294
2.0784375244531237
2.2226527746381812
2.792291818965321
2.5951469728032777
2.7916229541607063
2.8381591520347946
2.3716890747436636
4.262486974822409
2.644875643309815
2.6129957177819936
2.775502493576468
2.3925095234818574
2.4778850054970647
2.3044527341885317
2.3826773065114786
3.222450257643308
2.3782112337102994
3.1699926663784
2.707516543523168
2.480073333437492
2.604364389662937
2.9060788107208495
2.615453090732947
2.740074116977876
1.8207674193746328
2.3997839496624245
2.486382281876727
2.7665454940314653
1.828972020447594
3.1695570121554573
2.612703095294105
2.6048681315143085
1.968505213739384
2.195730994806569
2.621638606358383
2.211421615957221
2.3795794318459844
5.244217471188684
2.7018256433098156
2.093569219423342
2.6421476080955255
2.257704232561448
3.138493430510012
2.811702883303525
3.1163919432338734
2.899928872440931
2.646082421521225
4.024537047306122
2.035030775148524
2.6467295605736236
3.003449942970115
2.3331101723643375
2.2078027896783645
2.041662771926955
2.4527448019689615
2.5873691238195846
2.5549565603830207
1.9458359545426323
2.4604732251360346
2.9534369444586375
2.426091666866272
2.1936836433098144
2.3267208830596857
2.253437571093876
2.926901462709578
3.0565423950225385
2.3404063908165096
2.3227244368867943
2.452125082330488
2.568118963147871
2.3515417063226103
2.4845708062862304
2.2536541587546566
2.430108475995647
1.9699609325778482
2.8776330624297373
2.88309426352661
2.5220597933160978
3.2388022784827237
2.231582544662663
2.3978944852268764
3.003687659314126
3.99868699789827
3.2031623160795117
2.231507229213534
2.5406797127552867
2.387666161994698
1.9746326903389182
2.3069611488054367
2.550563607035013
3.3563829688748985
5.2791819811335685
1.9980809645251352
2.0954181742937497
2.7977045785810475
1.974443359675977
3.684965210757097
2.271414817650392
1.9586820155383222
5.0161739053714625
2.4007209785020738
3.7556527593798723
4.241992266900485
3.5601186191202707
5.060579346324747
2.2782125116267053
2.361772435695727
3.727505661443134
2.3364674028245247
2.4251012884703638
2.556298927027669
2.5061048319620465
2.231269568003748
2.783388097080026
2.4175699362216427
2.2144859945493938
4.410433026753663
4.0082212792353324
2.3593854652370645
2.4842339228480803
3.220728443373268
5.24782907131653
2.2501473504709644
2.126346829874196
2.560288592703575
2.4681197990922197
2.663239846351253
2.5548970544572285
2.584940427994402
2.336295317484524
2.3980311692870107
2.0229768031246813
1.9237973032288416
2.3516743130997195