46
56
65
58
65
44
29
66
35
29
27
27
39
50
46
39
52
34
50
51
39
24
48
63
63
29
50
42
72
61
62
52
39
74
32
45
41
47
41
31
33
41
26
45
30
54
51
52
45
45
33
58
49
46
48
40
35
34
39
41
45
37
20
47
42
17
44
32
42
39
37
49
55
55
34
37
48
35
41
33
62
22
49
36
34
54
34
45
49
29
47
54
25
39
29
31
27
48
40
48
45
42
52
43
27
32
47
27
22
49
40
46
38
45
44
56
45
66
29
43
41
44
48
43
42
49
38
34
53
48
38
34
45
36
58
34
41
41
40
44
51
37
48
47
49
38
46
41
49
31
54
51
44
41
27
39
33
29
54
30
40
44
37
53
56
68
26
54
39
34
31
41
32
44
56
45
41
49
42
42
46
38
42
50
28
26
45
43
41
66
38
38
33
60
42
47
51
50
50
33
40
74
56
38
44
49
34
60
23
53
40
40
46
46
30
60
40
40
37
32
40
42
21
68
49
30
31
39
41
34
36
50
50
20
32
39
61
48
32
27
56
41
41
33
51
45
38
43
48
52
47
78
44
24
45
43
35
43
41
59
39
48
48
46
49
48
51
60
37
44
50
33
48
46
32
45
38
66
39
29
50
35
42
34
48
54
43
49
37
21
62
58
38
52
49
19
52
40
27
37
38
38
51
37
29
56
55
64
37
35
55
32
47
32
26
50
47
48
40
42