88.38
49.69
86.99000000000001
91.4
119.41000000000001
37.05
3.24
193.95999999999998
68.49000000000001
87.62
66.32
32.78
45.56
66.69
27.82
63.13
60.93000000000001
111.89999999999999
148.57
110.21000000000001
55.730000000000004
86.72
61.83
113.09
98.25
47.89
100.65
45.480000000000004
100.90000000000002
128.27
86.79
139.59
50.080000000000005
192.15999999999997
32.67
54.370000000000005
117.54
64.35
49.410000000000004
49.66
58.040000000000006
71.78
50.17
32.78
51.02
37.05
87.75000000000001
77.49000000000001
75.71000000000001
87.55
17.82
99.68
114.8
58.2
85.36
55.4
76.36
89.02000000000001
55.760000000000005
63.489999999999995
98.97999999999999
42.85
0.0
84.07999999999998
48.07
22.0
54.45
47.260000000000005
48.07
49.410000000000004
60.209999999999994
89.02
63.68000000000001
78.0
42.99
54.37
83.98
81.16
37.38
29.96
125.41000000000001
52.60000000000001
81.76
66.38
93.36000000000001
91.56
34.89
84.28
83.55000000000001
26.3
114.8
74.6
29.96
59.160000000000004
73.58
44.1
49.33
105.17000000000002
46.92
97.16
90.70000000000002
66.28999999999999
95.34
49.94
50.44
35.83
105.56
59.92
38.05
74.92999999999999
64.63000000000001
39.07
73.35
69.4
98.53999999999999
120.76
104.21000000000001
79.15
47.78
70.39999999999999
71.88
140.61
53.99000000000001
79.37
42.010000000000005
75.42
64.96
47.28
103.04
89.02
58.85000000000001
58.53
71.24999999999999
68.29
115.41
38.77
46.5
71.11
83.99000000000001
47.61000000000001
87.74000000000001
58.64
86.22000000000001
109.38000000000001
88.16
64.63
83.66
91.56000000000002
62.830000000000005
24.11
69.92
113.32000000000001
63.6
80.47
52.82000000000001
66.4
66.02000000000001
47.56
77.11
43.370000000000005
90.98000000000002
51.16000000000001
97.99000000000001
27.82
89.53999999999999
116.71000000000001
56.26
80.9
80.25999999999999
91.23
56.73
42.43000000000001
21.259999999999998
106.66
80.29
114.8
37.95
114.8
46.94
46.5
90.99000000000001
26.3
98.49000000000001
64.94
42.24
73.04
79.83
60.440000000000005
90.92999999999999
106.59
80.38
109.38000000000001
85.41
86.63000000000001
163.84
49.54
159.48
92.7
87.07000000000001
46.379999999999995
56.15
114.99
69.72
63.93000000000001
69.67
81.76
20.01
126.39999999999998
68.94
35.980000000000004
29.020000000000003
63.24
73.2
114.32000000000001
48.67
60.69
40.71
114.32000000000001
77.25
56.730000000000004
40.71
64.43
45.230000000000004
86.99000000000001
94.31
57.010000000000005
81.2
52.31
100.02
45.4
41.46
144.91000000000003
114.8
64.17
22.12
106.98
85.17
69.72
59.3
34.14
62.82
32.78
27.82
34.89
93.36999999999999
80.06
66.35000000000001
51.21
89.02
85.61
80.47999999999999
155.52
90.39
37.81
69.4
42.690000000000005
32.67
82.03
97.46000000000001
123.66
75.27
127.21000000000001
66.48
65.07000000000001
88.33
70.56
113.52000000000001
62.32000000000001
50.04
132.13
85.53
50.44
62.21
62.510000000000005
84.95
61.440000000000005
74.76
96.22000000000001
39.19
74.16
48.13
43.370000000000005
60.77000000000001
68.12
47.56
69.92
21.47
116.48
83.83
63.93000000000001
104.29
125.47
67.77000000000001
58.64
104.05
55.24
67.43
83.42
64.11
72.91
85.61
75.6
101.63
94.83000000000001
23.55
108.57
123.81
96.22000000000001
45.98
45.75
102.00999999999999
42.85
37.05
70.5
50.8
112.31
114.2
48.42
41.99
60.15