-0.2721807254684204
-0.36579948453876543
-0.34927679414396
-0.39030948395978404
-0.37226430652835174
-0.32246637650874466
-0.2805267352432764
-0.2919465173219483
-0.3900011948817708
-0.43949577877982243
-0.577613493907269
-0.3855387772042602
-0.479447976610213
-0.5054422353011733
-0.5608947580106661
-0.4790596226271597
-0.2883490057522859
-0.34844514483785505
-0.6371795157696635
-0.31274776926766157
-0.35464931381989634
-0.23576838349549006
-0.4940509024768521
-0.3623906905415663
-0.41937592868130047
-0.2861107229450058
-0.3570855048823086
-0.49098798290221374
-0.5191136525884213
-0.46303605861445835
-0.2788750613635784
-0.4004243673279978
-0.26893072850417277
-0.417035317512645
-0.38904452094198166
-0.30837287742698566
-0.3492655660279327
-0.32137313911593973
-0.5362037115198136
-0.37331719643668254
-0.6376250072426044
-0.40107138806840087
-0.4027268271566654
-0.3024661126332114
-0.3948772556111665
-0.5231448273075443
-0.44086626958881264
-0.37268796120580694
-0.32802437450667266
-0.5733868228672763
-0.3302806739798355
-0.4201125483036559
-0.36187233589585815
-0.49595960607421413
-0.9623654173065133
-0.3730549470700986
-0.290190329854898
-0.21665395009617
-0.3434049633362991
-0.396791684970119
-0.44668218000342225
-0.5298427023973291
-0.31120541992188
-0.338215465508352
-0.37236016378984904
-0.349058326143521
-0.25240616602421706
-0.41421440761432726
-0.7645587626902667
-0.41540902962537773
-0.25477492662886303
-0.286705754377588
-0.32377683280671277
-0.5923706110150148
-0.5181562151626549
-0.45909821581973703
-0.6548733664086431
-0.3035719990887592
-0.46372313742619864
-0.651661852105242
-0.19745642245682354
-0.551188139792863
-0.5494971624242931
-0.5869180252990499
-0.7006477039124415
-0.6504174230743685
-0.3452658759084201
-0.48240528972480645
-0.4188028550881221
-0.3108317400842764
-0.24943019825049736
-0.32720331160636756
-0.2998068474402119
-0.33996108267946534
-0.5112584297927754
-0.43738015043593875
-0.24747659764902405
-0.4436634919803181
-0.6073444862978923
-0.33270106294723917
-0.3253728161261206
-0.42373041276561324
-0.2712306284273951
-0.32147470532111266
-0.3364707815022905
-0.4278291673839398
-0.38885258629611397
-0.27861633338573727
-0.30822758382911447
-0.24012610889199523
-0.34208762417009253
-0.6049310209550156
-0.36238664536935
-0.33606263164361777
-0.2677583643725789
-0.33274876419753546
-0.4136091623270404
-0.3700962713141053
-0.2591873494327264
-0.4484881530345863
-0.3432762694017707
-0.3920062196572287
-0.2523471499928259
-0.367910407686026
-0.3899907348878171
-0.2689507043990265
-0.5755513734418203
-0.33332268013687105
-0.44346035685721313
-0.5149919102922752
-0.5297331644596299
-0.2816510266275218
-0.33180998886368607
-0.30547543994450044
-0.43608640288025174
-0.5513054446637395
-0.35588330437461585
-0.3009680729685515
-0.35324488429731293
-0.4830848173981205
-0.3206668057064205
-0.3916219585444451
-0.32651504163195133
-0.2653667292949337
-0.4057709316398547
-0.4076472253194422
-0.35715763661276567
-0.23865993528913057
-0.4134730556138124
-0.4393063175919687
-0.32327966414152326
-0.405745240541689
-0.31891036105867493
-0.26950504403322884
-0.5898059472755709
-0.36613957027100114
-0.2956082784853988
-0.38463670509465775
-0.44916927963333914
-0.5295690021617248
-0.2543028264986238
-0.39517724963505096
-0.2296155596989383
-0.4768525086770088
-0.4861884046089285
-0.4976639934455739
-0.29151115462725746
-0.3929352964238323
-0.35258031293262593
-0.33096260680009865
-0.5936581689578772
-0.6015089450826039
-0.32551873297149175
-0.4296054262562018
-0.3752238459961635
-0.3726044265225665
-0.5296997714565063
-0.3525838630844329
-0.7376214484823367
-0.2650798581770425
-0.29923824817171585
-0.3747304552631
-0.5497981655560924
-0.47728586875305895
-0.4212030002951486
-0.378661869569164
-0.4870706477663897
-0.3125551268063707
-0.379221910728648
-0.43902415117451865
-0.43095067178833946
-0.41437322525280235
-0.41210427121827614
-0.37775763612752955
-0.4082436456830874
-0.3519029592021756
-0.32103500856234307
-0.5639040915819349
-0.34946655706895186
-0.3966680764912211
-0.2964602457378278
-0.32188189976185816
-0.41238468739150264
-0.2369954075510832
-0.31235516979113354
-0.43597027066668087
-0.22653639526124808
-0.3923201289352692
-0.35001217011309393
-0.316019578686905
-0.6607211719631826
-0.5953529079095424
-0.3701772854790895
-0.3604275641622322
-0.5419617904483819
-0.411353347586076
-0.25306227516914126
-0.5297717640841408
-0.5153246333988089
-0.3106652438168437
-0.5430593899205325
-0.24829993259204217
-0.5244691682315779
-0.4508005220784096
-0.40247182642842727
-0.37945599760556836
-0.3662871237050352
-0.4139179606401658
-0.5477193565324838
-0.4128970043673505
-0.379434292014779
-0.45904847446680913
-0.38412795695250684
-0.46737132176237467
-0.41842113657665586
-0.3464788360565736
-0.30340781157068225
-0.36691718860235156
-0.5535389613941817
-0.5238633758635806
-0.5297353522060412
-0.4639246095761308
-0.39522543905839014
-0.5902380214538425
-0.40154916736086704
-0.4142946812099247
-0.3713796418188828
-0.37015612060534747
-0.4724254986537344
-0.5689040327181883
-0.26483610934225793
-0.5817885748784677
-0.46902863854147914
-0.42537884747891563
-0.47508491979434014
-0.2725480194110214
-0.3583923077770852
-0.2707112773327449
-0.49216490491969656
-0.557201310711681
-0.43119628508871005
-0.5047180089407044
-0.5606763847938147
-0.5329712757439625
-0.4754270855227798
-0.3491518781861964
-0.3279866964326904
-0.30489828527661084
-0.48100659669762497
-0.3757424420494096
-0.32021862400982104
-0.2958137656692897
-0.4713423500324998
-0.2926656255781104
-0.3703829515646287
-0.2822038700446746
-0.2997372430028585
-0.3607212739964032
-0.5218239589171056
-0.7211037854322055
-0.34267871029739927
-0.31690105000170055
-0.16591787006485284
-0.30634114740410495
-0.3262341540558238
-0.35812890578800777
-0.35047493061142415
-0.43046943851178004
-0.3058324728680961
-0.2600133081935707
-0.4137304909781622
-0.5663286246988557
-0.27645028135428545
-0.37203579453757957
-0.4515501777657642
-0.409644047783053
-0.30393633178567
-0.4501138502547855
-0.4634122781977854
-0.492044490366846
-0.636261510372173
-0.45108087987093015
-0.2366179480154005
-0.3600920621983574
-0.3223131993015128
-0.4046939170815739
-0.2947899076102648
-0.1880764350068247
-0.36314853477524467
-0.3091864580904292
-0.279105218977611
-0.4745650840789182
-0.6266072836129578
-0.2883149546461181
-0.517112965050286
-0.24935325433728048
-0.6310077076101753
-0.4874947256460798
-0.3140096092675042
-0.37041402244001775