-0.3296963514293366
-0.3474866767492737
-0.5867360706784631
-0.4023712290414423
-0.3999899546770998
-0.5974744021208432
-0.5553203964603503
-0.5320111538006863
-0.4894910544149862
-0.43602844415509023
-0.39162121286962887
-0.5041978184947246
-0.3381162447557472
-0.2550256460273117
-0.37267136430628883
-0.3222772172511328
-0.4666550517435672
-0.3071575605418448
-0.43575925468900545
-0.24778867886119826
-0.22009328768206723
-0.38246671672970334
-0.4433001217337981
-0.3272566098833387
-0.276789178020185
-0.3239091908058269
-0.29826408954843364
-0.47082097029693515
-0.21713293845921222
-0.4611356193532369
-0.5254678417391868
-0.4724728811946139
-0.4330194483969392
-0.5002031676905827
-0.4835249727436268
-0.2617303940872503
-0.6336245761180479
-0.34173480573055326
-0.42929850454899376
-0.36701513790742574
-0.2942214432369658
-0.2945695496326631
-0.3767922689550601
-0.3708541013802449
-0.44603170284683874
-0.3248689405499979
-0.39552402572843404
-0.4297245405093864
-0.4894303064855743
-0.39347732388313617
-0.3757656576640424
-0.6156680250968484
-0.316787424756951
-0.35719648322040237
-0.34555723195435006
-0.476493017375646
-0.4199228557363151
-0.42604293499607027
-0.4125077912131548
-0.3791460698946594
-0.4603525275091859
-0.32747832162416357
-0.3281360151594252
-0.1896149614712944
-0.303552889665946
-0.3974108849898742
-0.4053204443789826
-0.34742151761562384
-0.33616818238377005
-0.3335474819523066
-0.2846184066361736
-0.3407862877579462
-0.22464168080959268
-0.2932337980823316
-0.35711803725768565
-0.49769410932952074
-0.35344145332332794
-0.2831154130495419
-0.391646217403921
-0.5008917945153255
-0.38314196952282764
-0.3695580701136747
-0.33614264082416867
-0.3716948120807487
-0.45093422943013667
-0.36361626324702984
-0.38133468858930947
-0.2920615760184435
-0.725162399266841
-0.29596764628091055
-0.4454971443768382
-0.38431702055992595
-0.40137828198063674
-0.4106001606426366
-0.2963952511659757
-0.4785541180983323
-0.34966578121770253
-0.4754730406792514
-0.43384596304218304
-0.4273063656023998
-0.31344358275964607
-0.4871471178022333
-0.33957934930792083
-0.5604711748159789
-0.4262421040618249
-0.4248143950817774
-0.3593212476357457
-0.23746702817684037
-0.4859068785903212
-0.4493230875467809
-0.4106909590828344
-0.3519294071127027
-0.2925135772591834
-0.30892748544274773
-0.2616242961345902
-0.3351695222980595
-0.3495490449192531
-0.6478606983435017
-0.605119733213689
-0.2440513458111853
-0.47407984688124133
-0.4164162167681642
-0.19593964136193762
-0.4501819670419867
-0.3879594731976161
-0.34654829565063966
-0.3341128853947008
-0.3174032412110881
-0.4270131514408836
-0.43166229167036363
-0.31251658990648834
-0.3292700735670066
-0.4009581309962657
-0.39278549712572997
-0.39119651332198463
-0.4652732294492365
-0.45857960823511856
-0.3737665366419695
-0.3969754036871649
-0.19344981484187979
-0.4259828945191963
-0.3184935299296926
-0.37677864565346175
-0.23885170644271952
-0.44944985790869446
-0.3194142266924012
-0.3603834049955134
-0.5002405302210813
-0.3365738328625378
-0.22511425261301796
-0.45826924017027393
-0.3522137732701934
-0.31765027110510197
-0.2860123274455029
-0.3041946206241839
-0.4984816377336121
-0.6315174420490045
-0.42988483626148716
-0.3810860676283837
-0.39450151504895514
-0.5048180959916354
-0.5013215934592694
-0.366418856010967
-0.6517917208222892
-0.5221348249579016
-0.4349225380156548
-0.6253615816477671
-0.3355462257638847
-0.44162643503927607
-0.26653588501805386
-0.4774109328919812
-0.4085830323355121
-0.2602163018187025
-0.3657669147012448
-0.42987725893817674
-0.3508411165099292
-0.3985517059069046
-0.3111991019081093
-0.3929460073465336
-0.4127906458868113
-0.2127475256365866
-0.35819951470555367
-0.46944609866739273
-0.7053732280261239
-0.4020313591472541
-0.48535573549387456
-0.5464107601209937
-0.29779759116212007
-0.482912571759828
-0.28656447632624077
-0.42309025448953846
-0.35592904959673677
-0.5476384196803944
-0.4587116454975065
-0.3607384413777197
-0.4328026500213941
-0.763940642134607
-0.3001530321338386
-0.30348498339425073
-0.5688108133035561
-0.4265234501942072
-0.35018938729002713
-0.4150147152628352
-0.5205664792780654
-0.5364312513371591
-0.4037667982417204
-0.6070419298523355
-0.3146198165825099
-0.29370318265721673
-0.20033997186138552
-0.2831642242712482
-0.43058352294067315
-0.27113962632453287
-0.2157850732498019
-0.4299578266221024
-0.3205637914425707
-0.284037810851707
-0.14630898711911844
-0.49035145282187825
-0.4925871893036131
-0.4214916397797684
-0.2628179805953811
-0.4085259197797818
-0.1412948357108938
-0.49932826484893705
-0.5003694687771846
-0.3123541608090154
-0.34825205820220145
-0.16129035166965155
-0.383063455722381
-0.3663087104757767
-0.32957010658990926
-0.43921747209969875
-0.3926976473438016
-0.36699815560198656
-0.4995719168586372
-0.3126066876432876
-0.5918140603294382
-0.2678875802582241
-0.19530784574429605
-0.7740336548860497
-0.3836976479490412
-0.6086054445353819
-0.6724740287243647
-0.4453054236159662
-0.40305749690893894
-0.48132921119749145
-0.5733643568334322
-0.32968518553039294
-0.18960203246215446
-0.3880603749873392
-0.4556134999620545
-0.6565338995104848
-0.6035489031475861
-0.5166526686705766
-0.3377659428694956
-0.6961120992569444
-0.48492385826948115
-0.29419129569540775
-0.2802781276884029
-0.4545335789935412
-0.43125693831784945
-0.27551963950793806
-0.226459317192937
-0.3715076725812042
-0.5759632462798778
-0.26449663470751633
-0.2470234907744958
-0.4630081812138306
-0.29261506718466923
-0.38487684042897163
-0.3492003509852807
-0.4568967138703004
-0.3951450825997764
-0.42187570175608125
-0.45391244603116
-0.32455930969599966
-0.21116669192057402
-0.5096194596698573
-0.4047296927310522
-0.5150262543522436
-0.4257232864205426
-0.34816138819575515
-0.3110921344836713
-0.5379627638289471
-0.3446191896096234
-0.5074996505386391
-0.2267956097951729
-0.37577922354810844
-0.2839628539192606
-0.28281158363662035
-0.49344638130093105
-0.3455860186709141
-0.7514602882419562
-0.3468205920178298
-0.3019637087865538
-0.32182896346796436
-0.29793915555442685
-0.25910812222014046
-0.4236560247734502
-0.44569241711239255
-0.28384233297458006
-0.35402167131264217
-0.49229328865931543
-0.24217423117397383
-0.43555586285737685
-0.4858967317866359
-0.3833701933720873
-0.3388104479059818
-0.4162716657499339
-0.30347832577086886
-0.60296076536825
-0.6306731846725557
-0.5130298049392877
-0.4692490884390043
-0.5027976896707169
-0.49119363826887114
-0.3511418278968016
-0.2841906777919425
-0.34862444616360233