-0.30181064641088995
-0.6429103299797815
-0.36630324318936064
-0.48741905603125546
-0.39160184100177914
-0.3583027464400078
-0.40244361146440416
-0.39866233555122416
-0.6808205537769337
-0.5778307020442445
-0.42820416746489237
-0.5076125903215086
-0.297943762422925
-0.40432852657103935
-0.524605500091284
-0.5945731270060474
-0.4187053646870166
-0.6525726004436836
-0.34144503596058023
-0.6657784973396496
-0.3654136213565355
-0.5096606612787555
-0.33556117931181917
-0.23998021315583154
-0.35581145737160086
-0.40742025379059454
-0.5174975654370934
-0.5574792480938319
-0.4225420989559177
-0.431932636666929
-0.18189538227684868
-0.463912588501762
-0.43832375769790316
-0.5562712378179024
-0.3878390774037773
-0.2685982455938047
-0.5190144544561721
-0.3480230417499816
-0.4901551077719607
-0.5062200670699895
-0.4371972498008899
-0.2357202694775216
-0.5091479589016763
-0.29133757461797055
-0.5527121572062635
-0.3147117774949169
-0.45208068226301484
-0.4393213031193568
-0.3172907432780572
-0.25346397403488036
-0.40748813907734655
-0.4622534363203324
-0.4691098420009496
-0.32157909393186696
-0.3662618382378731
-0.27042183923892515
-0.3793529319400767
-0.2982377813836558
-0.29109809804982445
-0.8637927663411
-0.3541703910394804
-0.22328078422776787
-0.2951526407802223
-0.36651017439049827
-0.4814425202008954
-0.46861577320938125
-0.4378803791748251
-0.35716713977911907
-0.5035510342283773
-0.5798105075998968
-0.6862829560818834
-0.3311244280555646
-0.37233984175404194
-0.38734518029843407
-0.3264139733070656
-0.4806521716710949
-0.3359225010349605
-0.2451395663719495
-0.35608121297649975
-0.6823010716033494
-0.43141915754871923
-0.36561953100284383
-0.4357426191939344
-0.541447434254162
-0.459895132071003
-0.4208006646053458
-0.37894496858162585
-0.4854937865508224
-0.3772063555878563
-0.549538546109732
-0.46990713675299356
-0.23956900297192454
-0.3197398880381178
-0.3808026253914741
-0.3074989291697624
-0.3432174283766174
-0.34879106377412955
-0.408432794072545
-0.3081943660995962
-0.3852754041157077
-0.5554992478158106
-0.23142562217179952
-0.34110636275769857
-0.3068649432339049
-0.3445322087021456
-0.21780333482387507
-0.4097927863852144
-0.30059934062269084
-0.336120406133404
-0.28467528799891745
-0.26516933868728826
-0.37543141909074423
-0.41206339083106697
-0.23422988743854242
-0.4720398785175348
-0.45020801765023866
-0.3984857886061307
-0.3273032578412707
-0.3549743490135195
-0.4206419683632001
-0.24871069997300824
-0.4825246984690092
-0.45322542435407015
-0.3282278767624838
-0.28202607608258634
-0.36403271445566576
-0.2990216005367519
-0.6451147184581186
-0.4956999328250301
-0.3656042748605167
-0.40488010942445213
-0.38019882610640776
-0.5432488603168102
-0.34115172850772263
-0.30161030863693117
-0.5176017290852647
-0.38170297388269303
-0.3764883436146478
-0.4305740234549402
-0.31757972159630726
-0.49113215866022714
-0.4503174218871904
-0.34120859939617365
-0.42589171927248004
-0.35748679696116353
-0.47915011886133324
-0.23623515862280087
-0.3147653681804621
-0.5316819049748219
-0.4042497155212236
-0.5602727509936416
-0.43501434242722853
-0.4308176880018129
-0.2916005125414216
-0.3163843678922312
-0.2804638452846979
-0.4246265802628524
-0.5498729279879502
-0.881476929259952
-0.4841523459290834
-0.5639441868891679
-0.3463233325856147
-0.46054507160307795
-0.37499612826281425
-0.25580854021988475
-0.38535724212275907
-0.31447851426742357
-0.3982450704511656
-0.41879961918494124
-0.215507152737356
-0.2759011205927906
-0.3096989056146362
-0.3524985673736009
-0.507866987329585
-0.3741925616344204
-0.5340383546706267
-0.32259900893998755
-0.29288134599520116
-0.3229440819103223
-0.3781394449864525
-0.2929472173180865
-0.4191374637084664
-0.33996561706298917
-0.43226232916806456
-0.39196423549799164
-0.2955681305160921
-0.5206525371335171
-0.34590769749046113
-0.32133820803938684
-0.8520848091781749
-0.46238736293777266
-0.18520961310622397
-0.35919536731395124
-0.3594182602240106
-0.4545803206685109
-0.29400964078024217
-0.5323134003783597
-0.5121154754334858
-0.34754531407139244
-0.45876516933741673
-0.3248957129906229
-0.4816194014720572
-0.46553549659151444
-0.38968637813782175
-0.2876345859566703
-0.30722092169860155
-0.3808502791055465
-0.4314361830799634
-0.4253995331206915
-0.23884332541129946
-0.4737907062057227
-0.36403891546265893
-0.5308292012138855
-0.5748920190914738
-0.46833539998118257
-0.393983496789895
-0.4907258110750867
-0.3197234780537899
-0.44920340844610884
-0.393548348131466
-0.40528994208512226
-0.531401718798203
-0.5028683826197841
-0.46889528571899985
-0.39937218471636526
-0.5233664749721356
-0.39243021707562353
-0.5394958493591265
-0.4762489992849777
-0.39632308464030747
-0.4233328901660482
-0.5294364674166302
-0.3931066470216954
-0.5112366081755784
-0.5035421902166555
-0.5723298453709594
-0.3061640873949503
-0.42817778351832153
-0.29627786874764794
-0.634465821884715
-0.4316265613402988
-0.41576265863300166
-0.2847561832870049
-0.29448761857549566
-0.4840328295205752
-0.4737871718818792
-0.43434748755826147
-0.5767756761083178
-0.38280502159078983
-0.4246132921894336
-0.46707928027852574
-0.33525849656215506
-0.3973366053509559
-0.40766909918717187
-0.3108213620276918
-0.4228463684019507
-0.344813862127602
-0.43192725891303535
-0.38120635265414016
-0.4650268383501898
-0.4634761631063242
-0.28793057657767207
-0.3573553838115076
-0.4057936947425139
-0.43597209758462924
-0.33027218709196976
-0.37889839550971083
-0.2793868725851459
-0.39029508621726566
-0.3751604872250893
-0.42548529206897856
-0.4594417258715289
-0.255414095350544
-0.8105861728129506
-0.7518995509409352
-0.49036250427910366
-0.4975427379087793
-0.6917162629831584
-0.432680974184721
-0.41379643915639247
-0.4225812480380236
-0.314743810491163
-0.38071106607919053
-0.5448954208068191
-0.7686181227475642
-0.36910375216172503
-0.3619535376855593
-0.4301853940349276
-0.5164309789005268
-0.48658530251866833
-0.3688433696421482
-0.27931977753296977
-0.3793921743326075
-0.32767443375779803
-0.3503674169832129
-0.2402699090062601
-0.81031724287166
-0.6941736286844957
-0.3635010959328385
-0.194043780526213
-0.37693796144521985
-0.5659530630367304
-0.42322142299539034
-0.3754229880657666
-0.3746114353210483
-0.6105184385385309
-0.3061516078854051
-0.31773411924647027
-0.5319561618261228
-0.4891581811680192
-0.5198393152246666
-0.36569663474687647
-0.4228023721676317
-0.3547989151218242
-0.5214772715116424
-0.3804717129514534
-0.41084479267303226
-0.50800002923052
-0.46547216228963406
-0.4789431637143824