0.375
0.3181818181818182
0.4567901234567901
0.3698630136986301
0.2608695652173913
0.3559322033898305
0.4027777777777778
0.3116883116883117
0.18181818181818182
0.3384615384615385
0.36666666666666664
0.49230769230769234
0.5333333333333333
0.410958904109589
0.3484848484848485
0.4166666666666667
0.36486486486486486
0.17582417582417584
0.26666666666666666
0.43478260869565216
0.34177215189873417
0.323943661971831
0.2839506172839506
0.19811320754716982
0.2236842105263158
0.3023255813953488
0.547945205479452
0.3111111111111111
0.34210526315789475
0.25882352941176473
0.33783783783783783
0.2153846153846154
0.36764705882352944
0.3493975903614458
0.2465753424657534
0.36231884057971014
0.53125
0.39705882352941174
0.2073170731707317
0.49230769230769234
0.26582278481012656
0.4225352112676056
0.4444444444444444
0.3076923076923077
0.4090909090909091
0.25925925925925924
0.4383561643835616
0.3218390804597701
0.35714285714285715
0.2804878048780488
0.23943661971830985
0.2909090909090909
0.2987012987012987
0.2891566265060241
0.36065573770491804
0.4142857142857143
0.25287356321839083
0.45
0.3246753246753247
0.2289156626506024
0.24705882352941178
0.36065573770491804
0.4567901234567901
0.26666666666666666
0.2911392405063291
0.24615384615384617
0.3835616438356164
0.38028169014084506
0.38333333333333336
0.30337078651685395
0.43103448275862066
0.25806451612903225
0.25609756097560976
0.3384615384615385
0.38961038961038963
0.2345679012345679
0.2631578947368421
0.34375
0.2916666666666667
0.27419354838709675
0.37142857142857144
0.4225352112676056
0.27058823529411763
0.3333333333333333
0.2857142857142857
0.410958904109589
0.3157894736842105
0.36065573770491804
0.38333333333333336
0.410958904109589
0.32894736842105265
0.38333333333333336
0.34375
0.3698630136986301
0.4507042253521127
0.4444444444444444
0.38333333333333336
0.28378378378378377
0.43283582089552236
0.36764705882352944
0.33707865168539325
0.3194444444444444
0.5
0.39705882352941174
0.3048780487804878
0.3333333333333333
0.3384615384615385
0.38028169014084506
0.28205128205128205
0.25301204819277107
0.3013698630136986
0.40298507462686567
0.2597402597402597
0.3108108108108108
0.2625
0.42105263157894735
0.32098765432098764
0.20481927710843373
0.23076923076923078
0.24691358024691357
0.3783783783783784
0.4358974358974359
0.3493975903614458
0.2916666666666667
0.39473684210526316
0.27631578947368424
0.2857142857142857
0.3
0.3108108108108108
0.2911392405063291
0.2345679012345679
0.34210526315789475
0.4603174603174603
0.18181818181818182
0.2911392405063291
0.24324324324324326
0.47761194029850745
0.33783783783783783
0.2727272727272727
0.38461538461538464
0.2625
0.32051282051282054
0.23684210526315788
0.20224719101123595
0.5066666666666667
0.56
0.22972972972972974
0.28378378378378377
0.28378378378378377
0.24561403508771928
0.3068181818181818
0.367816091954023
0.4
0.4696969696969697
0.4594594594594595
0.5862068965517241
0.38333333333333336
0.3493975903614458
0.3037974683544304
0.3389830508474576
0.38333333333333336
0.38333333333333336
0.453125
0.25
0.2988505747126437
0.25
0.3108108108108108
0.4576271186440678
0.43902439024390244
0.2911392405063291
0.6176470588235294
0.421875
0.27380952380952384
0.3188405797101449
0.3384615384615385
0.43902439024390244
0.25301204819277107
0.3384615384615385
0.2828282828282828
0.43283582089552236
0.2564102564102564
0.2835820895522388
0.1827956989247312
0.3
0.40298507462686567
0.390625
0.2894736842105263
0.43902439024390244
0.38571428571428573
0.40298507462686567
0.32
0.8852459016393442
0.25
0.3181818181818182
0.390625
0.3333333333333333
0.23076923076923078
0.3108108108108108
0.4264705882352941
0.49230769230769234
0.38333333333333336
0.23423423423423423
0.2875
0.39705882352941174
0.3548387096774194
0.2911392405063291
0.40298507462686567
0.2911392405063291
0.2857142857142857
0.3548387096774194
0.18181818181818182
0.43548387096774194
0.53125
0.3170731707317073
0.421875
0.3614457831325301
0.2911392405063291
0.29213483146067415
0.28865979381443296
0.35714285714285715
0.3466666666666667
0.3424657534246575
0.36231884057971014
0.3026315789473684
0.323943661971831
0.4827586206896552
0.3076923076923077
0.4090909090909091
0.379746835443038
0.2375
0.28
0.4393939393939394
0.30864197530864196
0.453125
0.38571428571428573
0.43548387096774194
0.36470588235294116
0.40298507462686567
0.43283582089552236
0.27586206896551724
0.32941176470588235
0.34285714285714286
0.2948717948717949
0.2898550724637681
0.36764705882352944
0.22784810126582278
0.46835443037974683
0.38571428571428573
0.4225352112676056
0.38571428571428573
0.3163265306122449
0.53125
0.19117647058823528
0.21839080459770116
0.34782608695652173
0.32432432432432434
0.4032258064516129
0.27586206896551724
0.29577464788732394
0.36363636363636365
0.4507042253521127
0.4418604651162791
0.2916666666666667
0.4461538461538462
0.43636363636363634
0.34285714285714286
0.25757575757575757
0.27848101265822783
0.5
0.35714285714285715
0.5
0.2962962962962963
0.3424657534246575
0.38571428571428573
0.3698630136986301
0.2987012987012987
0.3291139240506329
0.43902439024390244
0.3333333333333333
0.2765957446808511
0.24050632911392406
0.18823529411764706
0.6521739130434783
0.27058823529411763
0.5862068965517241
0.3888888888888889
0.3333333333333333
0.1926605504587156
0.4
0.34210526315789475
0.5862068965517241
0.4225352112676056
0.3972602739726027
0.3150684931506849
0.5964912280701754
0.43548387096774194
0.3176470588235294
0.37681159420289856
0.2903225806451613
0.421875
0.2222222222222222
0.3125
0.23529411764705882
0.38333333333333336
0.38961038961038963
0.45
0.5333333333333333
0.5230769230769231
0.4666666666666667
0.35294117647058826
0.40540540540540543
0.4307692307692308
0.2727272727272727
0.2948717948717949
0.2911392405063291
0.36065573770491804
0.4225352112676056
0.49230769230769234
0.4507042253521127
0.3142857142857143
0.3103448275862069
0.484375
0.32432432432432434
0.23376623376623376
0.425
0.325
0.2987012987012987
0.6607142857142857
0.2894736842105263
0.3484848484848485
0.21518987341772153
0.39705882352941174
0.43548387096774194
0.4155844155844156
0.3472222222222222
0.19767441860465115
0.45454545454545453
0.48484848484848486
0.31868131868131866
0.2976190476190476
0.24675324675324675
0.40298507462686567
0.17777777777777778
0.6133333333333333
0.45454545454545453
0.3108108108108108
0.38571428571428573
0.32894736842105265
0.34375
0.2876712328767123
0.3783783783783784
0.27956989247311825
0.345679012345679
0.29577464788732394
0.2988505747126437
0.36231884057971014
0.3902439024390244
0.3698630136986301
0.2857142857142857
0.21348314606741572
0.352112676056338
0.2463768115942029
0.2903225806451613
0.5625
0.3783783783783784
0.6607142857142857
0.25925925925925924
0.30864197530864196
0.33766233766233766
0.3076923076923077
0.3488372093023256
0.2972972972972973
0.3950617283950617
0.35294117647058826
0.3384615384615385
0.30434782608695654
0.3508771929824561
0.25675675675675674
0.4225352112676056
0.423728813559322
0.3246753246753247
0.3424657534246575
0.34545454545454546
0.31343283582089554
0.2289156626506024
0.5230769230769231
0.35294117647058826
0.43283582089552236
0.3142857142857143
0.2911392405063291
0.421875
0.2911392405063291
0.32857142857142857
0.34177215189873417
0.26582278481012656
0.20481927710843373
0.2948717948717949
0.25
0.3181818181818182
0.4264705882352941
0.3108108108108108
0.5
0.3614457831325301
0.2631578947368421
0.28888888888888886
0.29577464788732394
0.25301204819277107
0.3880597014925373
0.36585365853658536
0.18292682926829268
0.323943661971831
0.375
0.27692307692307694
0.27710843373493976
0.4225352112676056
0.26666666666666666
0.359375
0.36065573770491804
0.53125
0.5063291139240507
0.32432432432432434
0.4461538461538462
0.2926829268292683
0.25
0.367816091954023
0.2702702702702703
0.36065573770491804
0.2987012987012987
0.2988505747126437
0.38333333333333336
0.3373493975903614
0.33707865168539325
0.5333333333333333
0.2553191489361702
0.38333333333333336
0.32098765432098764
0.46153846153846156
0.4507042253521127
0.2727272727272727
0.3424657534246575
0.2631578947368421
0.4507042253521127
0.43548387096774194
0.43859649122807015
0.358974358974359
0.35064935064935066
0.32051282051282054
0.3466666666666667
0.2878787878787879
0.41975308641975306
0.43548387096774194
0.43103448275862066
0.25806451612903225
0.43478260869565216
0.3698630136986301
0.4666666666666667
0.33766233766233766
0.3389830508474576
0.35294117647058826
0.45
0.3108108108108108
0.40298507462686567
0.5862068965517241
0.34146341463414637
0.4657534246575342
0.2909090909090909
0.28421052631578947
0.4625
0.3835616438356164
0.421875
0.2967032967032967
0.3
0.3698630136986301
0.323943661971831
0.33766233766233766
0.36065573770491804
0.21739130434782608
0.42857142857142855
0.53125
0.36363636363636365
0.32432432432432434
0.22093023255813954
0.3493975903614458
0.35714285714285715
0.40298507462686567
0.4090909090909091
0.29545454545454547
0.32558139534883723
0.2962962962962963
0.28378378378378377
0.43283582089552236
0.3698630136986301
0.32051282051282054
0.4634146341463415
0.36585365853658536
0.5357142857142857
0.3283582089552239
0.42168674698795183
0.2676056338028169
0.352112676056338
0.2777777777777778
0.34615384615384615
0.45
0.3108108108108108
0.453125
0.32051282051282054
0.3548387096774194
0.5344827586206896
0.3384615384615385
0.3424657534246575
0.39705882352941174
0.20202020202020202
0.5098039215686274
0.3023255813953488
0.17204301075268819
0.3333333333333333
0.36764705882352944
0.1643835616438356
0.3384615384615385
0.4838709677419355
0.3559322033898305
0.38571428571428573
0.3235294117647059
0.3424657534246575
0.38372093023255816
0.3684210526315789
0.3076923076923077
0.453125
0.3157894736842105
0.3698630136986301
0.34615384615384615
0.2894736842105263
0.32894736842105265
0.43902439024390244
0.3076923076923077
0.5
0.37142857142857144
0.38571428571428573
0.21505376344086022
0.27848101265822783
0.38333333333333336
0.3037974683544304
0.5230769230769231
0.3108108108108108
0.3783783783783784
0.391304347826087
0.30434782608695654
0.2909090909090909
0.3384615384615385
0.25675675675675674
0.36065573770491804
0.3037974683544304
0.2835820895522388
0.3026315789473684
0.4246575342465753
0.3424657534246575
0.3048780487804878
0.313953488372093
0.313953488372093
0.3181818181818182
0.3488372093023256
0.24242424242424243
0.23170731707317074
0.2923076923076923
0.3466666666666667
0.25806451612903225
0.5789473684210527
0.3493975903614458
0.40298507462686567
0.3287671232876712
0.3108108108108108
0.3835616438356164
0.576271186440678
0.38961038961038963
0.3855421686746988
0.6607142857142857
0.34375
0.3880597014925373
0.3373493975903614
0.3048780487804878
0.32857142857142857
0.33783783783783783
0.35064935064935066
0.34146341463414637
0.325
0.28125
0.4594594594594595
0.27586206896551724
0.3783783783783784
0.2727272727272727
0.3563218390804598
0.4166666666666667
0.37142857142857144
0.3384615384615385
0.2948717948717949
0.2976190476190476
0.22580645161290322
0.3116883116883117
0.24390243902439024
0.3684210526315789
0.43478260869565216
0.6428571428571429
0.43283582089552236
0.2909090909090909
0.2
0.27586206896551724
0.32
0.3384615384615385
0.26582278481012656
0.3188405797101449
0.30303030303030304
0.23255813953488372
0.25