-0.20582580399121075
-0.26869035574848493
-0.38883177876255104
-0.2797211097288088
-0.29724482866906665
-0.1473086777694528
-0.22494735066844748
-0.3585445829189115
-0.3595172516089045
-0.2161930634213839
-0.20357961334029503
-0.32920498692292816
-0.16967933593540357
-0.4386222713686751
-0.47054912792033626
-0.12000851996620732
-0.2298380781781071
-0.11968691499684292
-0.20617726676740974
-0.23340431379732862
-0.3135863207513758
-0.1714235089956144
-0.329218705161781
-0.3264897536411139
-0.27896196557023717
-0.41052723853395484
-0.34212810490362067
-0.1736737773339305
-0.19546711786040738
-0.14767730048660507
-0.22282110836728564
-0.42881891780284404
-0.2170557526826589
-0.22850387262495853
-0.15808334267359728
-0.3050353914639917
-0.2403386957436498
-0.19411380908791087
-0.4395598257499387
-0.3696445199706637
-0.34613893016191355
-0.35121432843192096
-0.38423831554732835
-0.27092481573812444
-0.19741602001820324
-0.25608788534297966
-0.35732822091413835
-0.21633672507002458
-0.2643324180219748
-0.35414107826579594
-0.15851565593484385
-0.22702075963631269
-0.28252852932841765
-0.3461680015165696
-0.26653295419978024
-0.343042049923199
-0.20075663848299402
-0.3139854020865097
-0.21780754316866807
-0.20742423504066249
-0.21535531241000866
-0.2283167539880134
-0.2812516200814702
-0.2199072115077952
-0.2636704272985046
-0.25440609946412096
-0.19032094289059834
-0.2255969981614688
-0.32463758644995366
-0.28107122439705434
-0.21261056030659936
-0.23672169343673144
-0.2300113494895062
-0.204496983413426
-0.2859255051820397
-0.2609054576905624
-0.26762768375526125
-0.2994675170754625
-0.2700851317000718
-0.12291703892671411
-0.2005742188315166
-0.40769685430225405
-0.192551490206916
-0.26574460809164624
-0.23349287564143187
-0.3408745628119315
-0.19425221679257065
-0.25668558806208064
-0.09792889077327321
-0.25502145255249875
-0.20847667511117132
-0.30468987900053135
-0.3913895225003467
-0.17263470627663327
-0.4082668902008777
-0.32780486183723395
-0.3182197234988246
-0.22501845853791116
-0.19670288262958024
-0.38453167926511544
-0.21700025367176135
-0.37305559994907106
-0.3738063708259561
-0.2815290742413867
-0.155790621932225
-0.26936733831920695
-0.17897970335492286
-0.11346259292766205
-0.14112223854734765
-0.2645550717587305
-0.22025570826412605
-0.4032792511191344
-0.17571458498139997
-0.45945660396076465
-0.2331113368505567
-0.3286217747090854
-0.21936170180682812
-0.25908147537153725
-0.272543951609337
-0.24143992026168473
-0.16697149795454833
-0.6703973533398708
-0.24727040343759382
-0.31453046120608785
-0.3120024261312026
-0.13704710355622846
-0.17724046892678436
-0.22392063093654238
-0.29840936500074083
-0.22681993310000179
-0.20460533327437944
-0.24177539147726052
-0.210334206013256
-0.13306258741749782
-0.3178013225429152
-0.38891231310213087
-0.26444409735673924
-0.20416282844247297
-0.22543234653554992
-0.32472666585946114
-0.219520909122115
-0.24782399149256634
-0.23337827859423915
-0.25575893408819184
-0.16790073647967757
-0.1501812316023036
-0.11876188822787473
-0.2094183129529282
-0.2717489618320888
-0.2014339397446849
-0.1257059339379167
-0.23019601834574507
-0.2607131877775208
-0.19220419437461686
-0.315068600113787
-0.44548048908844484
-0.16984751453940194
-0.18422529640524146
-0.1755603801539375
-0.22981436975856914
-0.2525253116574744
-0.16129539085622854
-0.1590317709775069
-0.182999475250557
-0.4092321648651985
-0.19917156019061338
-0.19917439231841055
-0.19428208540506497
-0.1384383844884951
-0.20758441274725706
-0.12618170425635628
-0.24874919864823547
-0.1754651843608109
-0.17811135163713387
-0.47525253034577464
-0.22577340122488415
-0.16207202971326823
-0.20487529406397087
-0.1507572159080376
-0.2502620007280522
-0.37851664733771584
-0.17247896185711478
-0.17863448946063779
-0.23763660567462555
-0.19764432177972413
-0.17990281702815963
-0.18202996138298563
-0.40496922566648097
-0.12906738756623243
-0.2805925494960292
-0.3425647222351424
-0.2347817971879488
-0.2741113650944687
-0.19938128108392153
-0.14872171254620964
-0.21964342725108954
-0.1605053786567987
-0.22795005767687812
-0.18034420992066733
-0.3868032145573027
-0.3079021874917091
-0.16361324214403414
-0.2741135435466024
-0.1913858146039019
-0.2993661909153644
-0.30442306196689645
-0.3606207015926328
-0.2670945905971179
-0.3136588002402186
-0.3937391953745547
-0.28975791060993017
-0.17817267796065908
-0.16828779656201756
-0.26809961466369714
-0.36737335848000824
-0.3043547189073067
-0.16151813273510723
-0.15502055585194546
-0.19541881614526788
-0.29445067687837817
-0.09701206285975657
-0.2308934425676157
-0.2310191883213665
-0.16372609705939908
-0.2696496529272901
-0.28955556903206
-0.12313011640393744
-0.2387936415992265
-0.30633637249744583
-0.27720836686670275
-0.2399617850026261
-0.1238153691643986
-0.2346719290552732
-0.33514676748475203
-0.10002604685251819
-0.1896202638287968
-0.1303095662815627
-0.29889085219928957
-0.22329348453002182
-0.13367249083361962
-0.4565827934199492
-0.21692356678978705
-0.20528050999800831
-0.2018701184596125
-0.3029598583661321
-0.28120822388784156
-0.1995547015899414
-0.1456839865331583
-0.16209481459045172
-0.3005371372181828
-0.23854827447396124
-0.19026483503483013
-0.2806322385633081
-0.20326767698141976
-0.2800700428557723
-0.5000820442816892
-0.3760461640538069
-0.19898135412158705
-0.3628718602735524
-0.3890613037262798
-0.25656128675881634
-0.25341250890044015
-0.3734819870891984
-0.33338512381887386
-0.222442142988332
-0.19767093505237004
-0.29070767175535583
-0.38753438370450666
-0.22796231842909598
-0.3179004247477144
-0.2073033987828403
-0.0929145086560955
-0.2474300197112143
-0.21048647171395765
-0.29724337257994393
-0.31068970370569754
-0.2546850347364353
-0.20754207322583676
-0.4157883571142147
-0.18181434760672008
-0.22654687670707574
-0.14422739849816382
-0.23239399502413066
-0.20194908993669916
-0.36217389423943636
-0.13741332075119717
-0.22016936224741218
-0.14702294235136631
-0.2799950001353364
-0.27702125673730593
-0.2306538446013442
-0.23870597935059068
-0.15738073257008856
-0.20665285440759856
-0.30307047959837347
-0.28729001825034894
-0.15873670577190324
-0.27452812912629837
-0.23090443000630081
-0.15034549472809627
-0.42091980174597055
-0.2573065863257
-0.40233901494728597
-0.20820975342961107
-0.2660203650664336
-0.2509237270836083
-0.16311397342740733
-0.2501552205348084
-0.17607041652700134
-0.20755856265499847
-0.376247460076762
-0.34658212624471835
-0.1536158589573104
-0.21650479831252656
-0.27513508056189645
-0.3262467021190317
-0.21183178705251038
-0.1467471243724155
-0.2628030917775656
-0.21057164309550488