0.2549019607843137
0.2537313432835821
0.3333333333333333
0.3411764705882353
0.19230769230769232
0.1743119266055046
0.2804878048780488
0.2708333333333333
0.3
0.39705882352941174
0.35064935064935066
0.3972602739726027
0.3625
0.2079207920792079
0.4838709677419355
0.16
0.4
0.576271186440678
0.46551724137931033
0.35384615384615387
0.17045454545454544
0.5918367346938775
0.26865671641791045
0.4492753623188406
0.2894736842105263
0.3918918918918919
0.24285714285714285
0.2619047619047619
0.44871794871794873
0.3333333333333333
0.3611111111111111
0.24271844660194175
0.31868131868131866
0.28169014084507044
0.23333333333333334
0.16853932584269662
0.3972602739726027
0.29069767441860467
0.23008849557522124
0.3125
0.39344262295081966
0.2692307692307692
0.4647887323943662
0.5571428571428572
0.13953488372093023
0.22522522522522523
0.4305555555555556
0.4166666666666667
0.3424657534246575
0.3333333333333333
0.38666666666666666
0.29213483146067415
0.32142857142857145
0.19230769230769232
0.3563218390804598
0.275
0.4461538461538462
0.3048780487804878
0.2903225806451613
0.2857142857142857
0.3064516129032258
0.2911392405063291
0.3684210526315789
0.36619718309859156
0.28
0.16483516483516483
0.4032258064516129
0.29213483146067415
0.3333333333333333
0.4264705882352941
0.30666666666666664
0.42424242424242425
0.42
0.32608695652173914
0.16666666666666666
0.3188405797101449
0.2876712328767123
0.17391304347826086
0.3181818181818182
0.2753623188405797
0.20408163265306123
0.29069767441860467
0.2911392405063291
0.3037974683544304
0.45714285714285713
0.23655913978494625
0.2916666666666667
0.33783783783783783
0.3333333333333333
0.2898550724637681
0.5352112676056338
0.1919191919191919
0.25510204081632654
0.41333333333333333
0.2727272727272727
0.28735632183908044
0.2753623188405797
0.3698630136986301
0.2535211267605634
0.2916666666666667
0.2962962962962963
0.2875
0.4246575342465753
0.4
0.2976190476190476
0.7611940298507462
0.23809523809523808
0.3548387096774194
0.2948717948717949
0.32051282051282054
0.2894736842105263
0.2361111111111111
0.26732673267326734
0.18292682926829268
0.3150684931506849
0.4305555555555556
0.88
0.37037037037037035
0.39655172413793105
0.3382352941176471
0.26595744680851063
0.36904761904761907
0.23300970873786409
0.13793103448275862
0.3411764705882353
0.32051282051282054
0.2988505747126437
0.3592233009708738
0.44155844155844154
0.31
0.2736842105263158
0.3333333333333333
0.5774647887323944
0.3333333333333333
0.23076923076923078
0.3088235294117647
0.38333333333333336
0.527027027027027
0.4714285714285714
0.46774193548387094
0.21649484536082475
0.4606741573033708
0.18823529411764706
0.32432432432432434
0.4027777777777778
0.4117647058823529
0.5522388059701493
0.3472222222222222
0.28205128205128205
0.3380281690140845
0.4666666666666667
0.32456140350877194
0.38028169014084506
0.24675324675324675
0.29850746268656714
0.1827956989247312
0.2857142857142857
0.2698412698412698
0.2602739726027397
0.5294117647058824
0.17708333333333334
0.1919191919191919
0.3263157894736842
0.375
0.296875
0.5714285714285714
0.35443037974683544
0.2804878048780488
0.22772277227722773
0.4166666666666667
0.40963855421686746
0.3333333333333333
0.3188405797101449
0.3614457831325301
0.24770642201834864
0.19298245614035087
0.410958904109589
0.24705882352941178
0.5
0.37333333333333335
0.3898305084745763
0.16216216216216217
0.4105263157894737
0.31645569620253167
0.36363636363636365
0.38461538461538464
0.30434782608695654
0.4533333333333333
0.46987951807228917
0.3698630136986301
0.3918918918918919
0.2967032967032967
0.4714285714285714
0.4418604651162791
0.17204301075268819
0.4594594594594595
0.38271604938271603
0.32978723404255317
0.47368421052631576
0.1282051282051282
0.28846153846153844
0.45161290322580644
0.4027777777777778
0.3448275862068966
0.6190476190476191
0.18269230769230768
0.4266666666666667
0.4032258064516129
0.32857142857142857
0.43283582089552236
0.3835616438356164
0.2926829268292683
0.14606741573033707
0.3333333333333333
0.3684210526315789
0.23376623376623376
0.20408163265306123
0.2988505747126437
0.725
0.3058823529411765
0.34615384615384615
0.20224719101123595
0.313953488372093
0.3815789473684211
0.3466666666666667
0.45977011494252873
0.38666666666666666
0.3333333333333333
0.36
0.21428571428571427
0.15384615384615385
0.42105263157894735
0.44871794871794873
0.2916666666666667
0.33783783783783783
0.36231884057971014
0.8947368421052632
0.20618556701030927
0.26136363636363635
0.37362637362637363
0.47692307692307695
0.3064516129032258
0.5087719298245614
0.19387755102040816
0.40425531914893614
0.3225806451612903
0.6142857142857143
0.2923076923076923
0.23076923076923078
0.32
0.35
0.29213483146067415
0.32098765432098764
0.2631578947368421
0.25842696629213485
0.39473684210526316
0.29333333333333333
0.35365853658536583
0.43023255813953487
0.42168674698795183
0.43902439024390244
0.3950617283950617
0.4931506849315068
0.19047619047619047
0.26595744680851063
0.3711340206185567
0.375
0.1511627906976744
0.3037974683544304
0.27848101265822783
0.2988505747126437
0.4852941176470588
0.49333333333333335
0.34177215189873417
0.16216216216216217
0.3611111111111111
0.38095238095238093
0.4533333333333333
0.1774193548387097
0.35802469135802467
0.3804347826086957
0.2638888888888889
0.3157894736842105
0.4098360655737705
0.38596491228070173
0.16
0.2358490566037736
0.42857142857142855
0.36
0.45454545454545453
0.3
0.2926829268292683
0.42028985507246375
0.4430379746835443
0.25
0.17045454545454544
0.3013698630136986
0.47368421052631576
0.3150684931506849
0.4264705882352941
0.21212121212121213
0.4794520547945205
0.27692307692307694
0.15384615384615385
0.3037974683544304
0.47619047619047616
0.3974358974358974
0.3787878787878788
0.20408163265306123
0.31868131868131866
0.3055555555555556
0.43243243243243246
0.6615384615384615
0.5789473684210527
0.358974358974359
0.2619047619047619
0.43529411764705883
0.32894736842105265
0.4675324675324675
0.5064935064935064
0.30434782608695654
0.38461538461538464
0.43243243243243246
0.14942528735632185
0.35064935064935066
0.30303030303030304
0.3563218390804598
0.4246575342465753
0.4032258064516129
0.34375
0.1686746987951807
0.2608695652173913
0.3380281690140845
0.4647887323943662
0.3333333333333333
0.37142857142857144
0.29245283018867924
0.23469387755102042
0.23404255319148937
0.5294117647058824
0.3246753246753247
0.5172413793103449
0.2839506172839506
0.14285714285714285
0.3492063492063492
0.2727272727272727
0.5373134328358209
0.6142857142857143
0.29069767441860467
0.24770642201834864
0.4605263157894737
0.18269230769230768
0.3125
0.42028985507246375
0.25301204819277107
0.21739130434782608
0.2647058823529412
0.3382352941176471
0.1650485436893204
0.3835616438356164
0.3125
0.3253012048192771
0.42028985507246375
0.38271604938271603
0.23076923076923078
0.2676056338028169
0.3384615384615385
0.3974358974358974
0.4155844155844156
0.32098765432098764
0.4090909090909091
0.410958904109589
0.34210526315789475
0.3076923076923077
0.9047619047619048
0.38461538461538464
0.38095238095238093
0.2898550724637681
0.39285714285714285
0.34285714285714286
0.4659090909090909
0.5064935064935064
0.3176470588235294
0.3037974683544304
0.38372093023255816
0.4666666666666667
0.4772727272727273
0.22340425531914893
0.16470588235294117
0.4
0.39705882352941174
0.32894736842105265
0.20192307692307693
0.15789473684210525
0.38235294117647056
0.16216216216216217
0.4
0.3291139240506329
0.375
0.48
0.14606741573033707
0.37681159420289856
0.22058823529411764
0.2823529411764706
0.35802469135802467
0.25
0.3472222222222222
0.3176470588235294
0.3411764705882353
0.28735632183908044
0.4166666666666667
0.26881720430107525
0.2857142857142857
0.3473684210526316
0.6744186046511628
0.4492753623188406
0.5102040816326531
0.2535211267605634
0.352112676056338
0.3076923076923077
0.1348314606741573
0.3939393939393939
0.47619047619047616
0.1411764705882353
0.3170731707317073
0.4772727272727273
0.4155844155844156
0.38028169014084506
0.3269230769230769
0.2753623188405797
0.22666666666666666
0.5394736842105263
0.375
0.37037037037037035
0.20930232558139536
0.6666666666666666
0.43902439024390244
0.30952380952380953
0.4027777777777778
0.4057971014492754
0.2682926829268293
0.2976190476190476
0.36585365853658536
0.4915254237288136
0.21686746987951808
0.32432432432432434
0.31521739130434784
0.3783783783783784
0.3387096774193548
0.37209302325581395
0.25333333333333335
0.36904761904761907
0.23300970873786409
0.2967032967032967
0.18292682926829268
0.3125
0.29850746268656714
0.14772727272727273
0.35526315789473684
0.46835443037974683
0.5757575757575758
0.45652173913043476
0.34
0.33766233766233766
0.4383561643835616
0.4146341463414634
0.29411764705882354
0.5194805194805194
0.3448275862068966
0.4032258064516129
0.2702702702702703
0.1411764705882353
0.37142857142857144
0.23636363636363636
0.17204301075268819
0.24
0.2878787878787879
0.25
0.35064935064935066
0.24444444444444444
0.2638888888888889
0.28205128205128205
0.17894736842105263
0.15
0.35714285714285715
0.3448275862068966
0.2967032967032967
0.4084507042253521
0.3157894736842105
0.18699186991869918
0.21176470588235294
0.3492063492063492
0.390625
0.3472222222222222
0.39080459770114945
0.34615384615384615
0.6190476190476191
0.4142857142857143
0.39344262295081966
0.4942528735632184
0.6507936507936508
0.6666666666666666
0.34523809523809523
0.48717948717948717
0.4074074074074074
0.3333333333333333
0.2976190476190476
0.4067796610169492
0.3125
0.5301204819277109
0.22772277227722773
0.21311475409836064
0.3048780487804878
0.34328358208955223
0.14285714285714285
0.4411764705882353
0.375
0.2948717948717949
0.3333333333333333
0.28169014084507044
0.16666666666666666
0.30303030303030304
0.35443037974683544
0.2828282828282828
0.3855421686746988
0.29333333333333333
0.23376623376623376
0.35064935064935066
0.4482758620689655
0.3382352941176471
0.3793103448275862
0.14942528735632185
0.2631578947368421
0.3333333333333333
0.37333333333333335
0.3783783783783784
0.25252525252525254
0.3611111111111111
0.39285714285714285
0.3888888888888889
0.33766233766233766
0.4642857142857143
0.28735632183908044
0.639344262295082
0.8421052631578947
0.3013698630136986
0.39285714285714285
0.5
0.28
0.3939393939393939
0.2903225806451613
0.425
0.30864197530864196
0.16161616161616163
0.3561643835616438
0.32894736842105265
0.16666666666666666
0.2857142857142857
0.3283582089552239
0.12359550561797752
0.21212121212121213
0.20408163265306123
0.2891566265060241
0.45
0.2823529411764706
0.4576271186440678
0.3783783783783784
0.42857142857142855
0.3125
0.2872340425531915
0.37662337662337664
0.5238095238095238
0.40963855421686746
0.16304347826086957
0.352112676056338
0.3068181818181818
0.5352112676056338
0.3493975903614458
0.25
0.35135135135135137
0.3137254901960784
0.390625
0.32142857142857145
0.29411764705882354
0.2875
0.4
0.14285714285714285
0.2823529411764706
0.5443037974683544
0.352112676056338
0.24489795918367346
0.1724137931034483
0.2878787878787879
0.15384615384615385
0.16666666666666666
0.1511627906976744
0.1978021978021978
0.20481927710843373
0.3924050632911392
0.422680412371134
0.29411764705882354
0.425
0.36507936507936506
0.3170731707317073
0.17391304347826086
0.29411764705882354
0.2553191489361702
0.3709677419354839
0.18446601941747573
0.391304347826087
0.32926829268292684
0.3372093023255814
0.5238095238095238
0.3698630136986301
0.3333333333333333
0.2988505747126437
0.2898550724637681
0.4266666666666667
0.3561643835616438
0.3924050632911392
0.27472527472527475
0.234375
0.3563218390804598
0.29850746268656714
0.359375
0.1590909090909091
0.3055555555555556
0.2926829268292683
0.27692307692307694
0.4
0.3516483516483517
0.29577464788732394
0.35294117647058826
0.30337078651685395
0.3870967741935484
0.35384615384615387
0.24719101123595505
0.22077922077922077
0.20689655172413793
0.14102564102564102
0.2872340425531915
0.23943661971830985
0.45
0.29069767441860467
0.43023255813953487
0.2875
0.2987012987012987
0.19753086419753085
0.3170731707317073
0.4426229508196721
0.5522388059701493
0.2676056338028169
0.3055555555555556
0.2716049382716049
0.6111111111111112
0.3125
0.4148936170212766
0.3472222222222222
0.5058823529411764
0.38636363636363635
0.3644859813084112
0.42857142857142855
0.23809523809523808
0.19791666666666666
0.4657534246575342
0.34831460674157305
0.18604651162790697
0.4264705882352941
0.2777777777777778
0.29069767441860467
0.19791666666666666
0.4084507042253521
0.3786407766990291
0.42857142857142855
0.35135135135135137
0.2976190476190476
0.3188405797101449
0.5671641791044776
0.2839506172839506
0.6666666666666666
0.42857142857142855
0.2857142857142857
0.16
0.26582278481012656
0.21875
0.34831460674157305
0.2716049382716049
0.2982456140350877
0.25
0.3880597014925373
0.32432432432432434
0.5172413793103449
0.2857142857142857
0.21212121212121213
0.1375
0.3670886075949367
0.42028985507246375
0.4533333333333333
0.37142857142857144
0.5060240963855421
0.4074074074074074
0.2808988764044944
0.864406779661017
0.38961038961038963
0.36507936507936506
0.29545454545454547
0.36363636363636365
0.375
0.30666666666666664
0.35135135135135137
0.3188405797101449
0.3142857142857143
0.5571428571428572
0.15730337078651685
0.17045454545454544
0.2535211267605634
0.33962264150943394
0.813953488372093
0.313953488372093
0.345679012345679
0.3157894736842105
0.2840909090909091
0.14285714285714285
0.2839506172839506
0.3424657534246575
0.4044943820224719
0.4482758620689655
0.14942528735632185
0.28378378378378377
0.27058823529411763
0.40425531914893614
0.3246753246753247
0.47761194029850745
0.3763440860215054
0.4861111111111111
0.3582089552238806
0.358974358974359
0.21649484536082475
0.3118279569892473
0.3275862068965517
0.24285714285714285
0.22641509433962265
0.2328767123287671
0.2786885245901639
0.5753424657534246
0.38961038961038963
0.20930232558139536
0.3333333333333333
0.24761904761904763
0.32558139534883723
0.25
0.32894736842105265
0.2804878048780488
0.4057971014492754
0.34210526315789475
0.35
0.3132530120481928
0.2391304347826087
0.2125
0.358974358974359
0.2948717948717949
0.5774647887323944
0.3170731707317073
0.4117647058823529
0.5636363636363636
0.35443037974683544
0.27941176470588236
0.3333333333333333
0.3116883116883117
0.569620253164557
0.38271604938271603
0.34615384615384615
0.3953488372093023
0.1511627906976744
0.16326530612244897
0.5428571428571428
0.24242424242424243
0.36
0.3
0.18811881188118812
0.4426229508196721
0.36363636363636365
0.352112676056338
0.425531914893617
0.3125
0.37333333333333335
0.21739130434782608
0.3333333333333333
0.2926829268292683
0.32926829268292684
0.1919191919191919
0.34328358208955223
0.31645569620253167
0.3442622950819672
0.3283582089552239
0.40229885057471265
0.2159090909090909
0.4318181818181818
0.3125
0.45054945054945056
0.425531914893617
0.37362637362637363
0.22857142857142856
0.3411764705882353
0.21359223300970873
0.5915492957746479
0.40384615384615385
0.3557692307692308
0.4444444444444444
0.3466666666666667
0.32432432432432434
0.3888888888888889
0.42028985507246375
0.44155844155844154
0.375
0.3431372549019608
0.27941176470588236
0.8412698412698413
0.5172413793103449
0.35294117647058826
0.2972972972972973
0.19801980198019803
0.1885245901639344
0.3709677419354839
0.17045454545454544
0.32
0.3026315789473684
0.2857142857142857
0.23300970873786409
0.3258426966292135
0.41025641025641024
0.34782608695652173
0.34615384615384615
0.5915492957746479
0.32926829268292684
0.3181818181818182
0.34615384615384615
0.8571428571428571
0.4074074074074074
0.21505376344086022
0.24444444444444444
0.35064935064935066
0.20754716981132076
0.33783783783783783
0.323943661971831
0.3472222222222222
0.3125
0.22580645161290322
0.5172413793103449
0.3472222222222222
0.37681159420289856
0.5
0.26666666666666666
0.2727272727272727
0.13793103448275862
0.7777777777777778
0.375
0.4772727272727273
0.3142857142857143
0.4603174603174603
0.20652173913043478
0.25
0.23376623376623376
0.4225352112676056