0.33962264150943394
0.5074626865671642
0.6164383561643836
0.4745762711864407
0.5882352941176471
0.47692307692307695
0.4857142857142857
0.8
0.46875
0.44776119402985076
0.46875
0.7142857142857143
0.36764705882352944
0.4507042253521127
0.4857142857142857
0.9272727272727272
0.7121212121212122
0.8524590163934426
0.3888888888888889
0.46808510638297873
0.4507042253521127
0.35384615384615387
0.32432432432432434
0.5454545454545454
0.5423728813559322
0.35384615384615387
0.6571428571428571
0.734375
0.352112676056338
0.5384615384615384
0.3108108108108108
0.4838709677419355
0.46875
0.6212121212121212
0.29333333333333333
0.3108108108108108
0.6081081081081081
0.6065573770491803
0.4
0.3
0.6865671641791045
0.6829268292682927
0.5517241379310345
0.4722222222222222
0.46875
0.2753623188405797
0.647887323943662
0.7647058823529411
0.36065573770491804
0.4927536231884058
0.3787878787878788
0.515625
0.4142857142857143
0.32432432432432434
0.4492753623188406
0.4507042253521127
0.4393939393939394
0.39215686274509803
0.6896551724137931
0.875
0.46875
0.625
0.4936708860759494
0.7317073170731707
0.4931506849315068
0.36923076923076925
0.3968253968253968
0.352112676056338
0.4727272727272727
0.68
0.29310344827586204
0.3188405797101449
0.373134328358209
0.49295774647887325
0.36363636363636365
0.75
0.647887323943662
0.6716417910447762
0.5357142857142857
0.7192982456140351
0.3157894736842105
0.36065573770491804
0.46875
0.4528301886792453
0.4507042253521127
0.6197183098591549
0.6617647058823529
0.5
0.7213114754098361
0.6617647058823529
0.7586206896551724
0.49230769230769234