-0.3384645042267818
-0.19639897007140633
-0.26216985100831824
-0.37408013173575666
-0.22674501637729927
-0.13443899541159543
-0.1703872682399421
-0.3520092618091255
-0.23124609261022872
-0.16376593256348035
-0.36221209339117566
-0.20439362560594343
-0.33876368320888633
-0.16379087236451978
-0.20101961950556838
-0.3181200300475956
-0.1987080997748886
-0.41608174260743513
-0.18785793138264906
-0.5553260951452859
-0.20775181529519235
-0.30616093329632665
-0.27203220961475455
-0.1705024527572713
-0.25167627542118254
-0.41991020738462337
-0.1969436056742537
-0.1347602518344951
-0.23270354774970092
-0.1491474291264685
-0.35032809947738586
-0.46726761917750537
-0.281316477144779
-0.41785369752004997
-0.35649015929345457
-0.1970828777449545
-0.23683269344102817
-0.1529036083231786
-0.29382547083003807
-0.1975166570856258
-0.17982964507162483
-0.16607514402393544
-0.16741398841436528
-0.12578532021433686
-0.2141660157237933
-0.4472190508386117
-0.26594401335456885
-0.2579124278790911
-0.3306467577945398
-0.38174018967407
-0.3687865364352312
-0.36186732497473756
-0.21829013078579243
-0.22123740593355024
-0.17864802147965722
-0.29166385551037816
-0.31081351229136905
-0.4294707374403111
-0.22845375917612173
-0.3601518123616074
-0.17680363883313097
-0.19167150654528178
-0.23492077994293747
-0.2601660363878307
-0.22809625919693957
-0.09884877745930112
-0.2374100325565722
-0.13354904290113362
-0.2333564932962601
-0.2702550943766998
-0.31690873202275016
-0.24379199208575958
-0.3121541385549598
-0.3870673072216704
-0.15424615237864572
-0.32625950657304786
-0.4207455832009791
-0.2891619944120857
-0.1228611031486911
-0.24191688848086706
-0.17482158091448988
-0.25548826411665954
-0.4857962157474175
-0.3506064387037554
-0.1939018180786946
-0.23553860764583917
-0.18406177731408885
-0.40635708061111303
-0.2805785098788828
-0.18338895504217792
-0.1674872197866516
-0.19850150548258644
-0.3199105403899516
-0.2507735065750892
-0.543709648207058
-0.26191370708488093
-0.3747478813102921
-0.49991499993184846
-0.1317921221892636
-0.21383840818121533
-0.3406762075727257
-0.30544860173619426
-0.15313479865251842
-0.45233847185786374
-0.2392002133852126
-0.21082260801523192
-0.16997635390454266
-0.37173613145787643
-0.27016191116657184
-0.27435877761684146
-0.29844775158895315
-0.14786552216417773
-0.3573808175637608
-0.1872634332364147
-0.3115041704425122
-0.18440113967712765
-0.17084907001000083
-0.5128396018874127
-0.23032427432995944
-0.17387744269057445
-0.4051442660522147
-0.24116327373487204
-0.26844121023214645
-0.3491355687411154
-0.1848924646689844
-0.251979277319553
-0.30290607036901446
-0.16072564615073898
-0.10653554399880753
-0.32200458572157165
-0.3454906250728673
-0.3038324436446597
-0.3343650318798147
-0.25954747704761005
-0.35209962815965484
-0.26730067482346986
-0.2563136838976766
-0.1846601453898396
-0.21075436462892713
-0.23560993241254893
-0.36058708387384736
-0.3951826247981184
-0.30548453640016016
-0.3663203654046154
-0.21825800048688906
-0.31869444099041383
-0.3937733596964048
-0.19133872878280064
-0.21247489086109292
-0.23121976260017899
-0.5618396605637924
-0.27531632874509376
-0.30906848728704567
-0.16153438085721997
-0.15708652665385336
-0.4766618954970535
-0.3372920769021816
-0.12171868710234107
-0.17704640594043042
-0.3910262560658729
-0.23829674348580712
-0.3029267181383074
-0.3277413059327476
-0.28314000942032747
-0.18275433679220232
-0.24764468379582993
-0.27430887252905123
-0.2807484773734359
-0.1993077370825854
-0.2642094638196875
-0.30178704892696995
-0.3387073773537814
-0.22759360356213434
-0.18827890928365243
-0.29523594130820485
-0.2376391994209257
-0.2879589050690676
-0.47532310110312925
-0.15628066903451115
-0.4587119733206118
-0.2501359571133458
-0.33345711793797955
-0.23316524351534218
-0.28911884361049855
-0.2574287504413775
-0.3492612875164812
-0.47736138110551773
-0.27094990539602665
-0.21849242550067663
-0.2301873078807532
-0.2526283100128921
-0.27820211885082796
-0.15955163575684578
-0.1585436283032198
-0.3695666322871116
-0.21423548559871533
-0.44322780957121233
-0.5222750902536669
-0.2983607117874828
-0.33746529566133376
-0.2764585143230216
-0.29088399475589766
-0.2553246539104983
-0.22450479871645257
-0.2783559200529656
-0.2555377149720065
-0.25944692586592205
-0.186811774093806
-0.4013457563505026
-0.3151196666052911
-0.23211517977552462
-0.22938643016434732
-0.31051354447660606
-0.35452121127648845
-0.38933999410300996
-0.24519351977579035
-0.19718577548706703
-0.15056729598212268
-0.18764215391229708
-0.13443856170925486
-0.17895988081559178
-0.22540873874352646
-0.5711025757524045
-0.4327705611772884
-0.3636994726480339
-0.22973875715911068
-0.20269270288817343
-0.2711555456748309
-0.275564607523126
-0.09732452593475724
-0.31884391788521127
-0.19635114362019823
-0.4339677316123107
-0.18329256878374608
-0.2268305015561637
-0.31273026906055534
-0.13226444857637476
-0.2984994992648353
-0.23658663404484553
-0.26240352527977845
-0.2031856542243146
-0.2789569258307621
-0.35039415201480295
-0.2388797913785794
-0.2537512178063218
-0.2684064542737851
-0.19572172782949732
-0.20041015205829169
-0.3906870150629355
-0.17161781583924532
-0.2503529583761546
-0.1673681828226708
-0.43790959651863837
-0.26918923409583184
-0.20159609411168983
-0.22587286311348176
-0.2625700237884483
-0.32200746299562677
-0.24685231305244298
-0.3267411400726996
-0.07058768302410318
-0.20045330744969192
-0.20750805214017592
-0.3895867953703119
-0.20006150392775374
-0.13587609175532406
-0.18718390046814387
-0.37933568296798237
-0.34283220345004944
-0.19018831322737664
-0.3172121715639009
-0.1496421791549527
-0.15962868968401306
-0.2973559707595366
-0.24778378654663527
-0.23810071963207546
-0.2805986016250369
-0.25778887034381326
-0.16583621178690858
-0.286999706867952
-0.25211793718827
-0.2940039869677026
-0.35887509754097285
-0.2885159020560824
-0.4185656117702157
-0.2155013618723026
-0.18393783780083023
-0.24667741218232064
-0.3668170434029717
-0.25019186182773956
-0.20211381044597082
-0.26184398821786203
-0.1774441263487556
-0.29280254744833784
-0.3320571136048151
-0.3843196934826345
-0.18983594960718583
-0.23993425538996002
-0.1039557673977139
-0.22556132201593282
-0.18688227562132956
-0.17043999515073588
-0.21124390808702903
-0.2744931982358098
-0.3608740164720869
-0.2590859861215929
-0.32134692235916623
-0.2434962199400239
-0.2181631709776494
-0.282411915171871
-0.2147267416953231
-0.15168175266002046
-0.14657301818204335
-0.1976310852642657
-0.32471450279800745
-0.27091349579483875
-0.2880586486480563
-0.18760329927125802
-0.3125766942366397
-0.18363463827895454