-0.5318909654954267
-0.4207116271911055
-0.41628879391061424
-0.3211268657489143
-0.30176994206156993
-0.49941520101809544
-0.6662678679612537
-0.3210820029687939
-0.4805644128170997
-0.29657348880530665
-0.3056605981921324
-0.38344663112884697
-0.32939248938720095
-0.27066197772424505
-0.4635942855640878
-0.3545029014224899
-0.39783267804359285
-0.30672699381272195
-0.30316759158136214
-0.3021959089681256
-0.43942254342701936
-0.5757393713929803
-0.4610940657415225
-0.37891611855627616
-0.5669439316614936
-0.328342409822594
-0.3610563026375074
-0.4662493320527013
-0.4019142883138009
-0.5115778464327463
-0.4499113575865953
-0.24591888523475092
-0.287250243977097
-0.275491113819288
-0.2802877454876632
-0.4662743840358573
-0.4002496492250221
-0.38061516583322375
-0.3046710018031668
-0.3763369744533315
-0.24095133100130958
-0.287424570202428
-0.46295945306133884
-0.37181146880323657
-0.34366657815047974
-0.2683257143915481
-0.3401674780829193
-0.27325002177883
-0.2391169573082791
-0.3843460398070757
-0.4396997823329717
-0.3128831924131661
-0.2783547733513261
-0.38566407674469166
-0.5172584165243279
-0.24549220544292394
-0.2109421279090472
-0.33698400797300604
-0.2641587340386232
-0.6427844578627396
-0.537180596057606
-0.28628404694529985
-0.287604688010221
-0.4203553220273856
-0.276227407632545
-0.32016877345022826
-0.3789907667562947
-0.5592859543286003
-0.3756484213199599
-0.39749359966253817
-0.39001845090843323
-0.2104344179366209
-0.46295442621801447
-0.50697968267536
-0.2650091479361052
-0.39953704507999116
-0.2553348681213632
-0.37352347761815535
-0.26704231981497734
-0.47306456156026494
-0.44797142111358856
-0.3189263402162401
-0.375948865986719
-0.46917850124555627
-0.3965263622865439
-0.3493102906265428
-0.23841209131958735
-0.2167493169463062
-0.36976932912176974
-0.31148138149561627
-0.3193059869896386
-0.2868786454334494
-0.328420401760159
-0.37641755761933365
-0.3165710371709044
-0.2565677235879307
-0.30650118480922
-0.4438278674388668
-0.24537431001070545
-0.32251792200399426
-0.22406347584751266
-0.3687979984829627
-0.5461115131988424
-0.38102359277800907
-0.435747667474501
-0.33314750059202636
-0.5536855259759506
-0.4334626303068278
-0.6415338745038652
-0.3886598656663707
-0.2675622523616392
-0.4273825948897866
-0.5519902484488931
-0.39466336974201055
-0.4025253884944614
-0.44760770818370826
-0.26964671939951285
-0.35340470515582323
-0.2942709314502523
-0.35512595012877524
-0.33567842615840426
-0.3272610623686453
-0.35965595247145027
-0.4203760011949078
-0.3989631527230405
-0.46259512127834057
-0.3895812950961339
-0.440802865004186
-0.3819391380277264
-0.42051384294925886
-0.3994226779387723
-0.466310863941205
-0.3134440961885193
-0.318040374211237
-0.19847989906647628
-0.32338138513711
-0.3655381433998339
-0.293852840941373
-0.33100737266234237
-0.2803274865529117
-0.38613788242520886
-0.3042319874775521
-0.44029626420157675
-0.8338058704199875
-0.31366974865643027
-0.306455161614844
-0.28461880091806857
-0.8005413799657527
-0.34772724840146885
-0.23270710477040263
-0.3347991443107336
-0.33761194763854074
-0.39887563109240937
-0.26766182175633557
-0.5945071271564448
-0.44457984243384574
-0.3694619575865555
-0.3239475163890329
-0.39969009243886816
-0.6189569577283691
-0.6381157779145447
-0.4103568775826296
-0.334253398723547
-0.4197314259922587
-0.360909855887985
-0.31863686300747773
-0.4866916905219053
-0.2439783837667411
-0.5228079592720055
-0.34280101372286753
-0.2942276534635477
-0.32504511254184615
-0.3187617078366283
-0.3801055249556125
-0.2938969335282944
-0.5273469433538989
-0.38727969877913876
-0.2885557497820953
-0.4451135791054634
-0.36902671183849783
-0.26994575425981504
-0.22753822767164592
-0.46674470299102605
-0.5319175733500286
-0.3502149071545482
-0.49906801170800436
-0.32228013845926995
-0.3502968826355333
-0.3869507445385388
-0.3489811074229814
-0.3948852959350916
-0.42214714046308877
-0.28340989333872574
-0.45035814120730555
-0.3364644432836346
-0.30499346834363905
-0.384104465705501
-0.21962027069654522
-0.4774958536981346
-0.40619160378380187
-0.3876504393360136
-0.4540288760985959
-0.5993788256309927
-0.5148828045676871
-0.1918728447102724
-0.3634960936960422
-0.35215939034871085
-0.39635374150106156
-0.2973764514355493
-0.4651849903403118
-0.3468254070168688
-0.3999922974727234
-0.28205883735671194
-0.3728163025065504
-0.36048850364702745
-0.23727292312061055
-0.33876039466293867
-0.3797004097616861
-0.3762657110305554
-0.25984612311025923
-0.3679080685946932
-0.6926618068315572
-0.4372627136619151
-0.4994744986647477
-0.507073808158907
-0.23396486914487827
-0.33673381554781645
-0.347711030581334
-0.2939546713151113
-0.4680583600337698
-0.37587093454462267
-0.487392774859051
-0.21554814646515283
-0.37827717485936185
-0.35857486678940353
-0.5178074220584806
-0.30605106977977076
-0.2743314923950455
-0.30367522090011995
-0.2787356767117495
-0.43902190655765144
-0.3755552402037722
-0.3436997865309054
-0.2501987882295919
-0.38669185275036777
-0.2518902642337457
-0.24519891669568708
-0.43377102496926784
-0.5110152994337617
-0.28253261295783283
-0.20810776637825662
-0.37575141661867234
-0.318396759940372
-0.4252689183955423
-0.3032071739988008
-0.4742554371024056
-0.24900783023338527
-0.6407608866776575
-0.2639246210467721
-0.4117573111756791
-0.4105214498321375
-0.2858860603101428
-0.5274635713738345
-0.27233478674646355
-0.40553767174297134
-0.31519570877493774
-0.407208627713051
-0.4261055510061059
-0.23083629231238686
-0.7110235280552796
-0.19605689284292904
-0.4014547816474336
-0.4650839049500673
-0.44347991460095465
-0.503219355871014
-0.4178529512155745
-0.2651479281522167
-0.37662515973158844
-0.3647290438384516
-0.42555243634750284
-0.2923894464768045
-0.4377262333163532
-0.5860688204614416
-0.4513949318834639
-0.21355416514974995
-0.24057977510102427
-0.2108286356594543
-0.3130741828793208
-0.46403548365579245
-0.5190860148836935
-0.21276451935847837
-0.2792959601054316
-0.2887013741773122
-0.32514523870010015
-0.3234050775588359
-0.4967720149390048
-0.5353631081558498
-0.31229563646440245
-0.22058497401658064
-0.4059434620304553
-0.423145083806259
-0.3849944482225638
-0.30914164180001735
-0.38302517894907173
-0.4660410445177844
-0.4134234723750839
-0.2442729778785227
-0.2256697121996777
-0.321550392623371
-0.46839262106553653
-0.40386259965334315
-0.38274364381686476
-0.47469072667445267
-0.30539685530689736
-0.35879252155427666
-0.3305487596522971
-0.31687127081208327
-0.29250109278338554
-0.40197653932188976
-0.29596770350311147