0.36764705882352944
0.25609756097560976
0.28169014084507044
0.26126126126126126
0.2
0.2903225806451613
0.31645569620253167
0.24675324675324675
0.23684210526315788
0.24358974358974358
0.1956521739130435
0.30434782608695654
0.3157894736842105
0.23943661971830985
0.2375
0.22972972972972974
0.19230769230769232
0.25
0.2602739726027397
0.3333333333333333
0.2714285714285714
0.2857142857142857
0.31746031746031744
0.25
0.4
0.39705882352941174
0.35714285714285715
0.24096385542168675
0.3191489361702128
0.27058823529411763
0.2823529411764706
0.3333333333333333
0.234375
0.3582089552238806
0.2857142857142857
0.2714285714285714
0.29310344827586204
0.6226415094339622
0.20652173913043478
0.2602739726027397
0.30952380952380953
0.34146341463414637
0.23255813953488372
0.21621621621621623
0.2826086956521739
0.31746031746031744
0.2571428571428571
0.32
0.3103448275862069
0.3253012048192771
0.2857142857142857
0.2714285714285714
0.31958762886597936
0.3333333333333333
0.1981981981981982
0.29577464788732394
0.23170731707317074
0.18
0.27058823529411763
0.4189189189189189
0.36585365853658536
0.3488372093023256
0.2079207920792079
0.30303030303030304
0.2602739726027397
0.2558139534883721
0.2876712328767123
0.24752475247524752
0.24210526315789474
0.3333333333333333
0.4
0.2413793103448276
0.2826086956521739
0.2894736842105263
0.29577464788732394
0.23376623376623376
0.3076923076923077
0.2602739726027397
0.36764705882352944
0.22727272727272727
0.2804878048780488
0.3103448275862069
0.35
0.390625
0.3611111111111111
0.26506024096385544
0.328125
0.26865671641791045
0.26595744680851063
0.25274725274725274
0.30434782608695654
0.2714285714285714
0.2702702702702703
0.3333333333333333
0.23300970873786409
0.2714285714285714
0.22857142857142856
0.32727272727272727
0.32608695652173914
0.2988505747126437
0.26666666666666666
0.3103448275862069
0.3333333333333333
0.273972602739726
0.23880597014925373
0.2222222222222222
0.28205128205128205
0.3103448275862069
0.24050632911392406
0.2891566265060241
0.2894736842105263
0.34146341463414637
0.3253012048192771
0.25396825396825395
0.22727272727272727
0.2857142857142857
0.39705882352941174
0.24050632911392406
0.28169014084507044
0.34146341463414637
0.17777777777777778
0.4
0.265625
0.4126984126984127
0.32967032967032966
0.2391304347826087
0.2638888888888889
0.27692307692307694
0.2807017543859649
0.25675675675675674
0.24050632911392406
0.2857142857142857
0.3088235294117647
0.30864197530864196
0.2857142857142857
0.2602739726027397
0.2894736842105263
0.35526315789473684
0.3283582089552239
0.24358974358974358
0.3333333333333333
0.3116883116883117
0.32608695652173914
0.32142857142857145
0.32098765432098764
0.2714285714285714
0.29411764705882354
0.2875
0.3076923076923077
0.2638888888888889
0.3
0.2692307692307692
0.29333333333333333
0.3333333333333333
0.3611111111111111
0.25333333333333335
0.32142857142857145
0.16883116883116883
0.1774193548387097
0.21621621621621623
0.2967032967032967
0.22727272727272727
0.3409090909090909
0.3103448275862069
0.2692307692307692
0.27450980392156865
0.2875
0.3333333333333333
0.358974358974359
0.375
0.23809523809523808
0.2857142857142857
0.234375
0.22727272727272727
0.3333333333333333
0.3
0.34545454545454546
0.21978021978021978
0.24691358024691357
0.23076923076923078
0.2698412698412698
0.27631578947368424
0.3142857142857143
0.25
0.3
0.27631578947368424
0.2857142857142857
0.28
0.3176470588235294
0.22727272727272727
0.32051282051282054
0.25263157894736843
0.18666666666666668
0.1956521739130435
0.3125
0.20952380952380953
0.3333333333333333
0.2857142857142857
0.2
0.21621621621621623
0.3620689655172414
0.2714285714285714
0.30337078651685395
0.3287671232876712
0.323943661971831
0.3466666666666667
0.2
0.26666666666666666
0.32894736842105265
0.2894736842105263
0.24731182795698925
0.27906976744186046
0.32051282051282054
0.27692307692307694
0.2535211267605634
0.35365853658536583
0.22580645161290322
0.1956521739130435
0.2692307692307692
0.39285714285714285
0.30985915492957744
0.3253012048192771
0.29545454545454547
0.23655913978494625
0.22950819672131148
0.16883116883116883
0.17777777777777778
0.1724137931034483
0.2692307692307692
0.25
0.2261904761904762
0.25675675675675674
0.25961538461538464
0.18181818181818182
0.28169014084507044
0.4166666666666667
0.3108108108108108
0.19047619047619047
0.30434782608695654
0.3283582089552239
0.273972602739726
0.19607843137254902
0.35714285714285715
0.2857142857142857
0.2413793103448276
0.3
0.40625
0.2898550724637681
0.3076923076923077
0.23863636363636365
0.37362637362637363
0.34782608695652173
0.3
0.23529411764705882
0.2692307692307692
0.23529411764705882
0.27692307692307694
0.23711340206185566
0.5081967213114754
0.3023255813953488
0.16049382716049382
0.46551724137931033
0.21621621621621623
0.17777777777777778
0.2898550724637681
0.30434782608695654
0.8085106382978723
0.3684210526315789
0.3137254901960784
0.3684210526315789
0.3287671232876712
0.3103448275862069
0.28888888888888886
0.2876712328767123
0.2857142857142857
0.2222222222222222
0.23529411764705882
0.3137254901960784
0.2571428571428571
0.25675675675675674
0.24675324675324675
0.2804878048780488
0.36363636363636365
0.3125
0.17333333333333334
0.2857142857142857
0.3076923076923077
0.38095238095238093
0.2702702702702703
0.32098765432098764
0.3181818181818182
0.21621621621621623
0.3291139240506329
0.25
0.16981132075471697
0.35555555555555557
0.2714285714285714
0.22093023255813954
0.29310344827586204
0.25263157894736843
0.26666666666666666
0.32
0.2857142857142857
0.2153846153846154
0.17777777777777778
0.32857142857142857
0.25
0.29850746268656714
0.43478260869565216
0.2
0.4647887323943662
0.2962962962962963
0.3978494623655914
0.27631578947368424
0.25925925925925924
0.296875
0.3103448275862069
0.29411764705882354
0.25925925925925924
0.3137254901960784
0.296875
0.26506024096385544
0.25
0.22784810126582278
0.25396825396825395
0.23853211009174313
0.3
0.2602739726027397
0.323943661971831
0.38666666666666666
0.36082474226804123
0.2727272727272727
0.2786885245901639
0.23076923076923078
0.3508771929824561
0.29310344827586204
0.22988505747126436
0.3448275862068966
0.25333333333333335
0.17777777777777778
0.3333333333333333
0.6111111111111112
0.29411764705882354
0.2647058823529412
0.22727272727272727
0.3
0.35714285714285715
0.32894736842105265
0.3253012048192771
0.17721518987341772
0.3253012048192771
0.3058823529411765
0.32967032967032966
0.30952380952380953
0.29333333333333333
0.27586206896551724
0.18
0.34328358208955223
0.22857142857142856
0.3176470588235294
0.2676056338028169
0.2777777777777778
0.3424657534246575
0.36065573770491804
0.3026315789473684
0.2786885245901639
0.22413793103448276
0.29411764705882354
0.1780821917808219
0.22857142857142856
0.32558139534883723
0.3409090909090909
0.27419354838709675
0.2289156626506024
0.25301204819277107
0.2638888888888889
0.175
0.2876712328767123
0.3181818181818182
0.2222222222222222
0.3253012048192771
0.16883116883116883
0.25925925925925924
0.6111111111111112
0.18867924528301888
0.21621621621621623
0.2638888888888889
0.2878787878787879
0.36363636363636365
0.3384615384615385
0.2647058823529412
0.2911392405063291
0.23809523809523808
0.23404255319148937
0.24210526315789474
0.30666666666666664
0.2857142857142857
0.4807692307692308
0.29310344827586204
0.32098765432098764
0.3137254901960784
0.273972602739726
0.3088235294117647
0.24675324675324675
0.2823529411764706
0.2982456140350877
0.24175824175824176
0.32608695652173914
0.2631578947368421
0.34782608695652173
0.21153846153846154
0.27692307692307694
0.1836734693877551
0.2602739726027397
0.2716049382716049
0.6111111111111112
0.3068181818181818
0.265625
0.24719101123595505
0.3466666666666667
0.2875
0.1891891891891892
0.2714285714285714
0.40217391304347827
0.2857142857142857
0.21621621621621623
0.24675324675324675
0.3068181818181818
0.26666666666666666
0.25316455696202533
0.2857142857142857
0.5714285714285714
0.35526315789473684
0.27380952380952384
0.3188405797101449
0.3333333333333333
0.32727272727272727
0.24358974358974358
0.3125
0.3442622950819672
0.24675324675324675
0.3037974683544304
0.26153846153846155
0.24
0.313953488372093
0.26666666666666666
0.22580645161290322
0.2857142857142857
0.2727272727272727
0.22857142857142856
0.21818181818181817
0.3235294117647059
0.2714285714285714
0.2647058823529412
0.3148148148148148
0.25333333333333335
0.2857142857142857
0.3253012048192771
0.18840579710144928
0.3076923076923077
0.2786885245901639
0.2602739726027397
0.2571428571428571
0.1956521739130435
0.6744186046511628
0.28735632183908044
0.31746031746031744
0.22988505747126436
0.18055555555555555
0.26785714285714285
0.17777777777777778
0.32894736842105265
0.390625
0.3181818181818182
0.3023255813953488
0.3194444444444444
0.24691358024691357
0.2898550724637681
0.2625
0.2413793103448276
0.25
0.16666666666666666
0.23076923076923078
0.2857142857142857
0.16666666666666666
0.29850746268656714
0.24210526315789474
0.35443037974683544
0.3253012048192771
0.2878787878787879
0.32608695652173914
0.3026315789473684
0.24691358024691357
0.32608695652173914
0.22580645161290322
0.3088235294117647
0.2898550724637681
0.32098765432098764
0.17777777777777778
0.313953488372093
0.3103448275862069
0.27058823529411763
0.3448275862068966
0.32967032967032966
0.325
0.2696629213483146
0.2972972972972973
0.27692307692307694
0.3176470588235294
0.19696969696969696
0.4225352112676056
0.27710843373493976
0.2692307692307692
0.25
0.2714285714285714
0.27631578947368424
0.2535211267605634
0.2702702702702703
0.34146341463414637
0.24210526315789474
0.6111111111111112
0.26666666666666666
0.2898550724637681
0.2857142857142857
0.29310344827586204
0.3023255813953488
0.296875
0.23076923076923078
0.24096385542168675
0.3246753246753247
0.29850746268656714
0.26436781609195403
0.23943661971830985
0.32051282051282054
0.24299065420560748
0.32432432432432434
0.21621621621621623
0.27848101265822783
0.3048780487804878
0.21428571428571427
0.32
0.265625
0.3170731707317073
0.2967032967032967
0.2765957446808511
0.2916666666666667
0.29333333333333333
0.2857142857142857
0.35714285714285715
0.30337078651685395
0.352112676056338
0.3333333333333333
0.265625
0.2786885245901639
0.2716049382716049
0.3235294117647059
0.3380281690140845
0.18333333333333332
0.2714285714285714
0.27906976744186046
0.21794871794871795
0.2786885245901639
0.2835820895522388
0.3137254901960784
0.22727272727272727
0.2857142857142857
0.3170731707317073
0.2631578947368421
0.2702702702702703
0.3150684931506849
0.24
0.24615384615384617
0.1891891891891892
0.3709677419354839
0.2857142857142857
0.21052631578947367
0.34177215189873417
0.3114754098360656
0.265625
0.32608695652173914
0.23255813953488372
0.3253012048192771
0.3291139240506329
0.27848101265822783
0.3157894736842105
0.26666666666666666
0.3108108108108108
0.29411764705882354
0.3055555555555556
0.35714285714285715
0.2786885245901639
0.3
0.3611111111111111
0.3181818181818182
0.2857142857142857
0.21621621621621623
0.22535211267605634
0.24242424242424243
0.4
0.23333333333333334
0.34285714285714286
0.32432432432432434
0.2361111111111111
0.3088235294117647
0.3114754098360656
0.5641025641025641
0.2127659574468085
0.23404255319148937
0.3188405797101449
0.29310344827586204
0.3728813559322034
0.2222222222222222
0.2564102564102564
0.3103448275862069
0.24675324675324675
0.31645569620253167
0.525
0.32926829268292684
0.24615384615384617
0.2597402597402597
0.25555555555555554
0.2916666666666667
0.21739130434782608
0.22807017543859648
0.3142857142857143
0.359375
0.46808510638297873
0.2926829268292683
0.2222222222222222
0.3958333333333333
0.3384615384615385
0.27586206896551724
0.32558139534883723
0.21621621621621623
0.1836734693877551
0.36231884057971014
0.6111111111111112
0.34615384615384615
0.4225352112676056
0.26744186046511625
0.32926829268292684
0.29310344827586204
0.3382352941176471
0.34210526315789475
0.3253012048192771
0.3103448275862069
0.25
0.3787878787878788
0.29069767441860467
0.3333333333333333
0.27692307692307694
0.3170731707317073
0.24096385542168675
0.23170731707317074
0.2558139534883721
0.2857142857142857
0.18055555555555555
0.35714285714285715
0.26666666666666666
0.32051282051282054
0.3076923076923077
0.3037974683544304
0.32857142857142857
0.3333333333333333
0.3684210526315789
0.3103448275862069
0.2857142857142857
0.29850746268656714
0.22727272727272727
0.39705882352941174
0.3142857142857143
0.2857142857142857
0.20833333333333334
0.203125
0.33695652173913043
0.42857142857142855
0.2535211267605634
0.2727272727272727
0.2857142857142857
0.2222222222222222
0.25
0.2647058823529412
0.27380952380952384
0.2988505747126437
0.23170731707317074
0.20987654320987653
0.36
0.17777777777777778
0.2786885245901639
0.17333333333333334
0.2077922077922078
0.24675324675324675
0.3382352941176471
0.17721518987341772
0.24096385542168675
0.2972972972972973
0.25
0.2903225806451613
0.2641509433962264
0.3068181818181818
0.17777777777777778
0.35714285714285715
0.2857142857142857
0.525
0.27450980392156865
0.24675324675324675
0.25316455696202533
0.29411764705882354
0.2638888888888889
0.234375
0.325
0.24675324675324675
0.525
0.3181818181818182
0.25
0.3380281690140845
0.2696629213483146
0.25
0.17105263157894737
0.2711864406779661
0.27710843373493976
0.26153846153846155
0.2926829268292683
0.36619718309859156
0.3763440860215054
0.27710843373493976
0.3253012048192771
0.19696969696969696
0.3246753246753247
0.2375
0.23529411764705882
0.2891566265060241
0.3
0.27941176470588236
0.29577464788732394
0.313953488372093
0.22857142857142856
0.3088235294117647
0.3026315789473684
0.3424657534246575
0.3333333333333333
0.2638888888888889
0.27631578947368424
0.313953488372093
0.36923076923076925
0.21621621621621623
0.42857142857142855
0.32608695652173914
0.30985915492957744
0.29310344827586204
0.2777777777777778
0.3235294117647059
0.3108108108108108
0.3508771929824561
0.25252525252525254
0.29545454545454547
0.296875
0.27631578947368424
0.32098765432098764
0.323943661971831
0.3333333333333333
0.26666666666666666
0.26229508196721313
0.3469387755102041
0.41025641025641024
0.25
0.3076923076923077
0.24050632911392406
0.25
0.17777777777777778
0.24691358024691357
0.21621621621621623
0.2682926829268293
0.1724137931034483
0.23809523809523808
0.28846153846153844
0.22784810126582278
0.3375
0.24390243902439024
0.3333333333333333
0.25
0.30434782608695654
0.16883116883116883
0.24242424242424243
0.328125
0.3684210526315789
0.25
0.22727272727272727
0.23595505617977527
0.31343283582089554
0.23076923076923078
0.32608695652173914
0.3188405797101449
0.265625
0.2926829268292683
0.27692307692307694
0.22321428571428573
0.3181818181818182
0.23809523809523808
0.21794871794871795
0.3787878787878788
0.36764705882352944
0.17777777777777778
0.18055555555555555
0.2441860465116279
0.32051282051282054
0.36231884057971014
0.2631578947368421
0.3287671232876712
0.24096385542168675
0.22727272727272727
0.17777777777777778
0.3068181818181818
0.2553191489361702
0.25
0.6
0.2222222222222222
0.22857142857142856
0.345679012345679
0.30303030303030304
0.2857142857142857
0.17777777777777778
0.2
0.26153846153846155
0.25
0.21052631578947367
0.25882352941176473
0.2465753424657534
0.2916666666666667
0.45121951219512196
0.2631578947368421
0.21505376344086022
0.29850746268656714
0.3235294117647059
0.3146067415730337
0.36764705882352944
0.3076923076923077
0.29333333333333333
0.25773195876288657
0.2413793103448276
0.2857142857142857
0.3103448275862069
0.3253012048192771
0.26582278481012656
0.32432432432432434
0.17073170731707318
0.2736842105263158
0.2948717948717949
0.21621621621621623
0.2619047619047619
0.2826086956521739
0.18055555555555555
0.25396825396825395
0.3333333333333333
0.2631578947368421
0.22340425531914893
0.3103448275862069
0.2653061224489796
0.16883116883116883
0.3
0.29411764705882354
0.24742268041237114
0.2
0.6226415094339622
0.3114754098360656
0.35714285714285715
0.3068181818181818
0.23529411764705882
0.27631578947368424
0.24096385542168675
0.2702702702702703
0.2692307692307692
0.22857142857142856
0.27450980392156865
0.2619047619047619
0.32857142857142857
0.34146341463414637
0.26804123711340205
0.24050632911392406
0.30120481927710846
0.1774193548387097
0.23958333333333334
0.3170731707317073
0.3137254901960784
0.2786885245901639
0.3253012048192771
0.24
0.37735849056603776
0.32
0.3582089552238806
0.23529411764705882
0.3698630136986301
0.21621621621621623
0.25396825396825395
0.29411764705882354
0.3103448275862069
0.2542372881355932
0.26436781609195403
0.21978021978021978
0.25
0.2857142857142857
0.26506024096385544
0.2903225806451613
0.22727272727272727
0.4444444444444444
0.2987012987012987
0.16883116883116883
0.2714285714285714
0.3333333333333333
0.24705882352941178
0.3068181818181818
0.3548387096774194
0.3103448275862069
0.3088235294117647
0.39705882352941174
0.3220338983050847
0.36585365853658536
0.2967032967032967
0.29411764705882354
0.23255813953488372
0.2714285714285714
0.2786885245901639
0.3076923076923077
0.2375
0.31343283582089554
0.28888888888888886
0.31746031746031744
0.34375
0.2857142857142857
0.29577464788732394
0.2222222222222222
0.3150684931506849
0.36666666666666664
0.2261904761904762
0.3
0.26506024096385544
0.2
0.3125
0.22666666666666666
0.2692307692307692
0.2714285714285714
0.3484848484848485
0.23863636363636365
0.3783783783783784
0.17391304347826086
0.3253012048192771
0.30120481927710846
0.3116883116883117
0.3114754098360656
0.352112676056338
0.20987654320987653
0.2692307692307692
0.5116279069767442
0.18055555555555555
0.3409090909090909
0.2571428571428571
0.20253164556962025
0.26804123711340205
0.7692307692307693
0.2982456140350877
0.3103448275862069
0.3387096774193548
0.31746031746031744
0.2903225806451613
0.2839506172839506
0.3103448275862069
0.3230769230769231
0.3142857142857143
0.24
0.29545454545454547
0.3253012048192771
0.35185185185185186
0.32926829268292684
0.2608695652173913
0.3103448275862069
0.25
0.2602739726027397
0.24074074074074073
0.32098765432098764
0.25
0.27848101265822783
0.3898305084745763
0.3170731707317073
0.3333333333333333
0.18292682926829268
0.3253012048192771
0.2413793103448276
0.35714285714285715
0.26136363636363635
0.27835051546391754
0.275
0.34782608695652173
0.29347826086956524
0.2602739726027397
0.3064516129032258
0.2857142857142857
0.3103448275862069
0.2839506172839506
0.26136363636363635
0.2916666666666667
0.22727272727272727
0.24468085106382978
0.29333333333333333
0.35294117647058826
0.28205128205128205
0.3142857142857143
0.3253012048192771
0.2625
0.25316455696202533
0.23376623376623376
0.328125
0.2857142857142857
0.2727272727272727
0.375
0.3188405797101449
0.24175824175824176
0.24358974358974358
0.22018348623853212
0.2571428571428571
0.21
0.2786885245901639
0.24691358024691357
0.2714285714285714
0.3424657534246575
0.38596491228070173
0.30303030303030304
0.27631578947368424
0.25757575757575757
0.3448275862068966
0.453125
0.2891566265060241
0.1836734693877551
0.25396825396825395
0.25862068965517243
0.3333333333333333
0.31746031746031744
0.3835616438356164
0.26865671641791045
0.28378378378378377
0.22950819672131148
0.22857142857142856
0.3291139240506329
0.21621621621621623
0.21621621621621623
0.3424657534246575
0.24210526315789474
0.25
0.6226415094339622
0.2535211267605634
0.18333333333333332
0.3013698630136986
0.2967032967032967
0.3333333333333333
0.32142857142857145
0.2558139534883721
0.17391304347826086
0.7169811320754716
0.24675324675324675
0.21686746987951808
0.2857142857142857
0.3037974683544304
0.3333333333333333
0.21052631578947367
0.2413793103448276
0.31746031746031744
0.32894736842105265
0.2857142857142857
0.2564102564102564
0.28888888888888886
0.23076923076923078
0.22857142857142856
0.2926829268292683
0.27692307692307694
0.30666666666666664
0.22727272727272727
0.25316455696202533
0.17105263157894737
0.32608695652173914
0.2926829268292683
0.2857142857142857
0.36585365853658536
0.1774193548387097
0.2967032967032967
0.26881720430107525
0.5238095238095238
0.3333333333333333
0.21621621621621623
0.31645569620253167
0.38333333333333336
0.34210526315789475
0.20833333333333334
0.25609756097560976
0.2602739726027397
0.2714285714285714
0.24324324324324326
0.3253012048192771
0.24096385542168675
0.1891891891891892
0.25
0.23809523809523808
0.2602739726027397
0.34285714285714286
0.30120481927710846
0.2625
0.23529411764705882
0.3253012048192771
0.26666666666666666
0.25
0.17647058823529413
0.2857142857142857
0.2840909090909091
0.3472222222222222
0.25892857142857145
0.2857142857142857
0.26666666666666666
0.2898550724637681
0.6111111111111112
0.2463768115942029
0.3709677419354839
0.2711864406779661
0.5116279069767442
0.3235294117647059
0.313953488372093
0.2857142857142857
0.2962962962962963
0.21621621621621623
0.21739130434782608
0.21621621621621623
0.4266666666666667
0.3333333333333333
0.25675675675675674
0.29213483146067415
0.2716049382716049
0.3146067415730337
0.3424657534246575
0.46938775510204084
0.23076923076923078
0.2597402597402597
0.24096385542168675
0.25
0.34782608695652173
0.24358974358974358
0.3125
0.30434782608695654
0.20833333333333334
0.36486486486486486
0.323943661971831
0.29310344827586204
0.37333333333333335
0.30434782608695654
0.2682926829268293
0.1694915254237288
0.27692307692307694
0.34146341463414637
0.24691358024691357
0.3170731707317073
0.35443037974683544
0.24096385542168675
0.1728395061728395
0.22916666666666666
0.265625
0.453125
0.29333333333333333
0.28
0.3181818181818182
0.27631578947368424
0.34146341463414637
0.28378378378378377
0.3194444444444444
0.3103448275862069
0.27692307692307694
0.35384615384615387
0.26666666666666666
0.31746031746031744
0.21311475409836064
0.2857142857142857
0.21052631578947367
0.30434782608695654
0.39705882352941174
0.6346153846153846
0.30864197530864196
0.21621621621621623
0.3
0.3170731707317073
0.2857142857142857
0.17857142857142858
0.26436781609195403
0.23728813559322035
0.2808988764044944
0.2875
0.22972972972972974
0.18055555555555555
0.20238095238095238
0.1951219512195122
0.3176470588235294
0.25396825396825395
0.2857142857142857
0.3037974683544304
0.32608695652173914
0.3170731707317073
0.24719101123595505
0.3013698630136986
0.28
0.24675324675324675
0.31645569620253167
0.24050632911392406
0.25333333333333335
0.22857142857142856
0.21153846153846154
0.42045454545454547
0.3108108108108108
0.24705882352941178
0.35526315789473684
0.2602739726027397
0.23809523809523808
0.32608695652173914
0.31343283582089554
0.41935483870967744
0.42592592592592593
0.2647058823529412
0.39705882352941174
0.2857142857142857
0.17777777777777778
0.24358974358974358
0.23376623376623376
0.3076923076923077
0.23157894736842105
0.21505376344086022
0.32941176470588235
0.35714285714285715
0.24193548387096775
0.3076923076923077
0.46551724137931033
0.32432432432432434
0.2692307692307692
0.3010752688172043
0.24050632911392406
0.2692307692307692
0.21621621621621623
0.3246753246753247
0.22857142857142856
0.22857142857142856
0.27906976744186046
0.2857142857142857
0.3384615384615385
0.2876712328767123
0.4909090909090909
0.28125
0.21621621621621623
0.3
0.35294117647058826
0.5
0.21621621621621623
0.16883116883116883
0.3157894736842105
0.3103448275862069
0.3333333333333333
0.2345679012345679
0.2608695652173913
0.20833333333333334
0.325
0.5641025641025641
0.32608695652173914
0.2714285714285714
0.24242424242424243
0.2236842105263158
0.3333333333333333
0.38461538461538464
0.3170731707317073
0.2653061224489796
0.5084745762711864
0.352112676056338
0.33766233766233766
0.24193548387096775
0.2876712328767123
0.3287671232876712
0.3488372093023256
0.2631578947368421
0.2857142857142857
0.29310344827586204
0.313953488372093
0.2926829268292683
0.2692307692307692
0.1956521739130435
0.28378378378378377
0.3103448275862069
0.22988505747126436
0.3888888888888889
0.2375
0.3125
0.30666666666666664
0.3103448275862069
0.32432432432432434
0.3137254901960784
0.32857142857142857
0.30864197530864196
0.2
0.2535211267605634
0.2625
0.2857142857142857
0.33766233766233766
0.28205128205128205
0.36764705882352944
0.5116279069767442
0.2604166666666667
0.23170731707317074
0.21875
0.30158730158730157
0.24731182795698925
0.373134328358209
0.24358974358974358
0.23809523809523808
0.2631578947368421
0.19230769230769232
0.359375
0.3287671232876712
0.4175824175824176
0.2727272727272727
0.3225806451612903
0.2463768115942029
0.3068181818181818
0.25
0.2543859649122807
0.27692307692307694
0.23863636363636365
0.3382352941176471
0.2558139534883721
0.3253012048192771
0.3103448275862069
0.26865671641791045
0.296875
0.25
0.3387096774193548
0.2830188679245283
0.26136363636363635
0.24210526315789474
0.1956521739130435
0.2111111111111111
0.2602739726027397
0.32967032967032966
0.22727272727272727
0.3157894736842105
0.31645569620253167
0.19230769230769232
0.2441860465116279
0.3
0.29545454545454547
0.26666666666666666
0.29310344827586204
0.2857142857142857
0.2857142857142857
0.2857142857142857
0.34
0.2786885245901639
0.28169014084507044
0.3333333333333333
0.17777777777777778
0.352112676056338
0.32954545454545453
0.24096385542168675
0.24615384615384617
0.23728813559322035
0.46551724137931033
0.34285714285714286
0.16666666666666666
0.4074074074074074
0.46551724137931033
0.32608695652173914
0.296875
0.2708333333333333
0.3333333333333333
0.22727272727272727
0.2345679012345679
0.3103448275862069
0.21621621621621623
0.30864197530864196
0.2891566265060241
0.525
0.2222222222222222
0.3253012048192771
0.3333333333333333
0.25
0.17777777777777778
0.37681159420289856
0.3150684931506849
0.1724137931034483
0.3108108108108108
0.29213483146067415
0.3253012048192771
0.36585365853658536
0.1951219512195122
0.3291139240506329
0.3
0.32926829268292684
0.34146341463414637
0.3333333333333333
0.32432432432432434
0.313953488372093
0.28888888888888886
0.2602739726027397
0.34146341463414637
0.2535211267605634
0.27631578947368424
0.1951219512195122
0.2535211267605634
0.3918918918918919
0.3
0.2692307692307692
0.30303030303030304
0.3142857142857143
0.3333333333333333
0.36764705882352944
0.4
0.46808510638297873
0.27058823529411763
0.2711864406779661
0.3389830508474576
0.27692307692307694
0.3389830508474576
0.2714285714285714
0.25
0.2535211267605634
0.19230769230769232
0.225
0.33766233766233766
0.2786885245901639
0.3076923076923077
0.2571428571428571
0.32894736842105265
0.3333333333333333
0.21333333333333335
0.25862068965517243
0.25862068965517243
0.17777777777777778
0.2261904761904762
0.31645569620253167
0.22535211267605634
0.28205128205128205
0.3181818181818182
0.25287356321839083
0.2891566265060241
0.3191489361702128
0.23863636363636365
0.2537313432835821
0.35384615384615387
0.2891566265060241
0.27848101265822783
0.3176470588235294
0.2236842105263158
0.36585365853658536
0.2926829268292683
0.3783783783783784
0.2857142857142857
0.29069767441860467
0.3880597014925373
0.3382352941176471
0.30303030303030304
0.3142857142857143
0.27450980392156865
0.2647058823529412
0.2597402597402597
0.1774193548387097
0.27450980392156865
0.22826086956521738
0.3380281690140845
0.26881720430107525
0.5116279069767442
0.3253012048192771
0.34210526315789475
0.2857142857142857
0.3068181818181818
0.2926829268292683
0.2857142857142857
0.37681159420289856
0.3103448275862069
0.1728395061728395
0.3103448275862069
0.23943661971830985
0.3253012048192771
0.27941176470588236
0.2988505747126437
0.8461538461538461
0.24096385542168675
0.21621621621621623
0.25301204819277107
0.21428571428571427
0.2727272727272727
0.29310344827586204
0.2602739726027397
0.1724137931034483
0.27941176470588236
0.3404255319148936
0.25333333333333335
0.24050632911392406
0.2876712328767123
0.3103448275862069
0.2916666666666667
0.29213483146067415
0.3058823529411765
0.3068181818181818
0.2857142857142857
0.3333333333333333
0.18055555555555555
0.313953488372093
0.4852941176470588
0.2876712328767123
0.30303030303030304
0.25
0.28888888888888886
0.20253164556962025
0.3448275862068966