2.951100000000001
5.571800000000005
3.710300000000002
4.161600000000003
6.597720000000006
5.256600000000005
4.486500000000003
3.0421000000000014
3.9802000000000026
4.8628000000000045
4.3872000000000035
4.594000000000005
3.7822000000000022
4.010500000000003
3.403500000000002
5.1234000000000055
4.622300000000004
4.613120000000005
4.196900000000004
4.103500000000003
4.567300000000003
2.7064200000000014
4.675300000000005
3.1906000000000017
4.2493200000000035
3.432520000000002
5.016200000000005
4.374700000000003
4.321600000000003
5.973000000000005
4.390900000000003
3.980380000000003
4.557420000000004
5.5228000000000055
5.249420000000004
6.028000000000005
3.361780000000002
3.957900000000003
5.004500000000005
1.8919000000000001
2.923800000000001
3.074580000000002
2.7315000000000005
4.181300000000003
3.5697000000000028
6.488000000000004
3.1011000000000015
2.9520000000000017
3.3988000000000023
5.452900000000004
2.0881999999999996
4.370400000000004
4.5210000000000035
3.3564000000000016
3.0242000000000013
1.1392199999999997
4.456300000000003
0.8009000000000004
3.7622000000000027
5.2390200000000045
4.557420000000004
4.434800000000004
5.672100000000005
3.3923000000000023
4.648400000000005
6.728520000000008
2.6924200000000003
3.957900000000003
4.035500000000003
4.402700000000003
4.216000000000003
5.088000000000005
4.920500000000005
4.228020000000004
3.809000000000002
1.9845
3.2604200000000017
3.195000000000002
4.065100000000003
3.5611000000000024
3.269700000000002
4.0862200000000035
6.208700000000007
3.373300000000002
4.340100000000004
3.0618000000000016
6.144900000000004
4.0151800000000035
4.6921200000000045
4.904400000000004
2.0773
3.5810000000000013
3.9102000000000032
5.839840000000006
3.3065000000000024
2.3621
3.5697000000000028
3.138300000000001
4.476800000000003
4.239400000000003
4.512300000000003
2.784600000000001
3.6736000000000013
3.7032000000000025
3.900800000000002
3.756300000000002
4.867600000000005
2.6751000000000005
6.113220000000006
2.760600000000001
5.781700000000005
1.7576999999999998
2.285
3.060900000000002
4.304900000000003
4.211400000000004
5.0198000000000045
3.8484000000000016
3.0679000000000016
3.9588000000000036
3.7822000000000022
3.194700000000002
3.8819000000000026
4.677900000000005
3.483500000000003
6.0698600000000065
4.037500000000003
4.204000000000003
4.562600000000004
3.6301600000000027
6.289300000000006
3.719400000000002
3.834900000000003
3.1338000000000017
5.264100000000005
3.456400000000002
3.5985000000000023
4.264200000000003
5.893300000000004
4.7854000000000045
4.304900000000003
2.3890000000000002
3.738000000000002
4.725800000000003
4.897420000000005
3.373300000000002
4.009800000000003
2.8230000000000013
4.562600000000004
2.6751000000000005
2.8640000000000008
6.303100000000007
3.0385000000000018
4.7252000000000045
3.9025000000000025
3.6125000000000025
4.897000000000005
3.7863000000000024
3.8072000000000026
3.558900000000002
3.719400000000002
5.533520000000005
4.4505000000000035
2.6542000000000012
3.7775000000000025
4.122700000000003
1.7360999999999995
3.488500000000002
3.0934000000000017
3.3583000000000016
5.453000000000006
3.092500000000002
4.355020000000003
3.900800000000003
3.975000000000003
3.6601000000000017
4.710200000000005
6.047320000000005
5.672800000000006
4.6543000000000045
3.404320000000002
6.110140000000007
4.280000000000004
3.7962200000000026
6.553020000000008
5.522000000000006
4.989420000000004
1.1803999999999997
4.8601000000000045
6.454800000000002
2.978900000000002
3.371500000000002
4.6223000000000045
3.005200000000001
2.4564000000000004
5.9961000000000055
4.422600000000004
3.8340000000000023
5.4893000000000045
3.2912000000000017
4.269500000000005
4.755000000000004
3.0219000000000014
4.958300000000004
4.409820000000003
3.6049000000000015
1.9351
4.639700000000005
3.052600000000001
3.072700000000002
3.673600000000002
4.799000000000005
4.706200000000004
5.3713400000000044
5.619600000000004
2.9781000000000013
4.859300000000005
3.346400000000002
5.641640000000006
3.6448000000000027
5.657400000000005
3.490800000000002
4.725800000000004
3.354300000000002
3.706500000000003
4.172000000000003
4.230900000000003
4.394700000000003
3.416800000000002
2.999900000000001
3.557900000000002
4.614420000000004
4.493980000000004
2.1906
4.6921200000000045
3.6601000000000026
3.7736000000000027
2.1335999999999995
4.240700000000004
4.427200000000004
0.9137999999999997
3.564700000000002
2.844000000000001
3.203100000000002
3.1022000000000016
6.181880000000007
3.0652000000000017
5.064600000000005
5.387600000000004
3.6860000000000026
3.6145000000000023
5.282100000000004
4.159100000000004
5.4744000000000055
3.6909000000000027
3.9863200000000028
5.284500000000005
4.358400000000004
2.5871000000000013
2.2195000000000005
5.564600000000005
5.107400000000005
4.188600000000004
2.9362000000000013
4.812800000000005
3.177200000000002
4.764800000000005
3.124100000000001
2.0706
3.5385000000000018
5.374700000000004
4.470000000000004
3.6320000000000023
3.110100000000002
4.195300000000004
3.794100000000003
3.0904000000000016
3.9544000000000032
3.3922000000000017
3.1647000000000016
6.222700000000004
4.580200000000004
6.883200000000008
7.379000000000008
5.273800000000005
3.488500000000002
3.9097200000000027
4.733800000000004
2.581600000000001
0.8859999999999995
5.066600000000005
4.945200000000004
4.046800000000004
3.5694000000000026
4.595200000000005
2.671900000000001
5.299520000000006
5.209320000000005
2.2068000000000003
3.7923000000000027
3.217200000000002
3.644000000000003
3.146080000000002
3.3708000000000027
3.2959000000000023
2.7719000000000014
5.003220000000005
3.0058000000000016
3.914900000000003
3.7928000000000033
1.4656999999999998
5.129000000000005
3.9832000000000027
3.7302000000000026
4.624000000000004
4.235500000000004
4.658180000000004
4.009800000000003
3.027400000000002
4.6349000000000045