6
10
6
6
9
6
6
9
6
10
6
6
6
6
19
9
9
9
10
10
6
12
6
16
10
6
9
9
9
12
9
6
6
10
6
6
9
9
6
6
6
6
9
6
10
14
6
6
6
9
6
8
9
10
9
6
6
6
10
6
6
9
6
6
10
9
15
9
6
6
9
6
10
11
9
6
6
9
13
10
9
10
17
10
8
18
9
9
6
9
10
9
10
14
6
9
6
6
6
14
6
9
9
13
10
6
13
9
10
6
6
6
9
10
9
16
9
9
16
9
9
6
10
10
7
14
10
10
9
9
9
10
9
10
14
6
11
6
9
6
9
9
13
9
14
10
6
6
9
9
6
10
18
6
15
6
6
9
6
6
10
14
10
6
6
10
6
6
6
9
10
19
6
10
9
9
10
11
13
7
6
8
10
6
14
10
6
12
9
6
14
10
9
9
15
6
9
10
9
9
10
6
6
9
6
6
16
14
6
10
9
9
6
14
14
10
10
15
8
6
19
9
19
9
19
9
9
6
6
6
10
14
9
9
6
9
9
6
6
6
10
6
9
6
10
6
9
10
6
12
10
9
9
9
6
6
14
6
10
6
16
6
6
9
10
6
14
6
18
9
6
9
6
9
10
18
9
10
6
9
9
10
6
13
10
6
14
6
6
12
6
6
13
13
10
10
9
14
6
10
13
6
6
6
11
10
10
6
6
6
6
6
6
9
6
10
9
6
6
10