392.50700000000006
550.4190000000001
391.45000000000005
315.42
509.4810000000002
458.5530000000001
361.4890000000001
282.343
307.3970000000001
453.3800000000001
317.4360000000001
379.5000000000001
318.4240000000001
348.84900000000005
281.39900000000006
488.03100000000006
419.3560000000001
488.4550000000002
435.59300000000013
426.5170000000002
356.47300000000007
370.4740000000001
331.5000000000001
338.4550000000001
453.61200000000014
285.387
383.92300000000006
486.5950000000002
350.43699999999995
480.43900000000025
354.88100000000014
290.40999999999997
411.61500000000024
430.37900000000013
485.4590000000002
387.3100000000001
316.4080000000001
379.5040000000001
285.4560000000001
345.355
295.814
366.38700000000006
267.33200000000005
407.5580000000001
439.55600000000027
414.49600000000004
382.9130000000001
438.4980000000001
405.54200000000014
340.87900000000013
385.5120000000001
373.44300000000004
433.28900000000027
373.2340000000001
310.37600000000015
404.49200000000013
317.4360000000001
400.4350000000002
386.5110000000002
471.43200000000024
411.61500000000024
447.36600000000016
379.9350000000002
473.5890000000003
415.59900000000016
507.6820000000003
454.55600000000027
379.5040000000001
361.8440000000001
379.33500000000004
413.5250000000001
477.0480000000002
503.6130000000004
536.6980000000003
412.9460000000002
320.40000000000003
452.52500000000026
330.8630000000001
361.36700000000013
409.53000000000014
448.3080000000001
404.5140000000001
525.7370000000004
435.54900000000015
375.9440000000002
280.371
588.3420000000001
350.8530000000001
481.5190000000002
378.541
365.48100000000005
340.85800000000006
371.2620000000001
514.7240000000003
264.372
308.3850000000001
523.2220000000002
406.5340000000001
442.35700000000026
284.428
451.5670000000002
298.434
333.844
389.5430000000001
460.6220000000003
553.416
510.4650000000003
407.5180000000001
523.6280000000002
314.4080000000001
454.5400000000001
236.31499999999997
393.4910000000001
232.37099999999998
340.85400000000004
277.41100000000006
464.3680000000002
438.54700000000025
238.33399999999997
389.421
437.5400000000002
303.4090000000001
378.52000000000004
461.67500000000035
424.58900000000017
526.7100000000003
460.62200000000036
418.36800000000017
362.5020000000001
369.90000000000015
495.4540000000002
417.55300000000017
488.56700000000035
435.52400000000017
339.5230000000002
321.85200000000003
440.56900000000024
360.8600000000001
420.31100000000015
361.88800000000003
340.85400000000004
221.34799999999998
406.482
440.17200000000014
526.7100000000003
435.54900000000026
449.33800000000025
419.5290000000001
362.5020000000001
407.5180000000001
452.5990000000003
458.57700000000017
298.3860000000001
432.3950000000001
422.4810000000001
288.39400000000006
485.6280000000002
491.41900000000027
420.3400000000002
415.9210000000002
417.55300000000017
501.57800000000015
487.5700000000002
321.4240000000001
305.80499999999995
434.54000000000013
451.48700000000014
399.56000000000006
410.5620000000001
362.2640000000001
536.7200000000001
294.398
474.5560000000001
460.62200000000036
251.43899999999996
336.4350000000001
487.5700000000001
527.6160000000001
492.45000000000033
374.88700000000017
324.47200000000004
521.6780000000001
489.5860000000002
348.45000000000005
554.7640000000002
432.5670000000001
477.55600000000015
187.24599999999995
467.6130000000001
416.1350000000001
311.38100000000003
247.38199999999998
419.3560000000001
493.60800000000035
387.4610000000002
371.524
415.3310000000001
384.47900000000016
401.3370000000001
350.85300000000007
437.6280000000003
438.7860000000002
337.4710000000002
375.2990000000001
377.4880000000001
348.42500000000007
353.4660000000001
340.4920000000002
441.57200000000023
221.31899999999996
333.844
491.4190000000001
530.2370000000002
498.6560000000003
331.44000000000005
335.391
448.39400000000006
441.43100000000015
505.6100000000002
355.50300000000004
537.7040000000002
461.39700000000016
431.6050000000002
474.56500000000017
295.426
391.54000000000013
367.88
406.48600000000005
314.4040000000001
349.41300000000007
469.38300000000015
488.56400000000025
444.3660000000001
311.3640000000001
481.5190000000002
336.43500000000006
407.5140000000001
360.4100000000001
422.3310000000002
467.61300000000017
179.21899999999997
421.54500000000013
345.80900000000014
348.45000000000005
493.3890000000001
517.6200000000002
421.54500000000013
503.6130000000002
483.4430000000002
407.5580000000001
362.47300000000007
342.8450000000001
363.48600000000005
446.98200000000014
370.5180000000001
283.415
344.9110000000001
499.44200000000023
407.92300000000023
404.24800000000005
532.1280000000002
432.05200000000036
309.45300000000003
336.43900000000014
415.58500000000026
319.4120000000001
394.4620000000001
271.36
300.402
326.8310000000001
444.5010000000001
453.58600000000007
493.38900000000007
460.41300000000024
423.58200000000005
308.42500000000007
495.62400000000036
431.58000000000027
295.38200000000006
488.5710000000002
418.3890000000001
443.5910000000001
508.5780000000003
522.5640000000003
398.5500000000002
399.56000000000006
434.56900000000013
462.42100000000016
293.798
203.24499999999995
470.4110000000003
478.4230000000003
443.5470000000002
471.6010000000003
297.41700000000003
380.49600000000004
470.61700000000013
528.682
316.3800000000001
423.6010000000003
303.45600000000013
398.5760000000002
228.339
337.4920000000001
393.5310000000001
337.36300000000006
502.48200000000026
327.403
503.4340000000002
458.57300000000015
260.341
405.5170000000001
419.5690000000001
455.5300000000002
346.87700000000007
275.436
428.5150000000001
449.33800000000025
367.49300000000005
458.6500000000004