0.5495361615864601
0.4180424870067091
0.5218274518487325
0.720583097600727
0.2508242913346256
0.3574818695429572
0.580706317134109
0.6090469787159056
0.7309122767262053
0.5797032994115373
0.7115046775273318
0.4969358291974026
0.7338972414853393
0.7840947323164447
0.799743820532113
0.3264190783322174
0.523500759609528
0.3731491711529946
0.5822010036236155
0.45927667684794327
0.6878618396044567
0.7700157403999889
0.6682087339242828
0.9029249840109185
0.3912224829128265
0.7160018339194508
0.5362949074068926
0.4402862413576715
0.7382845060775182
0.3311329551531615
0.7289220997501585
0.8513165042875975
0.7569916545223965
0.4616043687341282
0.4651261776889773
0.5475884906563918
0.8057194915538827
0.6311263025825481
0.7634296249201791
0.41863555203523894
0.8066418280952954
0.8229363075394784
0.6751322987669841
0.4582341446950013
0.6029911013625561
0.4643698702136666
0.7035196014826208
0.6464121617930487
0.5130645417436852
0.6296084132783778
0.551662995519089
0.7313138978332363
0.617589466337112
0.80398381958918
0.8074679325291024
0.7177982425881927
0.7703784983121884
0.6954781569324263
0.5981860041649161
0.46378914152093137
0.7569916545223965
0.3777608193486054
0.6186737019282894
0.42462137642489384
0.5981202254298766
0.1387799724006837
0.448466523778146
0.6311263025825481
0.7894154307402033
0.722821638776792
0.4599843117774396
0.5163157587714763
0.5602254507528758
0.48178357968754615
0.7074872979003035
0.7356394869542197
0.627140962582608
0.8634737285361628
0.7366674377467224
0.6759100685204004
0.5742365490505916
0.6942433996412564
0.29364490055927295
0.6313296848892266
0.7821479039456672
0.9147423908473773
0.26615551982766245
0.7757617119370717
0.2772439276544865
0.6341308836877345
0.7338608984137136
0.7880805622195503
0.7937997878416254
0.2095809823972928
0.7721939306159407
0.8065807705571105
0.5873277863478236
0.45769967193620364
0.5851205513789702
0.8321538928687809
0.42035578941561336
0.8704546410554003
0.47626841324139996
0.7219788197607481
0.561419633690113
0.359104690470101
0.37280697359690945
0.5819690758942085
0.2160036382797231
0.7675949046100534
0.4372965066517935
0.6199156932769007
0.6243001955777612
0.7753902588546355
0.7455978331547657
0.8254375445230729
0.5337403943739261
0.4723035812161235
0.6988400512602978
0.7740762427077145
0.5141059902188589
0.8855016538352793
0.7424671110653236
0.5276858899464679
0.6247561751056133
0.18822045595445686
0.5549978726800133
0.7283131516315617
0.5355673543103989
0.7060377391059691
0.26920598240038296
0.5676455890719206
0.3938359127054822
0.43287671174579606
0.7085195323590086
0.848841132690908
0.5862004199362375
0.7188410928447488
0.5739171211917152
0.7479030042875592
0.7455978331547657
0.8276155046435414
0.3499607634429391
0.589113032621714
0.2521796517780505
0.6313296848892264
0.3927541867014163
0.5691474433313053
0.5355673543103989
0.5819690758942085
0.5907873547140705
0.2898517254738563
0.925410045930018
0.4842724598562273
0.6934954737375748
0.8020835110887541
0.3270622140158602
0.44707295947081427
0.6984345743183686
0.7249506826775156
0.5676455890719206
0.2556827620326975
0.5836365725514797
0.8665075120287222
0.7152686077067409
0.5469944511180109
0.4063713522764364
0.5178919081422484
0.6440181847797374
0.7161015688077252
0.29766583539366315
0.8036262979518564
0.3747975876260367
0.561419633690113
0.7391081349577115
0.7642984153684504
0.4716420742541939
0.21554262202692429
0.35243296189287254
0.68719667470652
0.7910649206786745
0.2773421741570045
0.5673099306016011
0.7791702316811103
0.17317650002728868
0.39494106237094845
0.3642377555859217
0.7262063900470538
0.3505901584367888
0.4616906207935435
0.6110306225008894
0.8620217161645694
0.5235007596095279
0.455786073807965
0.7374603391028763
0.4505726789966775
0.6633598383194432
0.679948968380499
0.6093614494405518
0.6772245731976411
0.4532516358425471
0.6608337933029349
0.9289748313793619
0.6794114991104234
0.7155264487929189
0.7210297758100401
0.8831423888921255
0.8083213668640294
0.5110549290039602
0.7704375035548235
0.4762684132413999
0.31677628650464157
0.4347290944026104
0.23011099054647208
0.6072559772141208
0.8997547537776145
0.6149801508040519
0.5259746535438896
0.30591910145002016
0.8905064214198238
0.2942101665959078
0.6448995151805658
0.5735481674695434
0.37226642803791626
0.7950624264136027
0.670383517472467
0.7279089667645139
0.3136232249924079
0.7599878460888597
0.7245117105806039
0.5986760407537094
0.2753134750915062
0.5028390911190381
0.6949244681973843
0.2772439276544865
0.7642984153684504
0.5762180450919193
0.7537550195415051
0.7078865362539539
0.393363730205225
0.5185574975804789
0.4925964713061061
0.7311603212142832
0.708974308271404
0.47880799118276335
0.3487399017075792
0.5382742141848306
0.4944111571308647
0.4369492591849496
0.7318387345469285
0.7520976894149399
0.685528793903683
0.6958632330693217
0.3819274261426387
0.7814080287693821
0.7026909884885703
0.7309637530887205
0.48237082073711846
0.826593160747846
0.7394882849342256
0.3862283319181872
0.6794578404416757
0.8646915663127632
0.777985153739303
0.6257050793197119
0.7408479929095387
0.8085875010934196
0.7107926412921187
0.9089345947140032
0.7477035374690796
0.47316638332681094
0.37291533037556934
0.4509513522503186
0.5964564836620392
0.6170894383518263
0.8576942527887151
0.3651422473960024
0.5892953153713067
0.7650719929878613
0.45083532486944994
0.5457045306511774
0.3884115572625567
0.3829284740648539
0.20133198910359093
0.5443993589480958
0.5178919081422484
0.33644314211393284
0.4323357948752583
0.9296361650007251
0.723220938763437
0.4602148820218852
0.5278339735691685
0.4074325168784962
0.4114125866815745
0.7796319172640594
0.7452631924442191
0.31067492072571806
0.20056976698873852
0.7644141915816826
0.699426559166847
0.8018193624796007
0.8070156279853442
0.7772000330428683
0.8523448995663346
0.7545651346913593
0.6630314810879719
0.3492863974107765
0.7643942127070744
0.4466303280271094
0.634827288227249
0.8949317272614427
0.48657823914196896
0.35941414673837946
0.5304599126364121
0.7038449950041086
0.7698563618339553
0.46389770131556024
0.3927541867014163
0.7287013232479291
0.49119025514056713