2.261054009177755
2.406017559292824
2.4020407456970503
2.1241020347592485
2.4076335198029035
3.329930135218479
2.005970406282465
2.102157019935893
2.443869538860122
2.5773729374955305
2.045759727066942
2.3163596814148004
1.9594962655284807
1.9235807160779324
2.5135418994221457
2.61236735995303
2.5532764001973725
3.8885486095901687
2.3023576361866667
3.369970207105826
2.2627390095498026
3.2830550729216537
2.3784776003701094
3.558040980985492
3.8605410852272097
1.6176465980996646
2.064297115684175
2.82669996660616
3.8450245835051557
2.2161593146288876
2.2024000243747466
2.3758138837274174
2.2120947857746174
2.2452522518379663
2.315451520029871
2.108801959099287
2.1291708321590335
2.2016837172705443
2.5808937033381767
2.0545268405722474
2.2042745866002296
2.5707679510021215
1.9549396415452822
2.122807948822107
2.3106505761428355
2.2192055808618836
1.9761468883505557
2.746019267108659
2.11979604865331
3.077326780544775
2.9974214973831472
3.941253175492082
2.4146385182757335
3.4729468862387485
2.162488189263426
2.17192812158574
1.9505212655284794
2.082149073513813
3.58361881470651
2.342855053432725
2.172871075367379
2.7117175340644515
2.243668123473853
2.247993679835604
2.78287418381019
2.6753455302963864
2.9994371766391126
2.280382216332457
2.61796124100716
2.101691067578118
2.1341920410713797
2.548578237545936
3.2580889496134287
2.5850758398578897
2.6115062313418385
2.1015193424515566
2.7837884906476855
2.3539133023855996
3.0746064065368657
2.2182158159549736
2.318508559675063
2.148166340430498
3.0658213954197047
2.390546745953305
4.152423649003463
3.3508862014087732
2.4598615255557252
2.1439483910765365
3.877859060617901
3.976178784060729
2.2428294233764827
2.1991992178578403
3.2926468862387477
2.7697026039687973
2.3861987158607985
2.2291737096254174
2.5364465772226374
2.2456296271437868
2.7241068632368055
2.646234250926181
2.2561530646288883
2.3098177627811634
2.534320232186758
2.69876924467672
3.057906540964752
2.6016020433992804
2.8771755495502696
2.250395536234695
3.563391976553744
1.926891809172929
2.209816045398119
2.8219340758368396
2.220923745050637
2.862405759510308
2.686009281502784
3.3019958788281283
2.9542216405545982
2.306056177747818
3.5749111277931025
2.3805446600472777
2.2045905265150427
2.60961511234035
2.605047105102223
2.9454277897868675
2.04091580386169
2.9725014214322787
3.1529191283773397
2.2089101087652274
2.408023495457668
2.4547409239750966
2.35942601549994
1.9901282175499873
3.392203866884838
2.1441781195671545
2.8929966147883093
2.7058110434907316
2.4293346456940146
1.8096416207920267
4.119507365424806
2.0555339284843352
2.2116301666273817
3.1974020479399314
2.6447629428183888
2.3139320054074126
2.8536359668868236
2.3673023207156216
2.38912742640335
2.1367757238898033
2.186877041911213
2.3213507809899383
2.0954077384988334
2.32101885466078
3.6110763444909058
2.1377671193234242
2.8628181896303992
2.4297569236203245
2.0692077011792787
2.8998125287561027
2.3309961985088172
2.504564802947151
1.9887253435009615
2.7293711397124056
2.8933511114549475
2.6677070287555296
1.6870537941294383
2.6194137882224506
2.3274986972199816
2.2568758373455893
1.9848037286236995
2.317426650143865
2.280433965267031
2.821290851183038
3.6465176108528414
3.0993540934123054
3.0212917877677636
2.1397983383894967
2.6503256797438013
2.6805526775659967
2.6197475259894496
1.8701654894636608
1.946206585138448
3.648817618275295
2.7796572339039276
2.4326798943219607
3.099100596281657
2.2652123169836784
4.053910362359586
3.2569341256546487
2.1795530471059834
2.863391143499035
3.566427732994369
2.7878940625221347
2.5148820287151956
2.4685912168653346
2.5357629248749856
2.020166519021636
2.3061845663867384
2.7237646957372874
4.007044584375312
2.586272310992239
2.90546779098279
2.2693081215857394
2.1351220054074123
2.3452531592535664
2.2713716472267667
1.9714776413118127
3.8666082340421033
2.745104666118168
2.0776600054232315
2.5922438539599977
2.482494511032911
2.618375782240225
2.4450435062011255
2.8559483182545105
2.55541235842586
3.126572581952269
2.3417132900326205
2.681965241529399
3.747052583310259
3.1917415541958505
4.297914452639007
2.614390825469295
2.838391055458212
2.5087151083457133
2.4217752261830388
2.9599507656758313
4.0596727616428065
2.2352339977731575
1.645495202838088
2.1114424764766486
2.260402945205035
3.207004248648234
2.7560347754437604
2.5432228046480407
3.8816451648362627
2.188779581803619
2.07887001175917
2.0396368740790454
2.317992929278047
2.189262830526445
2.91885820554357
2.1723679470512565
2.3225339028911183
1.9442366822708532
2.9038805968202954
2.4826131696840257
2.3451557746083154
2.694167010453402
2.150371333859658
2.0982027040668623
2.040655465246008
2.304365771022985
2.4933805384147103
2.1037829569708357
3.068801072921655
1.620607888422244
2.7664768278197123
2.741862656278011
2.073119192607253
2.906942712571688
4.288880249631108
2.1707203614095203
1.991135926819986
2.0711560178814246
2.2183677234535146
2.035394342451557
2.8600939678223156
1.5648681030837448
3.560276104106288
2.208775067091482
2.396152809393456
2.129124323192249
2.0048964335515524
2.5058052420639374
2.2877084218784614
3.3811595584984184
2.54038919737539
2.1975447383473536
1.6923176767133832
2.893905241331435
4.020739850647502
2.1676161445257964
2.5206175131451527
2.4846116149578066
2.339077004766164
2.209994786688929
2.688904041725813
2.201506296515104
2.8068957893877187
3.4066000537662084
2.822509199148266
2.269156910782735
2.184441526167351
2.7710022015819895
2.5514033511830387
2.824503698508817
2.344283293558558
2.8838823286331845
1.9165886417521154
2.8662698514448337
3.3752083638399384
2.2575914186200308
2.5928696527599158
2.732043567217069
2.0777528853221305
2.9621748896445776
3.8768175377488063
1.8959161006933165
2.3723068381059065
2.6788497567072067
3.0186509155427768
2.37949615892661
2.252765411125644
2.914359177046224
1.7335541226713378
3.139700719508774
2.7717304768872513
2.420067878892038
1.7754192432401652
2.9563586248808384