42
58
45
40
54
53
42
32
36
46
39
44
39
36
29
55
40
47
53
49
43
50
37
46
47
27
39
61
45
54
42
33
46
41
53
43
40
40
31
41
31
44
31
42
51
45
43
52
44
36
44
43
38
28
38
45
42
48
44
53
46
45
45
47
47
56
50
38
42
35
51
57
63
66
45
39
57
35
45
45
37
47
56
52
45
29
48
41
54
46
38
39
28
55
29
33
45
45
43
30
48
34
35
43
56
46
57
43
62
33
52
27
42
23
41
31
48
48
34
45
47
35
41
51
46
59
52
41
40
44
51
44
57
46
37
33
56
40
48
39
39
25
43
39
62
54
55
47
40
43
48
53
32
43
51
34
57
55
44
47
44
58
61
39
25
49
60
40
45
38
59
32
56
56
23
42
60
63
53
41
32
60
58
41
63
49
54
22
53
39
37
26
40
55
46
43
45
47
46
40
48
44
39
42
45
41
44
36
45
22
35
50
44
55
37
38
45
53
60
45
61
55
44
55
32
45
45
54
33
41
47
53
45
35
56
42
43
39
42
51
21
46
38
39
44
60
44
61
51
43
40
41
39
50
44
27
35
54
48
32
57
47
33
40
47
39
43
26
33
38
51
52
39
51
52
33
51
47
31
61
45
47
53
55
44
40
48
45
31
25
47
51
51
55
32
41
52
59
33
45
31
43
28
39
42
38
48
37
54
57
28
43
44
50
36
28
55
55
38
50