59.31
44.81
56.9
21.060000000000002
33.010000000000005
33.95
32.510000000000005
57.28
34.2
41.57
21.060000000000002
46.61
33.95
15.71
23.47
43.86000000000001
33.010000000000005
59.980000000000004
43.86
72.12
44.85
62.54
40.540000000000006
51.370000000000005
69.21000000000001
30.49
32.510000000000005
58.33
39.26
35.580000000000005
39.26
27.03
35.58
28.6
40.510000000000005
29.270000000000003
46.06
40.870000000000005
3.24
119.92000000000002
26.79
50.580000000000005
49.94
53.6
63.269999999999996
15.27
49.85
67.15
44.81
16.130000000000003
69.64000000000001
30.490000000000002
36.61
32.7
35.160000000000004
100.63000000000001
31.92
104.11999999999999
49.410000000000004
51.370000000000005
35.58
50.08000000000001
31.92
63.27000000000001
46.61
48.11
98.31
40.870000000000005
40.540000000000006
31.4
57.28
43.78
52.57000000000001
105.4
48.470000000000006
50.08
67.15
24.3
49.94
54.04
33.010000000000005
57.7
28.180000000000003
60.93
26.79
24.5
35.580000000000005
46.06
59.980000000000004
39.26
52.57000000000001
35.16
23.47
59.730000000000004
8.17
44.010000000000005
70.67
72.44
50.53
6.48
60.2
23.78
49.94
31.64
62.81
54.040000000000006
55.81
62.11
46.84
32.260000000000005
31.4
58.72
62.11
16.130000000000003
39.26
12.03
48.720000000000006
60.6
19.03
26.790000000000006
67.18
42.15
40.1
29.950000000000003
48.050000000000004
72.87
63.07000000000001
26.790000000000006
33.95
36.67
33.010000000000005
44.81
70.64000000000001
75.02000000000001
23.47
26.79
87.32
23.550000000000004
36.61
23.47
39.26
31.92
75.74000000000001
23.78
67.15
60.93
78.72
62.63
33.95
62.11
57.28
26.630000000000003
45.59
35.580000000000005
66.48
16.130000000000003
61.88
80.83
55.81
70.66999999999999
44.81
59.980000000000004
52.57000000000001
28.07
30.49
79.62
118.66
44.81
48.050000000000004
36.67
31.420000000000005
15.71
59.730000000000004
62.81
3.24
48.49
54.260000000000005
59.980000000000004
35.580000000000005
23.550000000000004
31.4
46.84
52.57000000000001
54.18000000000001
72.0
15.71
68.77000000000001
29.85
43.86000000000001
27.05
72.72
23.47
33.010000000000005
83.31
71.44
12.47
48.489999999999995
41.57000000000001
39.26
23.78
50.18000000000001
35.580000000000005
44.29
39.26
50.52
32.260000000000005
57.5
15.71
63.27000000000001
12.03
49.94
59.31
35.580000000000005
72.87
20.310000000000002
46.17
44.81
71.44
59.980000000000004
46.17
57.95
60.400000000000006
35.580000000000005
88.66000000000001
12.47
26.79
52.15
75.65
15.71
45.150000000000006
57.7
86.00999999999999
56.8
36.67
59.980000000000004
48.489999999999995
57.95
64.38
35.580000000000005
44.81
66.48
55.650000000000006
36.67
33.53
47.970000000000006
65.36
62.11
52.57000000000001
48.470000000000006
36.02
35.94
19.03
26.790000000000006
44.39
58.2
21.259999999999998
6.48
68.7
69.72
61.80000000000001
44.81
35.580000000000005
23.47
44.39
44.29
46.84
26.71
30.49
41.57
35.160000000000004
44.54
43.86000000000001
44.81
43.150000000000006
43.86
15.71
80.57
28.180000000000003
29.54
84.11
23.47
44.81
26.790000000000006
9.72
15.71
44.81
72.87
44.81
35.580000000000005
50.080000000000005
41.74
35.580000000000005
53.09
65.03999999999999
3.24
65.88000000000001
42.24
82.1
41.49
39.18000000000001
11.41
48.470000000000006
27.03
18.84
36.02
55.4
59.980000000000004
36.440000000000005
75.52000000000001
73.39000000000001
48.470000000000006
32.510000000000005
44.81
67.18
6.48
12.47
62.67
78.72
44.81
31.84