-0.42545373941272574
-0.4292812999364041
-0.3970436029774998
-0.2853380712622719
-0.36884570270327444
-0.40166654784261574
-0.3379008770957408
-0.4034034597717576
-0.44693312642342564
-0.31318720610878836
-0.5262161244017383
-0.39126221711375936
-0.32483693073173325
-0.29834968341182344
-0.5617520471964841
-0.4732998096467197
-0.3588367731220302
-0.3755884768012186
-0.6415622664103784
-0.26565672760006626
-0.5622057855015881
-0.27940718290539307
-0.3715503209553481
-0.3536540508552164
-0.3579119959187091
-0.2525071137265662
-0.3939112785388919
-0.37387717224155737
-0.3344974779555023
-0.4924990018941628
-0.39279048149446927
-0.3165249386476655
-0.21050892633611998
-0.22422030538973772
-0.37295274238415116
-0.37120558887256766
-0.38503661624952995
-0.3874352236088574
-0.4763224883146769
-0.42951530015456246
-0.3305355691233748
-0.6004110285263791
-0.4457790919224416
-0.41807262459636585
-0.42313572371716335
-0.8148838621735477
-0.49323155106521094
-0.818726118035049
-0.4508228131175698
-0.3270178172993554
-0.5766540345275056
-0.35538577773396385
-0.5028694227098373
-0.6004773128661327
-0.25004607073698754
-0.5868561800596983
-0.36062056861510383
-0.4308649534877797
-0.5111721216176214
-0.42867449563180443
-0.42574218588381135
-0.35726485778179085
-0.560038649477908
-0.574450446979962
-0.42651622271635325
-0.3072186452695611
-0.2622130421856516
-0.25194901423395005
-0.5388256229926996
-0.41520668819505147
-0.41952445563484403
-0.37340527349034547
-0.2708396848739691
-0.42650383664009583
-0.38878518634988973
-0.6995965135649385
-0.2996754987451607
-0.49129401788647664
-0.49310567350187284
-0.7898635665112823
-0.4256272485692223
-0.4188482367983057
-0.31654304419482554
-0.6775669958445434
-0.6419661310658444
-0.3967145658176373
-0.4340130272514995
-0.38746977408103983
-0.4239883976103749
-0.2849510330458446
-0.4593568974137002
-0.3873908303743946
-0.4841243302578433
-0.4306092206287419
-0.2980660823249813
-0.6593624315201442
-0.4606632313814771
-0.3537925749180641
-0.436098016397384
-0.3566472241182628
-0.5831565645021307
-0.4314545893275926
-0.6779996010678203
-0.5980699934002895
-0.46457725506232905
-0.32438136574373205
-0.3627450892112253
-0.7234905674898254
-0.43581040658821213
-0.3420365406243392
-0.3177062568612007
-0.413189918655351
-0.47692383792353626
-0.31134196144338544
-0.5119911809331289
-0.47256597248166826
-0.5869864870290806
-0.508524181022427
-0.6469719704099084
-0.4346854551496496
-0.33813952543614706
-0.3823466172352353
-0.3882044800648103
-0.5519175469875331
-0.3402236670849762
-0.3692658711489315
-0.4054108140254728
-0.37831743572684157
-0.38876455281482997
-0.3793910546281819
-0.3007151180993511
-0.41265915260473945
-0.5774531278218271
-0.33613289732121493
-0.3912149360218223
-0.424820237555169
-0.580191336762963
-0.5445212977412445
-0.41304463786247836
-0.5354643577240742
-0.3380541851002312
-0.38797637912117183
-0.49593855654586305
-0.4484682512379616
-0.43348521465467915
-0.29999856518432466
-0.2589035575359123
-0.4859566911703226
-0.291718467570149
-0.6120542748836406
-0.3396947433696969
-0.41735680206854664
-0.5175518906520019
-0.31221111679934394
-0.4351227317512546
-0.3111892341380964
-0.4243736164895296
-0.6738474508617671
-0.294049859987692
-0.43605374819383386
-0.6903032357839402
-0.4513331709548381
-0.43068366779001754
-0.4577816409299151
-0.4809449437636575
-0.40077558731277235
-0.4969977739339207
-0.5287415987376185
-0.3114937826308329
-0.5668034764147543
-0.32291272306824326
-0.4469987581500642
-0.5757142416601906
-0.4983692930270584
-0.42689193983811935
-0.7785335082802571
-0.3754540094290248
-0.3604442414509558
-0.35827687409374326
-0.2536351985250387
-0.4386045004603497
-0.37943748926905496
-0.24452519077183493
-0.37874496380463246
-0.6695447602963005
-0.36756869429907185
-0.35243530418957475
-0.3134005259347204
-0.6514483339905438
-0.3676454897535728
-0.5372684488930838
-0.6872418417419862
-0.48170091452591074
-0.36973644956819174
-0.29226236461946487
-0.31676126773622093
-0.4188660006866648
-0.35032620601365816
-0.37219214891298
-0.2858765297814883
-0.24875170211545966
-0.3741708995742618
-0.32949586825579447
-0.4264299903172893
-0.5413169225213373
-0.44799383597939196
-0.295822017347197
-0.5317230305842102
-0.5514329472035935
-0.5565495676960284
-0.2713840328811625
-0.45715413782423836
-0.3039669437352783
-0.824644924641956
-0.32597590355126227
-0.3491810296392721
-0.5538638271717898
-0.30325473987799256
-0.29668835628123047
-0.4325240427369457
-0.31008236035037634
-0.4433173248939416
-0.19019965680263817
-0.6319060293254928
-0.45357599983682306
-0.36651560647861553
-0.5308619178533162
-0.34823512101909415
-0.5865356466012781
-0.3810512645243154
-0.23775492323954445
-0.35605802193836383
-0.2632758068681855
-0.5750727643184435
-0.5307562044640423
-0.2506615744637538
-0.35759371599415274
-0.4897656028489432
-0.35851418566296694
-0.2785496765359837
-0.4799732603318579
-0.30695027539390013
-0.48068812263712796
-0.41967969623930385
-0.5359132887493719
-0.5548430009311069
-0.32127723340103
-0.485731934721116
-0.29879136896170805
-0.37007197785824997
-0.37619861344298183
-0.38979635171165206
-0.42693496893502325
-0.3088808021407801
-0.35030145410446983
-0.37811451744740715
-0.5286889537446904
-0.41915343259437066
-0.35870806134861305
-0.4164461322491064
-0.515553565208552
-0.44822207347438037
-0.39619402464198356
-0.3849266023140071
-0.36117037627938536
-0.34262662526448934
-0.38304363405987873
-0.5209926861187872
-0.36829147256306594
-0.4723643704572219
-0.3145000289035375
-0.5890576254739025
-0.3775496511714788
-0.5902796531480531
-0.3173253195178255
-0.41544339933975527
-0.24086194224537907
-0.45724197476596373
-0.21572081681903466
-0.3310172633039883
-0.3404035346498184
-0.3324256875846692
-0.6546113121959215
-0.37450137129860267
-0.40461966135473976
-0.30835147343309816
-0.361892324466335
-0.3464206135750058
-0.25874343361459534
-0.711647436891513
-0.5558245848149552
-0.35828907057086384
-0.48732254432849875
-0.5453165809384729
-0.30867819742590136
-0.3859325457756164
-0.5330695230170506
-0.34573382513357187
-0.32698136202324335
-0.39818836927300993
-0.514146924372378
-0.445755311433989
-0.5689679961060884
-0.29639070724210265
-0.5057425490709724
-0.3756638904052669
-0.3736563851920587
-0.36031026539599253
-0.46434102734144217
-0.2694129174436475
-0.23038682216109213
-0.3916045551895836
-0.38828463737649965
-0.3485741705551443
-0.4611916488638891
-0.2840135438999001
-0.25708759802107106
-0.5125417968896299
-0.46451636534680396
-0.5680651950439111