-0.36692950281506076
-0.3536116480386926
-0.36428934487467457
-0.22723372781470502
-0.24346864929082215
-0.47925469077537575
-0.5306351822754323
-0.2673619645718039
-0.337805982222389
-0.27819165671358853
-0.2782634827152087
-0.24571664401196358
-0.19130858292778088
-0.22184572509028683
-0.34381900530096726
-0.2954584179366374
-0.2802835426086658
-0.25983935270646513
-0.2908073879518386
-0.28702471502569177
-0.4003281124011218
-0.38226452571412245
-0.3937471594192423
-0.44125874294899503
-0.3542092768223624
-0.23035352341602613
-0.2792357022096717
-0.3623242821383196
-0.3383101417643154
-0.43601260274413106
-0.35449891447082765
-0.20524869191470269
-0.2807464608152068
-0.24390833680617788
-0.2329069388360868
-0.3714648791538656
-0.34087684356017134
-0.38849501951776066
-0.27943778599730373
-0.2801825233011717
-0.2066586355521064
-0.19921115266624476
-0.34776198671527303
-0.28296746618711693
-0.20607506857395028
-0.19628764867004225
-0.29841826240477465
-0.23314748724660753
-0.29078367329239013
-0.3338617104498738
-0.35574146866295564
-0.3530081545821407
-0.30895087174844404
-0.27255232994809314
-0.4166312156206656
-0.2357759961967729
-0.25006813521450744
-0.21242117793702306
-0.3442991901331855
-0.5518322058277029
-0.3397822015535359
-0.28466850367359103
-0.20957968125357082
-0.3871391926217156
-0.28722348937204284
-0.29090064932475757
-0.2672452559013395
-0.3592870634466149
-0.27207163302329035
-0.3226349356186802
-0.30498724098729324
-0.21636372075850244
-0.33749909703867226
-0.3075160993125168
-0.20786320792453178
-0.2935865501475111
-0.3019219706866671
-0.30214430814729426
-0.23945495438060663
-0.448916594041206
-0.42811422603386207
-0.31055552589906693
-0.3387156379659328
-0.3462940969779319
-0.31442332381819443
-0.3618154076596056
-0.2050891759417891
-0.2768485194074692
-0.2816794113669839
-0.32044080086168664
-0.278994373362778
-0.23761366912516874
-0.2583647889082927
-0.41918627888460813
-0.2832468993105652
-0.3202889718916339
-0.3492310344214668
-0.3238368253608652
-0.2701586029096732
-0.2865968861401184
-0.23719582791727095
-0.39071164296739574
-0.5214325647582261
-0.37474765784144515
-0.365596051982254
-0.23657917207904022
-0.33004532628111366
-0.3354829355145612
-0.39706407116460235
-0.3253251827944487
-0.19588209413070823
-0.40057241150734624
-0.3752983885877506
-0.2517830474033274
-0.3124864268779942
-0.3846972083931217
-0.2423668933840593
-0.28071553697885776
-0.259528309029166
-0.3185676502188712
-0.2929394382686361
-0.3176282543970589
-0.2889542766857413
-0.3029452210201658
-0.3566715286786568
-0.2622759315597524
-0.34656196283410895
-0.45728814894833536
-0.2922776637295723
-0.42525356245259754
-0.32707798496571805
-0.2761561604075554
-0.3419916717947127
-0.39983263380890305
-0.25391814795919804
-0.2390958074670339
-0.21233232003819152
-0.23894828871662538
-0.33112440590847064
-0.19836032149421778
-0.5574609198611262
-0.25042140476212454
-0.331349453042089
-0.6514254580511647
-0.30637228087991436
-0.24001318029469765
-0.2530298340605419
-0.4718673685626224
-0.43351628635718953
-0.22635546495502512
-0.2308560997073433
-0.20677128775914375
-0.23811072350375861
-0.25613801811737436
-0.3979360965964877
-0.37146118314695065
-0.31019610377513634
-0.24908958437140005
-0.34263157292557933
-0.5413255136554783
-0.506076791829875
-0.23951126489591637
-0.423197128735751
-0.3689266028944958
-0.3242474795671001
-0.25113745023755774
-0.3112845679966529
-0.27789034109420907
-0.3956230371349835
-0.20385608385212414
-0.2902043817558879
-0.31018489325729476
-0.30536398119159003
-0.296626100829427
-0.27493004743978317
-0.3998912545026171
-0.29138157566142453
-0.22583723565856972
-0.2948872461805546
-0.3654158006316395
-0.2687855338844592
-0.2223604479515701
-0.2839453240928785
-0.3305961076051365
-0.304381322611804
-0.43371094399661353
-0.20308495534650697
-0.33914238063454677
-0.26466955871875114
-0.23909772471142787
-0.3310581524388908
-0.37722328596316856
-0.2516148718367209
-0.413468350434248
-0.3487988247592172
-0.34136861016231707
-0.3035546885124479
-0.20882581298743727
-0.2812822032150319
-0.30859066188471457
-0.2589324210332175
-0.37634956792462615
-0.4856758813438707
-0.34936705719601147
-0.1638851414702179
-0.2999303095487364
-0.34504133714957547
-0.2712466987924028
-0.34322593640767374
-0.37674764467559957
-0.3093637496617569
-0.33600804164614934
-0.2501738708979724
-0.24014882566519183
-0.3582158679275023
-0.2621529801950024
-0.2670627781681263
-0.298462726687476
-0.35356087599950226
-0.19914858708320837
-0.27673032901579675
-0.45590591780838124
-0.3116784786765753
-0.4104450556260615
-0.4293890842621111
-0.21926994734979285
-0.38325088264498064
-0.3463532839105028
-0.3237497323989601
-0.39001686899012755
-0.29633386011043716
-0.3692244228081923
-0.1655667022621422
-0.32641290246822663
-0.24377483557363505
-0.42323910845328294
-0.33051410072923443
-0.1861117453903382
-0.3139335041216976
-0.33655078454599635
-0.38836263672911436
-0.33051514437411245
-0.2839734254460904
-0.24674219921878987
-0.28884659821627673
-0.21281646959502484
-0.23341528447815563
-0.3136723391691359
-0.4222520906838456
-0.22989926345565445
-0.1552163241798872
-0.3077425151201908
-0.2853888254818701
-0.2503077760912502
-0.21689344000413818
-0.22349440969103948
-0.2605613967614396
-0.6257475643854098
-0.224593214837042
-0.29893479602291023
-0.30545223555078155
-0.315628946989554
-0.3108521874996691
-0.24291232322321368
-0.4613529095660397
-0.22663933596163588
-0.38412027626773537
-0.29000440858331905
-0.32336486642361706
-0.45427046790625053
-0.27788990375012024
-0.35815724124139314
-0.22326214461129115
-0.24631990164975182
-0.39749202870723
-0.32464116813617844
-0.232617183011433
-0.3362013334345002
-0.3001003015586662
-0.324830452145822
-0.2961726124987698
-0.4044114682212519
-0.3833302365151485
-0.312510394984388
-0.18143650096330982
-0.2294743013658508
-0.18250782217963318
-0.24581084388178076
-0.31642912904329235
-0.3971131965459003
-0.18416174941284352
-0.19600668801066132
-0.2296718487573932
-0.3608010519233674
-0.29363208018163317
-0.358880193794492
-0.3340735787721997
-0.2546689275062202
-0.2830424552969886
-0.33853320003164883
-0.4059573994945614
-0.3252000159155415
-0.25346804908426857
-0.32570353968472565
-0.393885816651679
-0.26632120740096266
-0.23470190066235333
-0.19752906068878803
-0.2564532477074899
-0.2836710436100295
-0.3345188938205309
-0.33428942394968025
-0.348993910992327
-0.29482825244915084
-0.2494790088144266
-0.31206567081915726
-0.24457320914810882
-0.21932866064701323
-0.257735120026694
-0.37178069006612563