5.317600000000003
2.4619
5.048950000000004
3.0801000000000016
3.4346000000000014
3.615000000000003
5.392120000000006
0.9315000000000002
2.2459999999999996
3.8755000000000024
4.309000000000003
3.879360000000003
4.801600000000003
1.9893399999999999
1.0939999999999996
2.928580000000001
3.9872000000000023
3.0212200000000013
5.313800000000005
3.5098400000000023
5.736200000000004
3.007060000000002
5.991800000000005
2.1369999999999996
4.958980000000004
3.6037000000000026
1.7747
5.527520000000004
3.8633700000000024
5.8102000000000045
5.238680000000003
3.3302000000000023
2.352620000000001
4.159200000000002
4.955300000000003
1.8686
3.1487000000000016
3.5188000000000015
2.8237200000000007
2.06142
4.074200000000002
6.122400000000003
3.6610200000000015
3.2058000000000018
4.970100000000005
5.984680000000004
2.0742
5.149500000000004
3.402070000000003
6.515700000000004
4.198800000000002
3.373800000000002
1.329200000000002
4.299280000000003
5.157100000000004
1.1579999999999997
2.5576000000000003
-0.5592999999999972
4.523500000000004
4.121000000000004
3.667900000000002
4.382000000000004
4.7348000000000035
6.543020000000004
3.357400000000001
3.410800000000002
2.777300000000001
3.4910200000000016
0.9589999999999999
3.180880000000002
3.1703800000000006
2.703620000000001
3.865300000000003
3.7402000000000024
5.347000000000006
4.706800000000004
3.173020000000002
3.865400000000003
4.507500000000002
2.59208
4.466400000000004
4.874400000000004
6.0424200000000035
3.038400000000001
3.823520000000002
3.8372000000000037
3.041900000000001
4.974340000000003
4.237020000000004
3.109800000000001
3.231600000000001
4.945370000000003
4.165600000000004
4.996540000000003
1.7281999999999997
1.6573999999999998
6.975440000000003
3.267400000000001
2.7020000000000017
4.5180200000000035
3.5348000000000024
5.520500000000005
5.138200000000005
3.4581000000000017
3.662300000000002
1.1784999999999999
5.297900000000003
3.2377200000000013
3.5047000000000024
6.6636000000000015
3.4293000000000013
4.455600000000002
4.031940000000003
4.802500000000003
3.975500000000002
4.614200000000003
5.270900000000003
2.8592000000000013
2.7889
4.683900000000003
4.869000000000003
2.695800000000001
2.8805000000000014
4.177100000000002
3.9698600000000033
4.4398000000000035
4.572700000000004
4.226700000000004
4.304120000000003
3.466000000000002
4.301020000000003
4.768000000000003
3.542200000000003
2.2043999999999997
4.798020000000004
4.6505000000000045
2.625000000000001
5.796500000000005
3.1189
2.76648
3.0809200000000008
4.822900000000004
6.3293000000000035
2.5122999999999998
3.089500000000001
3.2020000000000017
1.0624999999999993
5.044000000000006
4.740400000000005
3.6786800000000017
5.029400000000002
3.1942000000000013
3.5297800000000015
3.784300000000003
4.331500000000002
4.586080000000004
3.7005000000000017
1.4188999999999996
2.7311000000000005
4.229000000000004
3.0337000000000005
2.926000000000001
4.022540000000003
5.630800000000003
5.654800000000003
2.6609000000000007
3.8629000000000033
3.8202000000000034
5.381700000000003
4.585280000000003
3.0276000000000014
4.060520000000003
4.810120000000003
3.8957200000000025
2.7418000000000005
4.564220000000004
6.285900000000004
2.3636799999999996
2.2147000000000006
3.7753000000000023
4.340520000000002
5.665790000000005
4.119300000000003
4.5789000000000035
3.598620000000003
3.714680000000002
2.4564000000000004
3.1365000000000007
4.415070000000004
3.695700000000002
2.6335000000000015
3.2902000000000013
3.1708200000000017
5.563900000000005
0.4570999999999996
6.607500000000004
3.5995200000000027
3.339220000000001
4.679460000000004
3.3278000000000008
3.015320000000001
4.914400000000003
3.535700000000001
4.520400000000004
6.115400000000003
6.164480000000004
6.671600000000004
5.189100000000003
5.067340000000004
5.699600000000004
2.971300000000001
4.189200000000003
3.684700000000003
3.4934000000000003
5.518900000000003
3.053470000000001
3.921680000000002
3.539240000000002
2.30682
1.3945
4.138900000000002
1.8715999999999997
3.767100000000002
4.729800000000002
5.093000000000007
3.766600000000003
3.7844000000000024
2.50152
3.033900000000001
2.4444000000000004
4.7562400000000045
3.8447000000000013
4.633000000000003
2.1796999999999995
2.2892000000000006
3.327300000000002
4.070400000000003
3.517100000000001
0.14219999999999955
3.9264000000000028
5.506700000000005
3.6419000000000015
3.7440000000000024
3.1371800000000007
1.8808000000000005
3.635920000000003
2.6248200000000006
3.7946000000000017
3.2058000000000018
4.679780000000004
-2.7009
3.318580000000002
4.126300000000002
3.188600000000001
2.888600000000001
2.5692000000000004
5.438500000000003
3.134220000000002
3.015720000000001
0.5132000000000005
3.7463400000000027
3.682800000000002
3.9372000000000025
1.3871999999999998
4.3099000000000025
2.6286000000000014
2.4517000000000007
4.674500000000003
4.005700000000004
2.7238800000000016
4.007120000000002
2.4914000000000005
4.842200000000005
1.8665999999999994
4.268900000000001
4.930020000000003
3.0374000000000017
5.586500000000005
6.132300000000006
4.699900000000004
4.006320000000002
3.666000000000002
4.3251000000000035
2.7961800000000014
2.3002200000000004
4.9985000000000035
3.5011000000000028
4.222640000000003
1.7423
3.731300000000002
2.3269
3.565620000000001
4.289300000000003
2.1614800000000005
4.265100000000002
0.7148999999999999
0.7615799999999999
1.29252
6.453500000000004
3.351700000000002
2.2927
3.001500000000002
3.7463700000000024
2.753000000000001
5.4082000000000034
3.218020000000002
3.3854000000000024
3.1432200000000003
3.954600000000003
4.104220000000003
3.475340000000001
2.376099999999999
2.798400000000001
4.228600000000002
3.8827200000000017
2.2455000000000007
3.9853400000000017
1.9336
2.0397999999999996
3.6208000000000022