10
6
9
6
5
10
10
6
9
9
10
9
6
6
6
6
6
6
9
10
15
10
10
6
6
10
9
6
17
10
9
13
14
10
9
6
6
10
6
9
14
9
14
10
10
6
14
9
9
10
6
9
0
13
17
16
10
8
9
5
17
10
14
14
6
6
17
6
6
10
6
6
8
17
10
17
6
10
10
14
9
6
10
6
13
6
10
9
9
14
10
6
5
9
10
6
9
10
6
9
9
6
14
10
9
6
13
13
9
9
10
6
12
6
6
9
6
9
9
6
10
14
7
9
10
14
10
14
9
6
17
10
10
13
9
13
6
6
6
9
10
6
6
9
6
6
18
10
6
6
13
9
10
6
9
6
6
6
10
10
17
10
6
6
6
10
6
6
9
9
6
6
6
6
10
9
6
6
6
9
9
9
9
13
10
10
17
6
9
6
6
10
10
10
6
10
10
10
9
10
6
6
10
9
9
6
23
6
9
6
10
10
10
10
9
10
14
9
9
10
9
10
6
9
14
10
10
10
6
10
15
6
9
6
10
6
17
9
10
9
10
10
6
10
18
10
6
6
10
6
5
9
10
6
10
6
9
6
9
15
9
10
13
6
13
8
10
10
9
9
10
6
9
6
6
14
13
13
8
9
13
10
6
10
6
10
16
6
6
9
6
9
10
9
9
6
6
10
9
9
10
6
9
10
14
9
5
6
12
6
10
6
6
6
13
9
10
9
6
6