530.4370000000004
292.335
326.39900000000006
309.3210000000001
381.52900000000005
317.435
484.56700000000023
303.27400000000006
384.39600000000024
357.7970000000001
367.83200000000005
324.4090000000001
349.3460000000001
311.3450000000001
308.345
252.27300000000002
489.3700000000003
223.70299999999995
462.5710000000003
321.37600000000003
518.9970000000002
233.274
424.8840000000001
335.29600000000005
402.42500000000007
361.37200000000007
447.51300000000026
432.4600000000002
359.42900000000026
396.4900000000002
389.79800000000006
398.4880000000003
237.258
282.73
425.3110000000001
333.41299999999995
368.54700000000014
474.85600000000017
360.3950000000001
265.3089999999999
327.8400000000001
445.5250000000001
345.40200000000004
361.3800000000001
475.93200000000024
498.3850000000002
271.272
348.40900000000005
363.3980000000001
493.47900000000016
396.46800000000013
329.396
516.5880000000004
409.40500000000014
459.61800000000034
438.39200000000034
417.4610000000002
533.5640000000002
504.63700000000046
243.397
431.5360000000001
451.4790000000002
535.5560000000004
449.5350000000002
367.63000000000005
489.62000000000035
332.4250000000002
436.5410000000002
226.257
285.31
208.26399999999998
432.4770000000002
410.93000000000006
344.414
420.4650000000002
380.4470000000002
356.40300000000013
490.6520000000003
382.42300000000006
263.27599999999995
487.39800000000014
407.5430000000002
433.86600000000016
348.42400000000004
408.4650000000001
518.5470000000003
278.267
281.38000000000005
488.0530000000004
226.231
382.80700000000013
402.8230000000001
546.7580000000004
393.87400000000014
310.396
398.37100000000015
464.8050000000002
440.49200000000013
547.2250000000001
387.50100000000026
310.34900000000005
505.6170000000002
408.92900000000026
452.53200000000015
418.4270000000003
438.4180000000003
371.41500000000013
320.31200000000007
303.111
440.31100000000004
403.3460000000001
391.90100000000007
416.4580000000002
450.8340000000002
382.055
389.43600000000015
445.9060000000002
274.301
376.41600000000005
335.38800000000003
293.28200000000004
198.26899999999992
361.1910000000001
295.29800000000006
441.5310000000001
528.5610000000004
387.47900000000016
373.43300000000016
460.5150000000002
311.36600000000004
451.48600000000016
474.5610000000003
460.6250000000002
443.5140000000002
484.94700000000023
378.44700000000006
428.8940000000001
436.6270000000001
344.7320000000001
364.4330000000001
266.29999999999995
411.5080000000001
488.01100000000014
435.46500000000015
406.3940000000002
389.43300000000016
528.5100000000003
406.43800000000016
395.5030000000001
442.52200000000033
280.758
372.4700000000002
401.48800000000017
470.2350000000002
465.4910000000001
474.4920000000002
369.80800000000005
561.5280000000001
317.72799999999995
365.5020000000001
248.28900000000002
455.52100000000013
447.63100000000026
434.87900000000013
461.4990000000002
371.74000000000007
498.7140000000004
410.5180000000003
397.9120000000001
355.353
395.43700000000007
387.53400000000005
375.4280000000001
342.3510000000001
452.46300000000025
427.55200000000013
599.0940000000002
308.337
304.371
364.521
353.7650000000001
354.4530000000001
539.7120000000003
361.3970000000001
399.38300000000015
489.61900000000037
320.34800000000007
271.276
420.8560000000001
303.4120000000001
315.35400000000004
385.3560000000001
413.54300000000023
438.9360000000001
365.4150000000002
448.4820000000001
335.3590000000001
333.3510000000001
442.5190000000001
472.49600000000015
444.4470000000002
365.8160000000001
315.35
514.6980000000001
389.2630000000001
416.78600000000006
414.5090000000001
369.8330000000001
329.4030000000001
455.9440000000002
402.24800000000016
451.50400000000025
460.6250000000002
356.4070000000001
426.29100000000005
390.38000000000005
268.703
297.387
409.4450000000002
302.23800000000006
453.54500000000013
472.5480000000003
405.83800000000014
298.39200000000005
546.5280000000002
380.35200000000015
365.3850000000001
398.44400000000013
386.688
273.292
401.4660000000002
477.3590000000001
438.36700000000025
406.47900000000016
318.354
272.175
409.4450000000001
428.44800000000026
446.36400000000015
340.42600000000016
423.4720000000001
510.52700000000027
434.58300000000025
344.37000000000006
527.5260000000002
324.33600000000007
315.44200000000006
324.7890000000001
361.38000000000005
396.8300000000001
259.218
387.4420000000001
345.3980000000001
328.418
526.6150000000004
377.23800000000017
394.88300000000004
241.246
418.45300000000015
287.31899999999996
466.3530000000002
373.3300000000001
371.5310000000001
340.4050000000001
334.3750000000001
425.5570000000003
245.27799999999996
523.0190000000001
504.4610000000001
393.4750000000001
313.74000000000007
317.292
372.5590000000001
192.24300000000002
280.805
502.57100000000025
289.678
282.43100000000004
451.5260000000002
358.3930000000001
369.4750000000001
399.4500000000001
321.336
272.329
338.4730000000002
458.9520000000001
442.5660000000003
394.4560000000002
318.40200000000004
316.307
387.3730000000001
419.4370000000001
475.5010000000002
365.4210000000001
327.3900000000001
335.385
306.303
259.338
409.27200000000005
391.3850000000001
440.4960000000003
286.37899999999996
417.4500000000001
335.35900000000004
487.5120000000002
313.40600000000006
518.7040000000003
455.5610000000001
354.41300000000007
423.4500000000001
401.48800000000017
277.207
383.6770000000001
373.84000000000026
361.40500000000014
394.4340000000001
346.3940000000001
317.3450000000001
189.17
331.80300000000005