0.3485441810683856
0.4958520691198744
0.8393584154069563
0.641473293449908
0.6349815576126161
0.615420602751314
0.301803785855016
0.7546132933959646
0.6910750280496601
0.7190884152323908
0.6818638257594078
0.608625416239094
0.48765852627677886
0.7673849038695044
0.7366136734039211
0.4996709289993302
0.362715786979631
0.670606714465932
0.5388284687136395
0.6909659019340852
0.366390146566633
0.7004433684533914
0.2891636907034777
0.6738510891543097
0.44793215527705416
0.6979654815423268
0.6010027409150199
0.371165222022499
0.7298350808234448
0.4494482608676466
0.4644503992711043
0.7124073582338216
0.6103905941174068
0.7675333389477289
0.48655705399522386
0.46974323019808817
0.4949064380139968
0.27731832662343425
0.4795435657227483
0.7985694545824098
0.32220714659439964
0.34117100172885934
0.7825819556203046
0.571718895492706
0.21161845852945785
0.4067901430988669
0.588032392991559
0.45279476442432315
0.5611890689993275
0.1627966346548531
0.627557309089063
0.7538476236730627
0.12471063584332749
0.47435462210653445
0.24905658999616045
0.4855936130699119
0.39508536495911756
0.1958614797585973
0.2824405157835961
0.6021457759051041
0.6059255841007203
0.3612384686582838
0.34136442123624255
0.3395031440290038
0.8173877589757935
0.4542061508261678
0.7935260823845477
0.5440017144099121
0.5873711860625306
0.5501646121623797
0.8404879020366431
0.6124324226957025
0.5008980978329949
0.5281873047183174
0.30304604774284727
0.5236123594232632
0.6239299089070447
0.5356380064960545
0.5439622985728506
0.31745719303221975
0.5575358422580977
0.43715604729086277
0.2840844116202456
0.5832109944292352
0.4418329880828276
0.22149115892200072
0.5244059542097872
0.6604832554999845
0.646895730899999
0.5159958739051682
0.30426670857542315
0.1422542041001339
0.13678224714060547
0.5188620690358333
0.8333223380947942
0.44716471993400225
0.3541141896266473
0.24556381123490958
0.44255845588552223
0.7404503024846174
0.8471823917968846
0.2871726901859973
0.6140683661703386
0.619239279450552
0.4148944208607833
0.22324189649403448
0.490301958204279
0.45943535353956827
0.5981156140156006
0.3405582974318806
0.525580726571543
0.615744033509871
0.47997807954945454
0.5383240925145493
0.6336858126832229
0.39175858628392707
0.40537453714494465
0.6245100438454958
0.3973507633469699
0.4932385194587346
0.4242008069035419
0.7064882384087371
0.4701487080383636
0.4445787480908079
0.4921087305637692
0.3203642193985405
0.654533213835985
0.3897684406112395
0.5295465884273446
0.8010977451038007
0.38834870089989176
0.30407965124095443
0.3146510331898377
0.3378882350105221
0.43692734718581416
0.7274544336242007
0.6941651667005125
0.44547480649529925
0.49780423299667076
0.608946216885759
0.6787355099928722
0.4596387601083923
0.24725441276460797
0.4070687926244891
0.2506272249428495
0.4743969291260461
0.30565087663778057
0.3265553744746642
0.4881568259694922
0.5301747514829137
0.6531800235489825
0.5712719960289196
0.6812802037961698
0.25878271395610614
0.2010578087666145
0.2840194853221585
0.7175301451367242
0.17337470088677254
0.7464954474605356
0.47938089087479113
0.4182764980331914
0.46081542685447274
0.5888171486315739
0.3080394424733777
0.28152591359837026
0.4115255888246382
0.4433160558596386
0.40123455349062853
0.2567954346890296
0.5213795095393327
0.5730502423208522
0.6684878716552957
0.4583801765508405
0.32931078009792886
0.5497465720287616
0.44761522345536675
0.13687633454595996
0.44889524973579664
0.4860765129887313
0.49205810590846466
0.5921331925775527
0.7556302425870721
0.2535543553059619
0.5457749486198299
0.5278322281661944
0.4462282515409964
0.7124466653747568
0.5076990792136491
0.28405962660457235
0.6904689362116804
0.5754950871491921
0.5426292289212411
0.8174653758087075
0.4275588897735671
0.7571837476903702
0.2577936046659016
0.44773918833930865
0.5936741268942899
0.43838394481890397
0.3305148387539623
0.3987090756982474
0.5581136858757084
0.6436013873196544
0.4148447862808239
0.4596073453567888
0.4085843954544518
0.22855000477441606
0.49508631602787867
0.5516953657497139
0.3927929084101644
0.5357181937360482
0.3782651481442793
0.31378516771258663
0.5487833942240807
0.5179421516830771
0.6731934656159219
0.6284812744390409
0.5930458643647957
0.6189791000760398
0.4632294048321562
0.45436561083043625
0.34959416246438074
0.4754746215582225
0.5125234029408733
0.1885959356159185
0.38460853403095435
0.6955140058756851
0.5582512265680221
0.4196285584801637
0.6859846087753594
0.6844093860041406
0.2574760679673299
0.33553657566409284
0.4233412462968962
0.8419903574541814
0.5814960359844334
0.6929799105022101
0.45340850983187286
0.29929744193968305
0.3833757771574014
0.36991517091932785
0.3972762872644667
0.49657346137550196
0.7438593005178415
0.19350427957443006
0.5013306993619561
0.6191039234271069
0.9010038898683483
0.571718895492706
0.6113056384654767
0.3957886051129175
0.5752003503640511
0.7059124704907975
0.6925941837652122
0.3577472841444832
0.826425238074224
0.46795634450728335
0.4708737039795697
0.3644328733252985
0.8600269512697363
0.4952545792595053
0.6707471913560554
0.5143078422681467
0.4713418455932264
0.5519924800431852
0.4967285784918942
0.6129529997765562
0.315122527127065
0.5056833409523755
0.5637574458162444
0.7773940287936261
0.9105633628451238
0.557159677855415
0.6767729411327458
0.7880299372066493
0.26016951238334557
0.3109343889824115
0.6414938928106774
0.30431396147785394
0.576724087776168
0.5690078836409442
0.5181852327756886
0.3982858785702076
0.8007457001053916
0.6960726014443548
0.3097117977591483
0.3316725184164364
0.5285177830031967
0.37530248316698106
0.8000166117437032
0.363950853633808
0.42157547901430475
0.6001839513469446
0.5992624347765004
0.6101104428943624
0.4506205221518241
0.6954513570212861
0.3271679446017633
0.3940970650860943
0.5370128552731344
0.5406439942195114
0.8877949096084796
0.6524919791006357
0.37200997737317687
0.24397417587528622
0.3490324345762272
0.16561969542086138
0.35168040031854564
0.6641659286149918
0.3399535282195013
0.6668070086452641
0.38798106803671834
0.8006118549903948
0.8420678454064416
0.4161657492348167
0.5394115161319735
0.5646723497131146
0.8342402983860249
0.7846097916467413
0.6487452181821106