2.3908036286689924
3.149722593720673
3.56054747295392
2.5002285841626453
2.520418793952855
3.0927918021729095
3.045227349502614
2.3463879725713728
3.07837559199994
2.2021255590368813
2.3584712298216886
3.0827054534472067
3.2306807385206717
2.360526281849573
2.0417578725213463
2.8309694563450307
2.814009957545629
2.3052523495731467
2.827571079045473
2.2360426776984
2.9335965508083515
3.166419950878792
2.5017434423982987
2.4088418971476298
2.0262826195002663
2.6272699917983395
3.3464136710734795
3.051860620675603
2.5118278118867075
2.774965978439548
2.4921550446626632
2.8363773463512523
1.9728314259919149
2.238748951890111
2.207448566386738
2.7294366479738343
3.1779679185357352
3.02467230196896
2.1939007345044015
2.3826559101428053
2.3402178626812624
2.2085885725795755
3.7788254834599426
2.7258975819297255
2.6652270876648885
2.838700838656166
2.7364755156711578
2.0231071584192186
2.7329569322911045
2.2733615743824593
1.9427344677395872
2.519841445291794
2.831994520842839
2.4575944728331667
3.287232530054827
2.4051581255531964
2.479902884914944
3.972662552001321
2.483827228469801
3.414404413363016
3.2555808041147998
2.5700336012293867
2.575509803985499
2.472207262685986
1.7225137638480756
2.9522809332123696
3.080046340396688
2.230180964802736
2.823916608484968
4.024046434109834
1.574708868147022
2.24300000558887
2.4545748523549715
2.3238762586944297
2.494980972401015
2.573993492949798
2.5995749819960405
2.4168406259468185
1.892512174268477
2.8109487624244043
2.4095572845042543
3.0497262341988254
2.144953703602397
2.746564155452363
2.439204633441788
3.193026419582984
2.265207050444781
2.75427288041168
2.8481193671535987
2.2503261972251725
2.481966121678182
3.033538269530329
2.8208642348125412
2.274898506201124
2.766215795391437
2.34378107536738
2.332668340324643
2.587093888144926
2.426490562546867
2.1615927634574543
2.263066400192768
2.2261481831244385
2.193860525916829
2.5217153627658444
2.367494344598148
2.7007707889939834
2.8342547056383065
2.3718990247258027
2.2291765119647646
2.374102833609138
2.659928337101009
2.1692837636491706
2.6177257974440735
2.4703828314192737
1.8392181742937481
2.342031372054782
2.276587662128378
2.2237797127552863
2.7768849745563813
2.3474962655284806
2.2470881923515904
2.0147191327899314
3.2445293284844254
2.1686728077362076
2.1375735516015926
2.4580048749064627
2.6572465711968505
2.5019088020747073
3.104770668966041
1.6971341744944475
2.497885987527912
2.859828210631763
4.1825461305146
2.623750598033359
2.692155447404714
3.41733940854909
2.026161188387359
2.7496804914934216
2.8870688591424276
3.1778093587726506
2.2439283116887
2.8788628513812604
2.5339299273786207
2.6006668154905093
2.195058105136381
2.9623210387610985
4.409496658586922
2.5811962152068855
2.4277868727407377
3.2698504489169427
2.29048424389209
4.160368809065843
3.0462452309666377
2.6663932635074215
2.4836439913883
2.847883139712403
2.2546469815606045
4.147265433083558
3.5987911923741063
2.081399327520339
2.3522688036643764
2.279827829476522
2.959302477521492
2.3312835444512032
2.1064217327958286
2.4965696369873704
2.96666789404245
3.3921680538837933
2.343352161528438
2.363555547636837
2.3917447687049673
2.316283230243428
1.851010621585738
2.503978326477645
2.8161817595253353
2.2234635818608197
3.523797647134126
2.105277761139515
2.813458739795566
2.8012901226241826
2.2913805969567083
3.612472873967345
2.526438322481054
2.2778522355642945
2.6419616379773476
2.411908938374708
2.7849843877004243
1.9800633228639661
2.2437574716522164
3.3170009602266024
2.799806873670274
2.535189472317821
2.1365294256917533
2.147729488909924
2.3571595785385053
2.055155400115325
2.286538928484335
2.379937774638181
2.2509899287728103
2.5395540176215015
2.493212757556929
2.600142104848276
1.998346434109834
2.87991513497621
2.116110851561258
2.321844408700713
2.822170593234505
2.280911510149245
2.1554358515612577
2.3052669739146605
2.2506417856271916
3.304174490734651
4.180548098314243
2.511341126286533
2.659176566386739
2.998069083124202
2.089210481986056
2.5096151588937072
2.587350078262137
3.1600779665676546
2.070509235149501
4.155669662813624
2.2244923954044538
2.1409257953914373
4.452320808729268
2.3820573523549715
2.018818876817779
2.628198391790219
2.783083533712375
2.2640121516667406
2.3933892384626994
2.7639007366510615
3.2294794986299804
3.839862442317843
2.2454332129559873
2.2617994787309
3.1667013549413356
2.944064137068464
3.892785326843219
2.74910249669132
2.2884923444026253
4.0600253829594
2.268257229213532
2.295654597805056
4.843754800502414
5.075763964902288
2.559686534992558
2.7427846223860097
2.6818229957564057
2.326998976016121
3.773041201226402
2.817231386197065
2.4194322526907115
2.1710991813625817
2.4900155836729514
1.9381922205262825
2.1351397480518077
1.5431243490688367
2.867950131165111
2.588015009474084
2.3695241951008317
2.45646103275738
2.3756570054074118
2.565338090281527
2.4022300823304885
2.5084462047530014
2.4354618875303764
2.7062066751274827
3.5692513703695203
3.203941565846973
1.9131166574348963
2.173872770229739
2.644129497046208
2.8074526398217152
2.5416031203020957
2.9302077442653935
2.619790200985845
3.2229330437088493
2.5301911395187773
2.9160718159838748
2.496332926317489
2.522811808487603
2.290762569876305
2.280048072697232
2.8942039149856686
2.4129734960655593
3.145159443878775
2.651103698508818
3.4189787640999842
2.2386164556661416
2.4790847310687916
2.768578802493783
3.1114357411110065
3.31419610433478
2.173558860145338
2.7991585229738334
3.4989346965666517
2.9178868106072997
2.1258707925259124
2.738241292191752
2.4281605589639845
2.0486211953995745
2.919678807274
2.9142582631399563
2.4575379774884905
3.1288848956482953
2.8114131409973364
2.317114313681973
3.569073411455605
2.9741844399780106
3.1076111150825216
2.110474769750411
2.1796595854745977
1.7691673273014992
2.504965606808435
2.7274912386733554
2.454961270840178
2.7603842466081243
1.7807021241536773
2.4136210229738353