55
37
41
40
39
35
61
43
46
41
42
39
51
39
35
34
60
26
55
42
59
31
49
37
47
44
57
47
43
52
53
44
30
29
44
43
36
59
48
31
34
52
49
45
54
57
37
46
49
67
44
36
62
52
51
60
52
74
57
22
55
58
70
51
35
61
37
46
26
42
21
53
45
47
48
47
47
54
48
37
55
45
52
36
50
55
36
33
60
27
44
55
57
44
33
53
46
49
51
43
35
57
46
51
57
60
43
43
33
47
46
42
54
62
31
46
56
39
50
40
42
23
40
42
58
66
50
41
61
36
53
64
55
48
62
51
49
50
39
39
33
51
55
56
49
46
71
47
45
50
30
57
49
61
62
67
48
72
39
35
32
53
57
54
65
49
60
51
42
50
52
44
52
48
56
49
75
38
38
37
46
47
59
46
46
58
40
40
57
30
37
43
50
50
43
53
41
39
56
58
59
41
38
62
41
53
55
42
40
53
42
56
55
42
45
50
30
34
52
42
52
56
43
30
77
47
46
43
36
37
48
55
70
52
33
24
53
57
57
44
53
60
47
43
74
53
39
36
45
48
31
40
41
37
66
39
47
38
55
36
46
47
43
37
40
46
30
62
67
41
38
37
43
20
26
58
41
31
61
48
40
49
47
31
38
47
49
48
38
41
56
57
61
39
36
43
33
30
45
42
50
34
52
43
58
40
55
52
46
54
49
42
39
42
43
43
40
38
24
37