96.45
81.47
56.870000000000005
57.650000000000006
62.300000000000004
29.540000000000003
57.23
123.58999999999999
123.22
73.22
66.4
55.35
85.02
98.97
85.59
65.61
127.36000000000001
20.310000000000002
67.87
48.3
66.48
50.82
89.36
95.86
71.35
66.4
121.10000000000002
64.36
69.33
48.629999999999995
102.91
86.10999999999999
60.160000000000004
46.010000000000005
80.9
57.00000000000001
60.25
194.14999999999998
106.39000000000001
79.54
36.42
84.23
73.72
83.56
104.9
65.36
65.37
43.6
96.97999999999999
139.51
76.66
49.33
163.4
105.97
81.27000000000001
127.36000000000001
158.06999999999996
188.04999999999998
67.79
33.120000000000005
65.64
100.06000000000002
129.84
64.11
58.2
79.17
61.190000000000005
92.27
83.31
77.91999999999999
35.82
88.77000000000001
50.50000000000001
42.31
98.59
52.900000000000006
70.83000000000001
65.99000000000001
83.98
64.97
68.5
59.980000000000004
56.26
81.42999999999999
76.28
125.4
79.12
32.59
60.93000000000001
60.69
93.54
129.76
93.22
60.06
74.6
114.4
46.92
102.36
108.29999999999998
64.63
44.760000000000005
76.07000000000001
51.22
84.94000000000001
135.84
174.82999999999998
39.410000000000004
98.25
47.28
68.02000000000001
95.86
49.769999999999996
84.81
120.41
41.46
80.3
86.28999999999998
63.449999999999996
110.86999999999999
64.95
88.09
38.91
60.440000000000005
80.67
73.1
105.09
53.68000000000001
48.42
100.42999999999999
64.11
87.97000000000001
127.36000000000001
74.57000000000001
124.78000000000002
92.78
41.9
94.17
23.55
139.78
119.13000000000001
35.760000000000005
88.24000000000001
70.75
142.26999999999998
117.45000000000002
120.86000000000001
180.04999999999998
109.59
69.89
100.62
24.06
85.43
96.53
125.92000000000002
138.72
108.5
86.29
199.72000000000003
72.80000000000001
54.88
80.72
123.05000000000001
53.32
92.33
103.59
130.61
68.17
82.08000000000001
55.74
102.91
92.88
72.70000000000002
84.27
91.03
105.09
63.050000000000004
142.55
93.35
53.760000000000005
58.980000000000004
81.15
56.87
119.03
71.55
95.86000000000001
116.57
73.13000000000001
87.76
93.92000000000002
69.27000000000001
83.25
95.86
69.72
60.45
107.27999999999999
96.37
76.49000000000001
93.05
85.58999999999999
149.2
120.74000000000001
47.89
86.63000000000001
64.17
55.13
66.03
21.17
61.040000000000006
49.56
70.75
87.21
98.00000000000001
74.57000000000001
120.12999999999998
50.52
112.22999999999999
45.91
63.06
127.45
124.29000000000002
88.6
107.94
85.09
38.92
173.98
88.11000000000001
85.61
111.00999999999999
71.62
79.5
71.53
127.36000000000001
143.81
108.66
80.68
12.47
78.84
121.00999999999998
187.11999999999998
95.46
90.78999999999999
108.33
67.87
90.19000000000001
192.15999999999997
88.53
26.790000000000006
78.75999999999999
83.56
84.49
151.06
115.47
66.4
53.43
129.03000000000003
53.760000000000005
65.21000000000001
60.209999999999994
134.23999999999998
83.71000000000001
73.86000000000001
66.4
38.13
124.44
59.589999999999996
111.38000000000001
50.52
104.93
74.75999999999999
132.02
59.31
85.08000000000001
23.550000000000004
38.050000000000004
36.68
88.44000000000001
101.75
28.15
80.14
52.60000000000001
93.79
84.22
71.88
62.98
72.8
97.23
95.51
93.17999999999999
73.8
45.330000000000005
118.85
117.44999999999999
98.69
132.02
68.02000000000001
66.23
128.36
89.32
55.13
95.86
95.61
50.160000000000004
96.18
63.68
101.41000000000001
52.260000000000005
93.22
98.74000000000001
48.27
110.61000000000001
96.53
100.67
41.370000000000005
70.67
84.42
126.69000000000001
88.76
69.85000000000001
63.33
74.58