0.42
0.296875
0.3218390804597701
0.36507936507936506
0.35443037974683544
0.27450980392156865
0.3409090909090909
0.345679012345679
0.5409836065573771
0.24175824175824176
0.30303030303030304
0.375
0.24705882352941178
0.3283582089552239
0.1836734693877551
0.3375
0.35526315789473684
0.2716049382716049
0.28205128205128205
0.27906976744186046
0.3157894736842105
0.4745762711864407
0.39215686274509803
0.2839506172839506
0.24615384615384617
0.32142857142857145
0.2716049382716049
0.30158730158730157
0.35555555555555557
0.45454545454545453
0.2558139534883721
0.2891566265060241
0.2916666666666667
0.2631578947368421
0.2597402597402597
0.27631578947368424
0.30357142857142855
0.2345679012345679
0.25316455696202533
0.28378378378378377
0.3013698630136986
0.2857142857142857
0.38235294117647056
0.225
0.23595505617977527
0.21839080459770116
0.24
0.4626865671641791
0.21518987341772153
0.2894736842105263
0.359375
0.43548387096774194
0.24390243902439024
0.24615384615384617
0.33766233766233766
0.28735632183908044
0.46875
0.2463768115942029
0.3620689655172414
0.25333333333333335
0.36666666666666664
0.2676056338028169
0.3411764705882353
0.3484848484848485
0.2804878048780488
0.29850746268656714
0.3246753246753247
0.32857142857142857
0.27380952380952384
0.2891566265060241
0.6
0.3333333333333333
0.45454545454545453
0.29213483146067415
0.28169014084507044
0.391304347826087
0.2463768115942029
0.44776119402985076
0.2564102564102564
0.2753623188405797
0.2318840579710145
0.2558139534883721
0.29577464788732394
0.21839080459770116
0.21686746987951808
0.2638888888888889
0.34615384615384615
0.2289156626506024
0.3375
0.27380952380952384
0.3333333333333333
0.2857142857142857
0.31343283582089554
0.3559322033898305
0.24
0.2571428571428571
0.2676056338028169
0.3103448275862069
0.3333333333333333
0.3220338983050847
0.225
0.3492063492063492
0.47619047619047616
0.3114754098360656
0.375
0.4393939393939394
0.275
0.2916666666666667
0.2777777777777778
0.30303030303030304
0.36764705882352944
0.24615384615384617
0.2839506172839506
0.4084507042253521
0.24468085106382978
0.42
0.4576271186440678
0.3058823529411765
0.26
0.2823529411764706
0.3142857142857143
0.27848101265822783
0.2597402597402597
0.29411764705882354
0.42424242424242425
0.34545454545454546
0.38461538461538464
0.3181818181818182
0.2345679012345679
0.35714285714285715
0.22093023255813954
0.28
0.3389830508474576
0.3563218390804598
0.2692307692307692
0.31666666666666665
0.3448275862068966
0.43548387096774194
0.3698630136986301
0.32786885245901637
0.3026315789473684
0.25
0.24096385542168675
0.2549019607843137
0.2692307692307692
0.30303030303030304
0.3246753246753247
0.23170731707317074
0.4918032786885246
0.29411764705882354
0.2978723404255319
0.4166666666666667
0.328125
0.44776119402985076
0.5789473684210527
0.29850746268656714
0.3375
0.34177215189873417
0.26506024096385544
0.2191780821917808
0.34177215189873417
0.34615384615384615
0.35365853658536583
0.38571428571428573
0.27906976744186046
0.4032258064516129
0.30434782608695654
0.2558139534883721
0.2753623188405797
0.3103448275862069
0.38028169014084506
0.3382352941176471
0.23711340206185566
0.2698412698412698
0.35443037974683544
0.2857142857142857
0.2857142857142857
0.3333333333333333
0.25675675675675674
0.3375
0.2823529411764706
0.3125
0.3
0.3055555555555556
0.5714285714285714
0.3055555555555556
0.421875
0.2857142857142857
0.35802469135802467
0.3258426966292135
0.32857142857142857
0.2558139534883721
0.23170731707317074
0.4827586206896552
0.2857142857142857
0.359375
0.28
0.29069767441860467
0.2823529411764706
0.3375
0.2261904761904762
0.2602739726027397
0.3559322033898305
0.4146341463414634
0.20253164556962025
0.35294117647058826
0.4444444444444444
0.2647058823529412
0.25757575757575757
0.3114754098360656
0.3442622950819672
0.1797752808988764
0.2987012987012987
0.35384615384615387
0.2926829268292683
0.36619718309859156
0.2823529411764706
0.31746031746031744
0.28169014084507044
0.225
0.3194444444444444
0.25
0.20224719101123595
0.3898305084745763
0.32786885245901637
0.3188405797101449
0.32786885245901637
0.23809523809523808
0.25333333333333335
0.3088235294117647
0.25333333333333335
0.2894736842105263
0.5333333333333333
0.3076923076923077
0.3333333333333333
0.27941176470588236
0.3275862068965517
0.2727272727272727
0.32142857142857145
0.20253164556962025
0.2676056338028169
0.273972602739726
0.27586206896551724
0.28
0.2692307692307692
0.2702702702702703
0.36363636363636365
0.2916666666666667
0.25
0.36619718309859156
0.3
0.2727272727272727
0.2261904761904762
0.3013698630136986
0.38372093023255816
0.2682926829268293
0.3448275862068966
0.3181818181818182
0.2558139534883721
0.2876712328767123
0.32786885245901637
0.2786885245901639
0.36363636363636365
0.3142857142857143
0.36363636363636365
0.323943661971831
0.45
0.24096385542168675
0.2073170731707317
0.25
0.22535211267605634
0.2676056338028169
0.3333333333333333
0.2727272727272727
0.2558139534883721
0.2875
0.38095238095238093
0.32
0.30985915492957744
0.43333333333333335
0.3717948717948718
0.3389830508474576
0.2972972972972973
0.2857142857142857
0.2987012987012987
0.3181818181818182
0.28378378378378377
0.2602739726027397
0.2898550724637681
0.31343283582089554
0.4375
0.3561643835616438
0.27906976744186046
0.29411764705882354
0.2597402597402597
0.4153846153846154
0.3258426966292135
0.2976190476190476
0.3409090909090909
0.21839080459770116
0.24324324324324326
0.3230769230769231
0.265625
0.3333333333333333
0.27631578947368424
0.36363636363636365
0.2823529411764706
0.24193548387096775
0.2125
0.36
0.3157894736842105
0.3375
0.3389830508474576
0.32222222222222224
0.30434782608695654
0.3103448275862069
0.6
0.3235294117647059
0.38961038961038963
0.3684210526315789
0.5185185185185185
0.4406779661016949
0.24691358024691357
0.20253164556962025
0.3382352941176471
0.2638888888888889
0.31343283582089554
0.30120481927710846
0.29545454545454547
0.27906976744186046
0.23809523809523808
0.28378378378378377
0.3333333333333333
0.24096385542168675
0.2727272727272727
0.3375
0.2558139534883721
0.3333333333333333
0.29069767441860467
0.7037037037037037
0.2916666666666667
0.3103448275862069
0.3125
0.20270270270270271
0.3258426966292135
0.30158730158730157
0.32954545454545453
0.3333333333333333
0.5714285714285714
0.27631578947368424
0.3561643835616438
0.2696629213483146
0.4307692307692308
0.2786885245901639
0.20481927710843373
0.74
0.43661971830985913
0.3090909090909091
0.2876712328767123
0.375
0.40625
0.2840909090909091
0.5
0.33962264150943394
0.5094339622641509
0.38596491228070173
0.42424242424242425
0.40384615384615385
0.25555555555555554
0.32558139534883723
0.3076923076923077
0.3269230769230769
0.225
0.25
0.375
0.23170731707317074
0.5789473684210527
0.2857142857142857
0.32
0.28169014084507044
0.24390243902439024
0.25
0.4393939393939394
0.29577464788732394
0.2878787878787879
0.2558139534883721
0.3114754098360656
0.3026315789473684
0.2857142857142857
0.20224719101123595
0.19736842105263158
0.225
0.273972602739726
0.28735632183908044
0.2727272727272727
0.3375
0.27941176470588236
0.78
0.36363636363636365
0.345679012345679
0.3392857142857143
0.36231884057971014
0.44776119402985076
0.24468085106382978
0.21839080459770116
0.2804878048780488
0.3076923076923077
0.18072289156626506
0.36666666666666664
0.2898550724637681
0.4411764705882353
0.26506024096385544
0.3176470588235294
0.6428571428571429
0.25
0.3783783783783784
0.3902439024390244
0.3375
0.30120481927710846
0.2361111111111111
0.4444444444444444
0.484375
0.2857142857142857
0.38461538461538464
0.352112676056338
0.2716049382716049
0.4696969696969697
0.33962264150943394
0.2894736842105263
0.20253164556962025
0.2807017543859649
0.3375
0.2804878048780488
0.2878787878787879
0.3333333333333333
0.3548387096774194
0.3246753246753247
0.2682926829268293
0.4827586206896552
0.2857142857142857
0.2876712328767123
0.30985915492957744
0.36363636363636365
0.24691358024691357
0.35185185185185186
0.2318840579710145
0.30864197530864196
0.2777777777777778
0.24468085106382978
0.3717948717948718
0.25
0.2159090909090909
0.24050632911392406
0.4852941176470588
0.25
0.375
0.37037037037037035
0.21428571428571427
0.3333333333333333
0.33707865168539325
0.421875
0.20987654320987653
0.3048780487804878
0.34146341463414637
0.35294117647058826
0.35365853658536583
0.29850746268656714
0.2878787878787879
0.2716049382716049
0.20481927710843373
0.35365853658536583
0.2465753424657534
0.296875
0.32954545454545453
0.273972602739726
0.375
0.34375
0.36065573770491804
0.4090909090909091
0.28169014084507044
0.3050847457627119
0.2375
0.24390243902439024
0.3
0.3373493975903614
0.24615384615384617
0.29333333333333333
0.4576271186440678
0.3333333333333333
0.20253164556962025
0.29473684210526313
0.4925373134328358
0.3516483516483517
0.26506024096385544
0.3333333333333333
0.28169014084507044
0.2948717948717949
0.32727272727272727
0.29310344827586204
0.29577464788732394
0.390625
0.3333333333333333
0.25
0.30864197530864196
0.36666666666666664
0.4
0.2716049382716049