3.4506000000000023
4.521000000000004
2.5172000000000008
3.8209000000000026
3.1206000000000014
1.2768999999999997
3.127200000000002
2.7910000000000004
3.896320000000001
3.066740000000001
3.1800200000000016
3.601200000000002
1.2053999999999998
1.5940999999999999
2.9445400000000017
2.837620000000001
2.1411800000000003
2.5577000000000005
3.198900000000002
2.165
4.4676000000000045
2.913800000000002
4.688600000000004
4.044800000000003
4.674400000000002
2.7532200000000016
2.00042
1.6921199999999998
2.7471000000000014
2.0495
-1.5858999999999972
3.1298700000000004
3.8584000000000023
3.9303000000000026
3.2153500000000017
1.5954000000000002
2.8309200000000008
4.364480000000003
3.800200000000003
3.837800000000003
4.581300000000003
3.642000000000003
3.309700000000002
4.346400000000002
1.2369200000000007
3.6682000000000015
0.9868999999999999
2.3369999999999997
4.258200000000003
4.037600000000003
5.969800000000005
3.5512200000000025
1.8878999999999997
2.7970200000000016
2.9979000000000013
2.01278
4.386400000000003
1.4526700000000006
3.140500000000002
2.3701000000000008
2.4813
3.8454200000000025
2.614300000000001
3.784900000000003
3.106700000000002
0.9720000000000002
2.3450000000000006
2.924400000000001
4.309540000000003
4.632120000000004
3.2136000000000013
2.2096
4.4428000000000045
2.6196
1.7779399999999999
4.1287800000000034
1.9496
3.8531200000000023
4.028340000000003
2.4051
3.5653000000000015
2.632900000000001
3.240000000000002
3.260100000000002
2.953800000000002
1.5325999999999993
5.671920000000004
3.8210200000000025
2.2221
5.570720000000005
3.9865200000000023
4.309520000000004
2.6492000000000004
2.298
4.069060000000003
3.4539000000000026
3.4335200000000015
4.100400000000004
4.792780000000003
2.2007199999999996
1.1091999999999995
2.579840000000001
0.8849199999999999
4.015400000000003
4.407700000000004
3.7616700000000023
3.3477000000000023
2.00042
2.569700000000001
1.8009999999999995
2.8859200000000014
2.6209000000000007
4.660700000000004
5.3453000000000035
4.732600000000003
1.7854999999999996
2.1258
4.471000000000004
3.001800000000001
0.4117000000000005
3.1420400000000024
1.6722999999999995
4.440200000000003
5.145000000000005
3.7486000000000024
2.5260000000000007
5.826080000000005
5.740700000000005
2.6266000000000007
1.5202200000000001
3.8153000000000024
2.8318000000000003
4.484360000000003
2.8809000000000005
3.765920000000002
1.5834
2.575800000000001
0.46909999999999985
5.425100000000005
2.720440000000001
6.089620000000004
2.869600000000001
3.9547000000000025
3.104800000000002
4.044600000000002
3.5059400000000025
4.947100000000004
2.7544000000000013
3.525100000000002
4.050300000000004
0.4511799999999999
4.232800000000004
3.549500000000002
3.2772000000000014
5.8800200000000045
2.7566000000000006
1.8660999999999999
1.43
2.3128
4.239240000000003
2.6445000000000007
5.169000000000005
2.878400000000001
3.8728400000000027
2.896400000000002
3.6157000000000012
2.4804000000000004
2.2113
2.8858200000000016
2.853440000000001
3.4456000000000007
3.3377000000000017
5.607700000000005
1.7312999999999998
2.631240000000001
3.088300000000002
3.748080000000003
3.0477000000000016
2.5500000000000007
3.3280200000000013
2.7052000000000005
4.406840000000003
6.096540000000005
5.583080000000004
3.1666000000000016
4.013900000000003
2.769800000000001
5.151320000000005
4.443100000000004
1.16564
3.541000000000002
2.7525000000000013
3.3819000000000017
2.8363000000000005
3.9136000000000024
3.215200000000002
3.4369000000000023
3.674920000000002
4.172180000000003
2.914900000000001
3.4369200000000024
2.3717000000000006
2.758320000000001
1.25744
3.197400000000002
4.203800000000003
1.3218999999999996
2.806300000000001
3.8754000000000026
4.163120000000003
4.676600000000004
3.4186000000000023
2.7029000000000005
2.0324999999999998
2.876400000000001
3.2562000000000015
5.6494200000000045
3.8782400000000026
2.1693000000000002
2.9384700000000006
2.511
5.317420000000005
3.5770000000000026
1.5691000000000002
3.3819000000000017
3.3901000000000012
1.5498200000000002
3.5256000000000016
3.204690000000002
5.897620000000003
3.2070200000000018
4.591580000000004
2.850500000000001
4.181320000000004
5.951900000000004
4.794900000000003
3.056700000000001
3.0418000000000003
3.1488000000000023
4.677700000000003
3.6845000000000017
2.04018
3.3951800000000025
4.873700000000005
2.7528000000000006
3.2118200000000012
5.627140000000006
3.3034000000000017
4.042100000000002
2.6705000000000014
3.090300000000001
5.775600000000004
3.576800000000002
4.939320000000004
3.0150200000000016
2.1596
3.3398400000000015
3.408500000000001
3.355500000000001
2.2193999999999994
2.7407200000000005
5.635000000000005
4.219300000000003
3.451900000000002
0.5637000000000012
2.9910000000000014
2.19412
1.9972999999999999
2.9273200000000017
0.8704999999999998
6.4197400000000036
3.4414000000000016
4.363300000000002
1.9857
3.314580000000001
5.923300000000006
3.418700000000002
3.832900000000002
3.119500000000002
5.3327000000000035
3.442420000000001
3.462880000000002
1.5416999999999998
1.5204999999999993
2.1273999999999997
1.4329399999999994
2.6663000000000006
2.1553199999999997
1.7242
3.689700000000001
2.748380000000001
4.934320000000004
2.5252000000000008
3.760920000000003
1.8203
4.171000000000003
1.8948
4.552100000000004
2.2814000000000005
4.256800000000004
1.6960999999999997
5.092620000000005
3.9540000000000033
1.4800999999999989
2.0965000000000007
2.534200000000001
1.7677600000000002
3.1080000000000005
6.293000000000004
2.0961
3.785700000000002
1.6916000000000002
2.7783000000000015
4.206600000000003
3.2296000000000014
1.9713499999999997
3.4105000000000025
4.542800000000003
2.8533800000000014
2.5844000000000005
2.1530000000000005
2.874500000000001
4.415120000000003
5.958100000000005
2.2855
2.1717000000000004
3.3172000000000006
2.41282
4.514400000000004
3.970500000000003
3.5230000000000024
5.126640000000005
3.1244400000000017
1.9387999999999994
4.658000000000003
4.538820000000005
3.555620000000003
3.651200000000003
3.3001600000000018
3.479700000000002
0.6693999999999996
1.6606999999999998
2.666900000000001
3.2878000000000016
5.122100000000004
2.0237999999999996
1.588
2.694300000000001
3.884100000000002
3.2106000000000012
1.32612
2.7951200000000007
1.5495199999999998
4.317800000000002
1.9169999999999996
3.7227400000000017
2.1136999999999997
3.2517200000000015
4.086100000000002
4.125720000000003
3.2084800000000016
4.100500000000004
4.208220000000003
3.370740000000002
3.571600000000002
3.4276000000000018
1.93494
2.617800000000001
2.936400000000001
3.7870000000000026
1.4216600000000001
1.4670399999999997
2.4117000000000006
3.157600000000002
3.574620000000003
3.328000000000002
5.363420000000003
4.596400000000004
2.3552
2.1694199999999997
2.154019999999999
5.035800000000003
4.419920000000004
2.8044000000000002
4.668800000000004
0.11588000000000154
3.6692000000000027
3.3026000000000018
3.2886000000000015
2.929660000000002
2.5684000000000005
4.001300000000002
2.9315000000000007
2.6846000000000005
5.148820000000004
2.475200000000001
4.134400000000003
2.6537200000000007
2.734
4.550800000000003
3.4144400000000017
3.458800000000002
3.213040000000002
0.34410000000000057
2.9014000000000015
3.649200000000002
4.435600000000003
3.651500000000002
3.4033200000000017
2.7929000000000017
3.383200000000002
3.4734000000000025
2.5688000000000004
4.093100000000002
5.700980000000005
1.4726799999999998
2.6139400000000004
1.9806
1.7164
4.545620000000004
4.612600000000003
2.873800000000001
3.9171200000000024
2.1117999999999997
1.7083000000000002
5.295100000000005
5.214820000000005
3.609600000000002
2.65282
3.768900000000002
4.905700000000004
5.374620000000005
0.12990000000000046
3.1126000000000014
2.9416200000000012
1.7953999999999994
4.865800000000003
3.510200000000003
3.3423000000000016
6.944920000000006
5.808260000000006
1.799
3.305900000000001
3.481080000000002
1.9463999999999997
1.3674000000000002
3.3946000000000023
0.8440999999999994
4.165720000000004
1.8551199999999999
2.25162
3.6395000000000026
4.206200000000001
1.95764
2.7699000000000016
3.0661000000000014
3.648320000000002
0.4504999999999999
5.220700000000004
4.206700000000002
2.3142400000000007
5.031400000000004
2.598300000000001
1.9301000000000001
1.9608999999999996
2.7345000000000015
3.011800000000002
3.356700000000002
3.0496000000000016
4.424400000000004
2.689700000000001
1.7646999999999995
1.9477
2.954900000000001
0.4466999999999997
2.0166999999999993
2.3967
2.1441
2.5527000000000006
2.1769
3.062500000000001
4.243300000000004
2.5688200000000005
3.040300000000001
2.5803000000000003
1.5949
1.5311199999999996
4.345320000000004
3.7007800000000017
3.818900000000002
2.61594
2.5252
4.063200000000003
4.301800000000004
4.942700000000003
3.2277200000000006
4.027800000000002
3.781640000000002
4.114200000000002
2.719100000000001
2.9126200000000013
1.468
3.882800000000003
3.480800000000002
1.3543999999999998
4.141200000000001
3.829620000000002
3.9716600000000035
3.6746200000000027
2.766700000000001
3.6010200000000028
3.8205000000000027
2.702300000000001
4.957700000000005
4.066200000000003
1.8681999999999996
3.697600000000002
2.8612
6.028800000000004
2.6702000000000004
4.204800000000002
2.817100000000001
1.4825199999999998
3.4041000000000015
3.999900000000003
3.519000000000002
4.868000000000003
1.8720999999999997
5.164800000000003
4.679000000000004
4.746500000000003
2.3705
3.4845200000000007
2.1196200000000003
5.482740000000002
2.5778000000000008
1.8976
3.354420000000001
3.613500000000002
3.0893000000000015
5.643360000000005
5.838700000000005
2.2316199999999995
3.7066000000000026
3.0417200000000006
3.1346200000000017
3.372020000000002
1.9103999999999999
3.5942400000000028
2.8229000000000015
3.7586400000000024
2.5413000000000006
2.5664000000000007
1.5765399999999998
1.3181199999999997
0.27949999999999986
1.2074000000000003
3.0885000000000016
5.379720000000003
3.6483000000000025
2.1296200000000005
2.1085
2.4645
1.5221
2.099239999999999
3.0142000000000015
3.919900000000002
2.1525
3.985020000000003
4.412600000000003
5.980000000000003
4.469790000000003
-0.8941999999999963
3.161900000000001
3.953100000000004
2.8332000000000006
4.183720000000003
1.9507999999999999
2.8774200000000008
3.264890000000001
3.5573400000000026
0.641
2.1563799999999995
2.5329000000000006
3.402120000000002
1.5583000000000005
3.328960000000002
3.1719000000000017
1.9235799999999998
0.1741200000000006
2.7337000000000007
3.3289000000000017
4.004500000000002
2.691020000000001
3.4605000000000024
3.3263000000000016
2.4623
3.2882000000000016
3.2077000000000018
1.6282999999999999
2.5371000000000006
1.8274
2.9285000000000005
3.196200000000001
2.8202000000000007
1.5962999999999998
1.705969999999999
4.312800000000002
1.3281399999999999
1.4473999999999998
4.1609000000000025
3.226300000000001
4.923900000000003
2.774000000000001
3.274120000000001
3.382500000000001
2.633000000000001
1.2637999999999998
3.5477000000000025
1.9148
6.219500000000003
3.9777400000000025
1.0296
4.461520000000004
4.172520000000004
1.6317999999999995
1.0079999999999993
3.0051000000000014
3.7699000000000025
0.7109
2.971700000000001
4.008400000000003
2.56524
3.0893000000000024
3.9890700000000026
3.2757000000000023
2.510600000000001
2.0645000000000002
3.0835800000000004
4.328020000000004
3.138440000000001
3.0174200000000013
2.3044000000000002
2.810900000000001
3.285300000000001
3.0051000000000005
4.818220000000005
3.4247400000000026
3.254520000000002
4.692720000000004
3.1837000000000018
1.8184999999999998
2.3794000000000004
3.841400000000002
3.6869000000000023
4.009120000000003
5.040800000000004
3.545420000000002
2.1417200000000003
4.879840000000003
0.42402000000000006
2.4071
3.2668000000000017
5.3639000000000046
1.1005999999999996
3.5206700000000017
2.28432
1.1157
3.711000000000002
2.739600000000001
3.1011000000000015
4.035400000000003
3.540100000000003
5.183920000000001
4.910700000000003
1.8293
2.7929000000000013
3.3093200000000014
1.9225999999999999
2.00139
1.9975999999999996
1.76016
3.8168000000000024
2.135700000000001
3.2016000000000018
3.573400000000003
3.2590400000000024
2.0023
5.970200000000003
3.441300000000002
0.5915999999999998
2.634500000000001
3.975120000000003
0.82222
3.514700000000002
1.7779000000000003
3.2872200000000014
4.554920000000003
2.777400000000001
3.0337000000000014
2.927500000000001
3.477500000000002
2.6328000000000014
2.95
2.248900000000001
3.186700000000002
3.7544400000000033
3.534900000000003
2.163619999999999
3.2772400000000017
5.944960000000006
1.9040000000000004
2.8900200000000007
2.02072
5.114000000000005
3.3167000000000018
2.4637000000000002
3.7417000000000025
3.6831700000000014
2.6224000000000003
3.432900000000002
3.0311000000000012
2.10632
-0.5501999999999974
2.772500000000001
3.8770000000000033
1.3093
5.091200000000005
2.8418
5.076120000000004
4.5305000000000035
4.697500000000002
2.19332
2.581740000000001
4.061400000000002
1.6550999999999996
3.611620000000002
1.3587199999999995
2.9011400000000007
2.2601200000000006
4.054320000000002
2.5451000000000006
1.6072999999999997
6.199900000000007
0.7729999999999997
1.8209999999999997
3.2825000000000024
4.242900000000002
4.359600000000004
3.405900000000002
5.277100000000005
1.2007
3.0660000000000007
3.119900000000002
2.2027
3.5727800000000025
3.6343200000000024
1.4495999999999998
5.312120000000003
3.2071000000000014
0.9727999999999994
2.2381
2.9803200000000016
3.0989000000000013
3.3446000000000016
4.922100000000004
3.294400000000002
2.923700000000001
4.773200000000004
3.839500000000003
4.298400000000001
2.3442
2.33096
2.3208
3.777000000000002
4.201480000000004
3.0481000000000016
4.719540000000006
1.8816199999999996
2.8519000000000014
3.4977800000000023
3.575700000000002
2.8185200000000012
3.1136000000000017
3.358240000000002
1.3545
4.160700000000004
2.1385199999999998
4.855040000000003
2.575100000000001
1.1286999999999998
3.276670000000002
3.827900000000003
1.7142199999999999
1.2373999999999998
2.885200000000001
3.6801400000000024
3.278570000000002
2.1524
3.264800000000002
2.5936000000000003
1.5213999999999992
1.6609999999999998
2.3305999999999996
3.4674000000000014
3.509420000000002
1.9607199999999991
3.5501000000000014
3.2996000000000016
2.5974000000000004
1.6885999999999999
0.7135999999999993
2.817470000000001
3.3154400000000024
1.9362
4.715300000000004
3.469400000000002
3.3428000000000013
1.0856999999999999
2.9994400000000017
2.967600000000001
3.128800000000002
1.3911
2.9281000000000015
3.821200000000002
2.785160000000001
2.12172
2.5350200000000003
2.3844000000000003
3.756520000000002
3.0732000000000017
4.354720000000003
6.011100000000006
9.0058
3.389280000000002
3.4879000000000024
2.487
3.585200000000002
3.517400000000001
0.2004999999999998
2.994200000000002
5.881300000000004
1.9470400000000005
2.994600000000002
4.404560000000004
2.763200000000001
3.7464200000000023
2.520200000000001
4.071780000000002
3.865700000000003
3.706920000000003
3.4311000000000016
4.485230000000003
4.0267000000000035
3.518440000000002
0.6076999999999999
1.6578999999999997
3.4053000000000004
0.45744000000000123
5.185540000000005
4.331720000000004
1.5906999999999998
4.759200000000003
2.9647400000000017
4.035400000000004
2.2049199999999995
2.1311999999999998
3.5665000000000013
1.6034
2.2184
1.1991999999999994
0.9624999999999999
1.0260000000000002
2.9724000000000004
4.676700000000003
4.044820000000002
5.357680000000003
5.788680000000006
4.1941200000000025
3.1995200000000015
2.05672
3.748700000000003
1.8391
3.6027400000000025
2.3024199999999997
2.6190000000000007
2.5692000000000004
4.700440000000004
1.0203000000000035
5.584400000000004
2.6668000000000003
1.9830999999999996
3.0288400000000015
3.163260000000002
2.3138999999999994
3.1267200000000015
4.340300000000003
4.831900000000004
3.8466700000000023
5.173400000000005
3.547500000000002
2.619700000000001
2.0000999999999998
2.927900000000001
2.914500000000001
2.5585200000000006
5.188400000000005
4.020100000000002
3.7708000000000026
3.104300000000001
4.702000000000004
3.1228000000000007
1.2743
0.5832999999999998
4.355100000000003
2.9735200000000006
4.456720000000003
3.468300000000002
3.131520000000002
3.565400000000002
2.1673999999999998
2.1916399999999996
2.02292
2.0752999999999995
4.829320000000005
3.7939000000000025
4.813720000000004
2.8306200000000006
2.5028000000000006
0.4499999999999998
3.080400000000002
2.4609700000000005
1.4033199999999997
3.446600000000002
4.356600000000004
3.1371600000000015
4.385800000000002
1.9143
2.6435400000000007
4.639200000000002
5.4399200000000025
3.576520000000002
4.133700000000003
4.703400000000004
3.4642000000000026
3.3941000000000017
3.103700000000001
0.9560999999999996
0.5201999999999998
5.7621000000000056
4.261720000000003
3.4224000000000014
2.880040000000001
3.4891000000000014
3.5284200000000023
1.9316999999999995
4.583800000000004
3.303200000000002
4.697900000000003
2.1845800000000004
4.603120000000004
3.088700000000001
1.5977999999999992
4.381900000000003
1.15354
4.496400000000003
5.277540000000004
2.2874
4.496520000000003
3.571900000000002
3.683200000000002
1.6963
1.2354
2.931800000000001
2.8371000000000013
1.7291999999999992
2.5429400000000006
2.29354
2.3707199999999995
1.9673199999999997
3.2714000000000016
4.070090000000003
2.9374200000000013
3.1442000000000023
4.278200000000004
4.306600000000003
1.3698
3.9303000000000017
0.8442000000000001
1.208
2.08452
3.117600000000002
5.191700000000002
3.109700000000001
0.5123999999999996
5.551400000000003
2.741200000000001
1.5412199999999998
2.6114000000000006
4.6914400000000045
2.897100000000002
4.170900000000003
3.982300000000003
3.270800000000002
3.386020000000001
5.291920000000005
2.683300000000001
4.965800000000003
4.039000000000003
2.4984
3.0031000000000017
5.325600000000004
0.9081000000000006
4.358600000000004
3.8907000000000025
2.8581000000000003
3.366600000000002
3.1233200000000014
3.825420000000002
3.1827000000000014
3.3298000000000023
4.9352000000000045
2.4478
4.939300000000003
1.3804000000000003
2.7910000000000013
1.73672
3.8594000000000035
3.471300000000001
2.805600000000001
1.3013999999999994
1.7525999999999993
3.128820000000002
1.8139999999999992
0.34240000000000004
-0.08540000000000059
4.936220000000003
3.500020000000002
3.735400000000003
2.2246999999999995
3.0844000000000005
4.423600000000004
3.6160900000000025
2.9670000000000014
2.890200000000002
3.6891000000000016
2.7739000000000003
3.8165000000000022
2.752180000000001
3.749220000000002
5.669100000000004
2.3580000000000005
1.4834
5.027520000000003
3.533000000000002
4.624520000000004
4.886500000000003
5.552300000000004
-2.0515
3.2049600000000016
3.4665000000000017
1.4052
3.7524000000000033
1.7431399999999997
1.6913999999999998
2.5536400000000006
3.6278000000000024
5.711720000000005
4.634300000000003
3.2113000000000014
3.553300000000002
0.04422000000000004
3.298000000000002
3.0131000000000006
5.534160000000004
3.763200000000001
2.4372000000000007
5.362900000000002
2.2321400000000002
1.8621999999999999
5.351920000000004
3.5402000000000013
2.7491200000000013
6.119400000000007
3.256400000000002
3.9167000000000023
3.098720000000001
3.2367800000000013
0.6556799999999995
3.1476900000000008
4.579620000000004
3.772000000000001
2.8821200000000013
3.711700000000003
3.663420000000002
2.04064
3.0676000000000014
2.6881200000000005
2.1062000000000003
3.9806000000000035
0.8109700000000002
2.4514000000000005
2.2842400000000005
3.1941000000000015
2.8995000000000006
2.8194000000000017
2.2192
2.9430000000000014
2.8874000000000013
5.732900000000006
1.5306000000000002
2.830020000000001
1.2030999999999998
2.6438800000000002
4.859600000000005
3.017900000000002
3.5123000000000024
3.879900000000003
2.525340000000001
1.8097999999999999
-0.35220000000000007
4.373800000000004
3.084480000000002
1.8572
4.232920000000004
2.7715000000000005
2.3649000000000004
2.5691000000000006
2.2085
2.945500000000001
3.676120000000002
3.7072400000000023
4.738120000000005
1.8713999999999995
1.6693
4.299420000000003
2.2853000000000003
3.7376600000000026
3.0295400000000017
1.8664
1.9251999999999998
6.108400000000007
2.5337000000000005
2.8805200000000006
1.2174999999999996
3.2905200000000017
4.995100000000004
2.851420000000001
2.8861000000000008
2.4549200000000004
2.6180200000000005
4.416240000000004
3.3016000000000023
0.9059999999999999
4.006700000000003
3.321620000000001
5.7538200000000055
2.7925000000000013
2.7202600000000006
3.321740000000002
3.7389000000000028
2.3623000000000003
1.6477999999999997
3.862420000000003
3.197520000000001
3.578420000000002
4.5614000000000035
2.48792
2.3449
1.2032000000000005
3.493100000000002
2.5054700000000008
4.369100000000003
1.0031999999999994
3.981600000000001
2.2965999999999998
3.3904000000000023
3.964480000000002
3.8248000000000024
6.450000000000007
1.0714200000000003
4.108800000000003
2.03254
1.6718199999999996
2.875700000000001
2.7848200000000007
1.2450399999999997
0.46809999999999996
0.9793999999999999
2.9334000000000016
4.364500000000004
2.943100000000001
3.0464200000000012
3.086540000000001
2.1238200000000003
1.7460000000000016
3.333370000000002
2.2687999999999997
3.037700000000002
3.786400000000003
2.8061000000000007
3.2962200000000026
4.045640000000002
4.6190200000000035
4.660020000000004
3.012900000000001
2.0612
4.7736000000000045
2.2324
3.260710000000002
3.0375000000000005
2.2435
2.3824200000000006
2.184899999999999
3.727020000000002
4.4059000000000035
3.8354000000000026
2.5062000000000006
0.13399999999999979
2.6496000000000004
3.8793200000000034
3.409500000000002
4.346600000000004
4.648000000000004
4.682100000000004
3.3112000000000013
4.942700000000005
4.3461200000000035
2.958000000000001
1.2482999999999997
4.890700000000003
3.689840000000002
0.5036000000000007
5.193900000000004
3.2668000000000026
3.1652000000000013
2.8302000000000014
4.287500000000003
2.0270199999999994
5.106100000000004
5.261700000000005
2.7547000000000015
2.914200000000001
3.4434000000000013
2.4435000000000007
4.832500000000003
4.161520000000003
0.8246999999999995
3.3965400000000026
3.0848000000000013
2.894800000000001
4.113200000000003
1.7100199999999999
4.3141900000000035
5.121200000000001
1.5656999999999999
4.299400000000003
6.3739000000000035
3.624500000000003
3.0912000000000015
4.483400000000003
4.181900000000002
1.6003999999999998
3.3203000000000022
2.12432
1.4292999999999998
3.0473000000000017
1.9830999999999996
2.2716000000000003
3.888900000000003
2.7731000000000003
0.4759799999999997
1.3363
2.893600000000001
2.506260000000001
3.6309000000000022
3.2851000000000017
3.6251400000000027
3.320000000000001
3.734160000000003