191.66099999999997
386.4950000000003
468.5790000000003
349.85800000000023
435.52800000000013
343.41200000000015
296.278
370.41300000000007
388.47400000000005
359.5140000000002
417.8930000000003
434.94900000000007
253.25399999999996
329.3080000000001
262.353
443.56900000000036
387.39900000000006
345.4720000000003
460.5520000000003
376.3240000000001
416.4810000000001
331.29000000000013
407.85700000000014
281.355
383.08299999999997
381.4760000000001
433.5550000000002
357.43500000000006
477.4510000000002
390.43600000000015
254.30799999999996
325.8210000000001
286.334
321.4200000000001
314.3450000000001
205.25700000000003
327.4530000000001
325.437
491.5690000000004
355.478
474.9660000000001
378.5160000000002
216.32800000000003
381.8190000000001
389.49600000000027
461.31600000000026
296.28600000000006
388.48900000000015
357.20700000000005
417.50900000000024
452.4660000000002
532.5300000000003
434.5620000000003
374.4620000000002
266.75300000000004
350.338
538.7320000000003
492.5830000000002
474.35500000000013
340.4930000000001
231.29900000000004
465.6190000000002
365.4360000000001
305.175
353.4840000000001
389.84300000000013
332.231
349.4560000000001
329.403
451.4700000000001
281.271
300.314
544.7170000000003
381.47600000000006
400.4640000000003
412.51100000000014
287.363
391.47400000000016
373.2940000000001
499.58900000000045
413.43300000000016
365.41100000000006
414.5120000000003
498.46800000000036
386.51700000000005
365.38900000000007
421.5180000000002
479.54300000000023
292.29400000000004
447.9700000000002
460.35300000000007
357.45700000000016
388.4710000000002
414.5350000000002
481.6180000000002
249.741
281.315
427.5410000000003
343.434
419.4590000000002
336.369
392.47700000000015
228.273
339.41600000000005
415.3610000000002
386.4110000000001
406.44800000000015
433.5550000000002
428.4360000000001
337.379
383.4730000000001
188.22600000000003
338.4510000000001
447.84400000000005
273.295
344.36700000000013
172.231
392.49900000000014
328.4120000000002
223.294
417.48700000000014
394.39900000000017
382.48500000000024
380.53200000000004
491.56900000000036
237.32399999999993
407.9010000000003
430.3570000000002
487.62200000000036
190.24600000000004
366.8740000000002
368.21200000000005
329.40700000000004
348.4280000000001
270.357
396.1570000000001
351.305
357.4140000000001
455.53900000000016
331.36800000000005
426.58800000000014
330.771
522.9890000000003
267.438
359.8380000000001
349.415
387.5050000000001
390.44300000000004
373.40300000000013
445.5370000000002
236.3389999999999
413.56200000000024
391.39300000000014
403.46000000000015
428.4880000000001
424.37500000000006
271.324
304.331
234.328
463.4560000000001
335.3600000000001
349.47400000000005
296.305
328.456
550.6530000000002
543.5520000000002
283.12100000000004
317.385
466.9910000000002
400.5480000000002
304.80600000000004
323.38100000000003
412.8690000000002
406.4640000000003
404.4260000000001
468.5350000000003
386.23800000000017
310.39700000000005
219.67100000000002
249.69699999999997
371.41200000000015
456.4680000000002
416.4960000000001
424.4720000000001
276.752
400.45600000000013
323.34800000000007
453.54200000000026
445.5560000000002
216.244
421.47200000000004
339.307
325.36800000000005
323.35200000000015
432.72300000000007
377.47
335.4070000000001
417.46500000000015
320.41700000000003
267.288
282.392
394.4780000000002
299.41800000000006
270.29200000000003
356.809
460.57700000000017
251.21699999999998
277.374
465.93700000000024
464.4990000000002
345.4640000000002
442.4930000000001
294.314
282.30300000000005
241.29
374.46200000000016
532.4530000000002
335.4250000000001
287.275
519.6310000000002
281.344
470.03800000000024
316.36100000000005
520.0540000000001
405.90700000000015
373.5010000000003
283.331
438.5530000000002
383.4730000000001
369.4490000000001
373.4780000000003
344.8670000000001
342.42
438.49900000000025
327.43100000000004
328.824
358.463
270.723
399.4430000000002
548.7280000000003
433.94200000000006
380.42900000000003
391.47100000000006
365.42900000000014
429.58400000000023
407.4050000000001
532.6410000000004
411.5060000000002
316.198
500.5960000000003
415.5400000000002
389.28600000000006
441.4590000000001
423.4690000000001
405.5200000000002
424.51900000000023
324.174
340.3830000000001
227.26300000000003
313.333
384.4610000000002
445.5630000000002
487.5310000000002
315.38
528.9710000000001
357.41
323.35200000000003
329.3560000000001
310.404
186.21800000000002
404.3110000000001
375.4530000000001
371.4430000000001
175.23100000000002
251.289
493.56300000000016
255.29199999999994
333.7710000000001
316.3530000000001
380.4500000000001
419.3930000000001
336.39500000000015
239.702
321.32900000000006
346.427
251.31099999999998
485.6060000000003
446.51100000000025
340.42600000000004
374.4290000000001
321.365
405.4000000000001
419.27500000000015
307.393
281.35599999999994
438.53000000000014
336.43800000000005
448.5480000000001
199.25699999999998
454.3240000000002
335.38500000000016
429.5200000000003
322.36
394.4350000000001
419.4020000000001
329.4250000000001
351.4280000000001
244.298
407.8760000000001
376.4780000000001
382.3760000000001
412.3790000000002
253.345
366.45199999999994
483.5790000000003
293.33000000000004
340.35400000000004
334.37100000000004
331.5970000000001
316.26900000000006
300.40500000000003
365.36400000000003
465.5460000000002
362.4500000000001
381.38800000000026
271.382
237.60799999999995
403.54800000000023
402.49400000000014
441.4130000000002
334.419
478.5930000000004
340.3790000000001
229.23900000000003
345.24
406.51100000000014
352.83899999999994
371.8200000000002
412.5150000000001
271.316
334.353
276.335
418.5150000000001
373.359
416.4810000000003
392.82
221.25599999999994
387.5050000000001
504.62800000000027
250.36699999999996
243.69399999999993
370.4090000000001
231.25500000000002
338.31
459.56800000000027
383.42300000000006
271.2800000000001
269.3
319.36400000000003
485.9090000000002
364.4520000000001
365.9010000000001
341.41800000000006
466.56700000000023
400.86200000000014
333.74300000000005
272.348
358.46700000000016
503.60600000000034
416.48100000000017
458.54000000000025
332.3490000000001
439.4930000000001
370.8400000000001
432.4980000000002
346.456
363.2440000000001
405.4060000000001
314.32
375.49800000000005
312.369
441.6540000000002
502.7320000000005
313.425
356.3040000000002
396.45100000000014
316.4890000000001
336.482
421.4530000000001
332.42500000000007
350.4400000000001
348.4060000000002
354.43500000000023
464.5510000000002
382.4630000000001
209.35799999999995
371.5060000000002
269.3
349.4340000000001
364.401
307.77700000000004
402.9260000000002
295.406
305.38200000000006
304.4150000000001
316.832
420.4190000000001
331.213
427.50800000000015
316.401
382.4890000000001
340.3790000000001
230.223
291.306
447.34300000000013
317.3260000000001
366.4640000000001
359.4070000000001
335.79100000000005
343.8100000000001
490.5370000000003
369.40200000000016
440.54400000000027
382.5260000000003
391.4930000000002
480.5860000000003
398.5100000000001
480.4320000000003
432.44000000000017
412.4670000000001
475.97700000000015
401.4660000000002
295.72900000000004
388.3550000000001
453.56800000000015
386.4660000000001
382.46700000000004
311.3810000000001
389.4230000000001
393.6000000000002
481.5960000000003
299.2420000000001
433.53000000000014
267.35699999999997
292.35400000000004
349.38700000000006
385.439
302.286
381.4130000000001
304.37500000000006
316.38
424.5890000000002
374.80899999999997
333.413
235.37099999999995
325.773
288.37199999999996
260.253
475.9980000000002
379.85100000000006
311.40300000000013
381.23300000000006
342.786
236.34
252.339
417.56000000000034
278.66099999999994
479.5810000000003
280.393
341.39200000000005
296.355
359.40700000000004
229.239
464.5470000000002
313.31
517.5850000000002
431.49600000000015
411.5060000000003
229.27899999999997
476.53600000000034
359.42600000000016
426.5160000000002
261.28100000000006
301.30199999999996
482.00200000000024
341.37200000000007
330.475
396.46800000000013
351.40999999999997
239.318
411.50200000000024
491.56700000000023
374.41900000000015
450.9700000000002
407.3760000000001
332.363
370.40800000000013
363.46400000000006
464.3410000000002
353.4220000000001
434.51400000000024
252.226
399.4720000000002
395.4560000000001
230.223
463.51900000000023
305.33700000000005
486.6150000000003
403.4790000000002
399.4720000000002
265.73999999999995
405.5020000000002
440.5250000000004
434.51100000000014
297.398
350.7800000000001
434.00500000000045
386.38900000000007
497.41400000000016
250.29399999999995
393.4430000000001
352.39000000000016
250.21
382.24300000000005
395.93100000000015
387.41400000000016
330.46900000000016
475.56700000000035
304.393
385.93500000000006
347.3
382.3720000000001
371.82800000000003
360.4820000000001
384.27000000000015
330.4570000000001
288.34700000000004
330.34000000000003
432.52700000000016
373.41600000000005
439.9680000000002
394.4530000000001
460.55200000000036
353.39900000000006
244.25400000000002
332.759
283.32700000000006
278.337
336.391
316.7480000000001
351.4060000000001
267.28799999999995
382.21000000000004
348.3880000000001
251.695
299.35200000000003
357.4100000000001
324.38
405.83700000000016
365.47700000000015
320.33000000000004
358.3580000000001
369.46900000000016
279.361
386.4520000000001
279.748
302.399
420.8820000000002
388.46700000000016
330.653
394.4960000000001
255.321
420.4380000000001
327.40900000000005
333.457
240.25799999999998
249.35699999999997
390.4210000000001
499.6180000000003
348.2250000000001
327.40900000000005
482.56500000000017
260.366
414.4370000000002
383.4480000000001
449.5770000000002
429.4800000000002
395.4590000000002
326.3560000000001
445.4720000000002
391.4530000000002
376.48200000000014
486.6190000000002
319.7920000000001
369.42100000000016
349.4380000000001
410.49200000000025
431.24600000000004
383.4920000000003
357.37000000000006
268.36000000000007
266.30099999999993
419.4660000000002
367.3360000000001
334.759
326.30800000000005
522.5910000000002
271.70300000000003
310.31300000000005
299.242
349.22100000000006
240.25799999999998
387.45500000000015
357.8850000000001
395.55000000000007
341.314
286.71500000000003
231.29900000000004
379.5040000000001
256.257
441.2360000000001
465.98400000000015
219.29199999999997
483.9330000000003
397.9060000000002
555.5800000000004
324.4500000000001
291.6940000000001
459.94000000000017
274.284
478.5490000000004
356.516
282.75600000000003
391.9240000000001
537.4550000000003
278.307
270.288
495.6420000000004
277.20500000000004
490.5890000000002
372.4250000000001
284.34400000000005
365.3610000000001
340.46700000000004
346.77000000000004
261.331
402.45000000000016
339.4640000000001
297.285
415.89800000000014
373.2280000000002
400.47900000000027
339.3910000000001
356.4220000000001
312.369
413.49900000000025
354.51900000000023
282.31800000000004
344.4360000000001
466.4880000000001
312.395
339.307
433.5550000000002
376.481
279.36899999999997
522.6270000000003
356.40700000000004
213.34999999999997
356.4510000000001
317.345
433.87700000000007
349.408
463.53000000000037
480.224
397.3830000000001
487.5750000000002
247.29799999999994
317.35200000000003
249.35799999999995
428.47400000000016
307.309
247.29799999999997
376.42800000000005
551.7130000000002
458.53400000000016
376.4120000000001
322.43
348.42400000000015
453.48900000000003
338.35900000000004
275.312
428.4960000000002
314.77200000000005
250.29799999999997
324.409
443.5260000000001
405.8780000000002
459.4530000000001
315.394
471.57900000000024
360.3410000000002
293.301
466.4010000000001
296.326
210.36499999999995
418.5000000000002
422.5500000000002
410.4300000000001
502.58900000000034
453.63000000000034
455.5830000000003
303.339
408.54600000000016
250.25399999999996
443.5470000000002
243.28099999999998
319.40500000000003
358.43800000000016
505.55000000000024
386.4730000000002
393.5310000000002
249.269
349.43100000000015
394.5010000000001
212.22900000000004
513.4900000000001
204.22899999999998
515.5950000000003
356.40700000000004
425.5790000000001
338.49800000000016
393.59000000000003
472.56700000000035
385.53700000000015
250.75400000000002
408.37800000000016
306.39400000000006
340.33500000000004
367.40500000000014
397.8840000000001
468.5140000000002
401.8790000000001
290.1860000000001
578.0940000000003
396.32500000000016
367.36100000000016
364.195
381.5230000000001
442.64800000000025
352.2980000000001
516.5980000000002
369.3950000000001
449.4770000000001
339.8630000000001
433.5050000000002
351.4100000000002
312.41300000000007
307.394
435.5010000000002
382.48900000000015
257.24899999999997
405.4140000000001
386.52100000000013
445.56600000000026
320.35200000000003
477.48300000000035
280.364
356.4220000000001
429.4730000000002
302.374
345.63
404.4740000000001
378.48000000000013
268.32300000000004
335.2370000000001
382.4850000000002
400.5440000000002
504.6310000000005
431.5140000000001
360.4100000000002
352.8250000000002
429.36100000000005
470.50700000000023
299.32599999999996
415.4860000000002
290.42900000000003
376.4310000000001
349.35
447.5890000000001
448.58900000000034
210.25799999999998
299.39900000000006
313.42600000000004
353.42600000000016
271.3639999999999
381.46500000000003
306.15900000000005
313.38200000000006
221.3
301.264
294.354
351.33700000000005
348.3360000000001
440.52500000000026
378.9000000000001
399.4720000000002
398.4630000000002
346.271
381.3840000000001
340.77000000000004
310.26900000000006
398.29700000000025
521.6590000000003
390.53100000000023
235.67800000000005
390.4390000000002
307.3710000000001
412.39800000000014
325.40500000000014
395.91200000000026
374.2450000000001
391.53700000000026
274.324
474.57900000000024
302.73600000000005
372.4460000000001
272.348
374.37800000000016
357.4350000000001
357.4610000000001
367.44500000000016
318.37600000000003
416.5650000000003
446.59300000000013
328.41200000000015
283.371
368.82400000000007
351.85900000000004
396.2660000000001
230.245
361.4860000000002
466.9500000000001
501.60500000000025
274.14700000000005
307.39300000000003
413.29300000000006
355.39400000000006
310.7370000000001
299.717
503.38200000000035
470.52900000000034
277.349
384.8920000000002
338.4510000000002
418.54500000000013
289.33900000000006
223.30100000000002
335.41100000000006
576.6360000000001
397.90600000000006
442.5630000000003
249.26599999999996
330.38700000000006
393.36500000000007
517.5630000000003
392.4770000000001
199.25700000000003
296.37399999999997
356.3780000000001
305.34100000000007
322.39
277.284
319.40500000000014
246.26199999999994
270.335
463.8960000000002
477.9730000000003
588.1260000000002
280.371
324.427
361.7850000000001
309.394
211.28999999999996
371.44400000000013
317.37
458.49200000000025
410.42600000000004
346.45900000000006
472.6520000000005
377.37100000000004
490.6700000000004
426.4730000000003
374.49500000000006
248.36999999999998
462.5060000000002
271.345
331.799
471.5570000000002
433.46400000000017
465.6190000000003
284.403
378.8560000000003
318.4650000000001
410.88300000000015
338.3630000000001
379.37200000000024
470.5890000000003
479.4800000000002
338.407
257.33699999999993
475.52400000000017
390.4460000000001
349.32400000000007
285.325
370.4520000000001
298.3710000000001
336.39100000000013
235.352
309.36499999999995
342.37
367.452
355.394
312.37300000000005
291.229
440.54000000000025
420.46900000000016
407.46600000000024
301.371
348.428
353.3750000000001
380.47000000000014
328.368
327.34000000000003
210.38499999999993
365.4290000000002
393.44300000000015
432.5960000000002
294.405
343.818
383.4000000000001
438.94000000000017
312.394
442.2950000000002
430.6620000000002
295.38199999999995
426.4730000000002
287.38399999999996
364.4090000000001
185.179
427.50400000000013
413.47700000000015
487.5600000000003
462.57200000000034
307.38200000000006
466.56300000000005
236.31499999999997
420.4560000000001
427.5300000000003
446.41500000000013
194.25899999999996
374.4840000000002
395.41500000000013
436.4680000000002
379.4410000000001
374.44100000000014
409.67800000000005
399.4980000000001
404.4880000000002
351.8410000000001
448.4790000000002
391.4720000000001
363.4140000000002
324.7640000000001
384.4510000000001
288.37600000000003
391.38700000000006
263.322
367.35700000000014
389.5250000000002
173.21900000000002
429.5170000000001
400.4380000000001
342.4140000000002
399.4870000000001
396.4620000000001
393.53000000000003
303.355
377.46900000000005
451.5010000000004
368.3150000000001
289.31000000000006
448.97600000000017
379.2680000000001
320.34800000000007
355.7420000000001
462.78100000000023
503.44000000000034
514.5600000000004
313.382
493.60400000000016
379.2900000000002
484.50800000000027
234.29800000000003
407.4730000000002
383.3350000000001
555.7040000000003
355.3940000000001
402.41000000000014
499.97600000000034
328.7370000000001
419.47800000000007
378.85900000000004
434.35600000000005
444.5970000000003
396.83000000000015
497.5730000000003
368.4370000000001
336.4350000000001
357.1970000000001
292.448
345.401
390.48300000000006
428.5100000000003
387.4140000000001
425.5070000000003
346.45200000000006
247.24999999999994
450.44700000000023
322.19500000000005
303.358
416.50300000000016
391.4310000000002
258.19499999999994
422.50300000000027
405.4320000000002
185.22299999999998
405.47900000000016
250.30100000000002
335.83100000000024
326.356
389.5210000000001
450.5360000000003
541.6740000000002
334.44100000000014
547.9860000000001
385.4410000000001
407.45200000000006
347.418
320.78000000000003
404.5170000000001
361.832
310.76200000000006
373.3900000000001
438.4090000000001
422.48500000000024
336.4600000000001
270.335
421.50000000000006
199.16599999999997
353.4550000000001
296.326
281.32300000000004
384.4570000000001
419.49200000000013
298.298
230.31099999999998
422.52900000000034
444.6040000000001
329.403
361.4860000000002
325.86500000000024
346.30700000000013
314.8160000000001
264.35
403.91300000000007
379.2900000000001
228.267
427.4850000000001
467.5470000000003
354.34400000000005
466.5340000000002
510.6420000000005
448.52700000000016
408.5380000000003
327.403
473.55100000000016
271.276
227.288
298.302
417.87400000000014
573.5020000000002
337.223
391.8590000000002
324.37600000000003
272.307
261.241
267.288
355.41300000000007
192.189
308.333
352.3910000000001
312.7570000000001
305.3740000000001
342.439
248.28500000000003
269.40999999999997
383.4960000000002
442.9280000000003
363.41700000000003
489.52300000000037
266.26000000000005
349.4080000000001
305.355
285.30400000000003
544.6960000000004
276.361
375.47200000000015
330.431
447.5570000000003
275.695
281.268
498.04800000000023
247.34399999999997
225.25500000000002
505.64000000000027
208.33000000000004
240.09999999999997
231.27599999999998
361.4710000000002
243.68999999999997
404.46600000000024
368.74600000000004
349.43000000000006
414.45800000000025
221.25599999999994
466.5920000000001
267.373
409.5110000000002
483.48100000000017
224.30399999999997
278.337
493.4830000000001
474.57900000000035
252.269
422.4630000000002
217.31199999999993
325.4770000000002
398.53600000000023
408.4830000000002
274.345
427.276
365.4770000000001
309.3690000000001
370.4080000000002
345.44300000000004
322.412
437.54800000000023
395.48200000000026
369.42500000000007
381.8850000000003
344.4550000000002
361.44900000000024
304.39400000000006
429.5170000000002
350.3740000000001
483.57500000000033
548.7750000000003
278.337
383.7950000000001
405.5240000000001
303.369
298.342
336.80000000000007
291.363
455.3800000000002
468.61600000000027
388.4230000000002
293.301
340.77
394.5990000000002
300.318
364.43000000000006
237.29899999999998
243.26600000000002
341.3920000000001
418.8620000000001
277.35300000000007
287.3190000000001
312.7530000000001
442.0250000000002
401.557
403.45600000000024
365.8240000000001
376.3860000000001
269.32399999999996
400.5230000000001
475.5960000000001
392.5020000000002
350.21600000000007
351.40600000000006
431.6020000000002
464.97100000000034
294.354
397.49600000000015
532.6850000000004
486.6380000000003
327.38400000000007
475.3970000000002
348.38000000000005
403.48600000000016
309.373
291.37199999999996
359.47
485.9250000000003
223.275
467.5290000000002
388.8510000000001
344.253
245.24200000000002
464.5070000000002
522.6270000000003
356.49300000000017
457.6210000000002
473.5890000000003
449.89400000000023
300.42699999999996
387.5080000000001
389.54300000000023
316.4740000000001
313.3570000000001
417.85600000000017
335.36300000000006
296.37100000000004
490.53900000000016
384.4510000000001
240.35000000000002
319.2320000000001
469.60700000000026
405.4720000000001
505.5920000000002
389.52400000000006
532.6150000000005
311.34100000000007
339.2770000000002
318.41700000000003
439.55600000000015
482.62500000000034
340.4490000000001
275.32300000000004
499.5890000000002
308.33700000000005
263.724
317.297
485.34500000000025
433.83900000000006
263.253
381.4720000000002
415.3560000000003
314.454
354.45000000000016
437.5400000000001
394.47100000000023
373.43400000000014
301.3460000000002
340.36400000000003
452.8760000000002
510.5910000000003
426.4730000000003
415.51500000000016
335.7940000000001
233.658
229.28700000000003
358.44200000000006
267.284
327.38800000000015
285.38699999999994
390.43600000000015
327.47300000000024
348.24299999999994
457.6210000000002