17
50
58
39
49
42
36
41
43
48
45
53
28
40
32
52
50
40
56
49
51
41
45
30
32
44
51
45
71
48
28
36
34
34
45
22
36
42
56
38
55
46
23
42
42
58
41
46
33
52
55
76
44
43
27
49
61
63
59
32
29
55
47
27
45
47
35
40
40
58
41
36
61
44
51
51
36
42
38
61
52
41
46
52
52
44
48
57
38
49
49
43
46
47
57
31
34
48
43
61
42
46
24
42
38
54
48
53
54
41
47
22
38
51
37
45
19
50
35
22
50
48
51
50
63
23
45
44
59
21
35
40
40
39
27
49
41
44
52
38
43
39
65
33
37
45
43
45
45
54
33
43
48
57
52
52
37
35
27
58
43
46
31
40
68
68
25
38
55
50
32
35
50
44
52
51
46
36
22
25
42
57
52
46
29
46
42
54
52
27
49
49
37
37
41
38
40
47
36
35
37
44
41
32
42
52
32
27
59
53
37
55
34
36
27
44
57
39
45
64
30
50
45
61
45
40
33
49
46
42
43
39
41
53
37
35
39
30
50
71
46
46
52
41
48
50
68
51
30
65
47
40
58
49
49
49
30
36
26
40
43
55
57
35
62
38
41
39
32
23
43
42
45
20
28
62
28
35
40
48
52
44
26
41
45
28
62
53
37
43
40
51
40
38
31
50
39
51
24
49
35
54
42
45
49
43
40
27
46
47
53
58
27
41
54
39
42
38
28
45
37
41
53
42
44
26
26
48
45
56
40
60
41
26
27
46
40
44
57
29
39
30
50
42
61
48
24
46
53
24
24
44
29
42
54
47
31
32
35
64
36
45
41
50
49
37
34
40
67
50
65
45
50
40
55
36
37
51
38
37
35
56
55
36
31
47
44
32
52
42
43
44
41
55
47
26
39
33
41
44
40
45
41
32
37
35
52
31
55
36
41
40
32
31
52
41
46
45
36
39
57
42
55
45
46
54
45
45
53
47
54
47
34
45
50
39
42
36
44
43
62
43
47
31
35
41
44
35
48
32
39
50
52
42
32
38
33
35
51
44
38
41
41
23
28
44
32
57
32
49
36
42
26
60
34
62
52
47
28
60
44
48
34
42
55
40
36
45
40
27
50
56
46
55
49
41
45
37
47
41
52
29
54
47
27
54
36
59
54
47
31
48
54
52
35
50
44
55
51
28
47
42
40
39
45
48
32
56
35
40
42
49
44
42
41
39
35
40
51
45
50
46
55
40
33
38
32
34
41
35
42
32
37
49
35
31
45
37
48
41
42
56
40
33
45
30
33
44
43
27
42
37
48
38
33
29
32
42
59
35
37
54
27
56
48
49
57
46
41
57
51
40
62
36
47
43
47
54
39
43
31
39
48
52
35
41
62
30
40
51
37
29
46
38
50
44
31
28
48
36
49
56
28
61
47
75
38
38
52
28
55
32
27
35
57
37
30
60
35
51
47
32
51
37
38
26
49
40
35
51
34
44
41
36
34
45
36
35
43
58
35
51
48
47
23
66
45
23
42
46
51
40
52
63
54
59
34
43
31
54
39
29
42
67
52
46
40
42
47
43
36
53
37
28
35
48
48
56
40
59
46
34
49
45
21
48
51
49
63
48
52
34
44
36
52
27
39
48
66
44
47
30
39
49
21
64
25
57
48
46
36
37
53
42
26
48
36
49
46
45
51
45
26
64
53
48
32
40
50
42
56
44
52
43
56
45
41
37
52
47
33
49
41
51
45
57
31
44
54
32
38
48
47
34
31
48
42
61
54
42
43
39
65
34
51
32
48
46
51
52
24
35
33
42
37
42
31
35
25
39
35
48
45
52
42
49
43
32
45
39
42
55
61
41
24
43
33
53
37
48
42
46
37
60
32
48
36
44
46
43
43
37
49
57
41
35
42
37
40
28
42
54
62
26
40
43
50
37
31
59
61
30
47
41
49
39
21
39
70
43
56
30
38
48
63
44
21
38
42
36
41
31
33
30
32
56
60
70
30
34
42
36
23
47
34
57
48
40
55
46
60
53
41
29
55
28
35
57
53
51
33
42
34
56
44
50
59
62
42
27
57
42
46
34
47
41
39
28
36
39
37
42
43
40
54
52
50
35
36
44
41
42
39
23
42
52
46
31
37
45
48
36
45
45
34
51
27
43
19
49
53
57
56
35
52
24
52
46
61
21
44
43
57
42
50
50
50
47
36
57
47
45
37
44
30
48
35
51
45
23
51
59
40
44
47
45
32
41
52
51
36
54
41
42
49
56
50
65
39
60
35
61
27
52
53
62
43
56
68
41
53
37
42
50
51
56
44
43
43
31
41
47
53
46
51
41
31
55
35
40
51
47
31
54
46
24
47
28
34
37
44
52
72
34
66
46
54
46
33
42
38
33
44
58
51
39
35
53
28
41
39
33
48
52
39
29
48
52
37
41
33
40
35
27
49
36
23
50
61
46
53
67
56
49
37
54
32
24
39
50
73
43
51
39
36
39
32
42
24
37
44
42
36
45
32
32
44
52
43
45
38
43
40
36
70
32
45
40
58
29
33
61
27
24
60
21
21
25
39
23
48
46
39
48
29
50
28
48
61
28
31
57
56
31
47
25
34
43
50
31
41
47
31
46
40
37
48
48
44
47
39
44
32
53
42
57
71
29
45
51
33
34
40
35
56
62
49
34
42
53
38
40
29
29
36
51
33
38
37
52
43
48
41
45
37
42
56
48
34
50
51
53
40
46
63
51
37
54
42
53
34
33
43
53
25
56
42
47
26
55
68
47
54
55
52
30
44
44
36
42
52
47
35
55
47
26
29
50
48
65
47
63
35
33
31
55
58
37
33
57
40
26
40
56
48
40
47
41
41
40
56
48
50
39
42
55
64
51
51
38
27
25
42
32
47
37
47
41
30
56