12.89
50.69
97.21
55.400000000000006
81.39000000000001
82.67
76.74000000000001
85.59
100.19
52.650000000000006
79.9
102.30000000000001
73.86
94.09000000000002
41.57000000000001
81.16
118.09
54.260000000000005
102.00999999999998
116.92000000000002
85.26
75.63
71.53
42.24
29.1
61.88000000000001
86.79
78.84
143.51000000000002
66.92
90.31
73.26
47.5
41.489999999999995
111.09
38.33
36.440000000000005
68.01
83.3
41.93000000000001
84.94
40.620000000000005
24.39
76.38
79.9
127.36000000000001
127.31
75.71
51.22
71.41
94.57
141.59999999999997
85.69
75.71
34.89
109.59
116.17
168.30999999999997
88.07
60.25
57.78
61.88
94.72000000000001
34.480000000000004
63.68
74.28999999999999
84.22
84.66
50.42
76.30000000000001
78.15
98.66000000000001
81.08
61.88
109.56
89.27
58.38000000000001
82.57000000000001
23.55
100.79
79.25999999999999
89.02
100.10000000000001
60.93000000000001
59.38
87.74000000000001
64.63
107.71000000000001
75.27000000000001
67.08
79.37
31.98
58.440000000000005
98.42
90.81000000000002
20.310000000000002
56.15
57.230000000000004
55.63
110.06
105.32999999999998
84.94000000000001
72.31
46.61
26.71
93.92000000000002
52.57000000000001
86.79
82.61
73.22
71.61999999999999
26.3
50.69
55.510000000000005
58.11
93.73
17.82
62.4
54.71
78.62
89.78999999999999
87.61000000000001
79.03
40.620000000000005
91.56
38.33
62.29
68.46000000000001
88.18
32.34
69.9
95.08000000000001
55.63
78.27000000000001
48.14
120.88
84.86000000000001
94.08000000000001
77.13
68.97999999999999
51.22
59.5
95.66000000000003
20.310000000000002
68.02
64.85
68.46000000000001
77.63
61.440000000000005
83.83000000000001
36.260000000000005
68.46000000000001
63.160000000000004
109.62
73.59
85.89000000000001
83.03
86.11
41.050000000000004
84.67
98.25000000000001
29.54
52.3
45.33
128.28
115.13000000000001
50.44
51.160000000000004
95.75
79.53
49.31
65.72
65.74000000000001
106.79
93.53
106.79
78.91
32.78
22.0
42.35000000000001
54.040000000000006
67.23
43.26
53.33
43.08
83.68
64.96000000000001
67.6
69.62000000000002
73.8
64.74
103.06
79.46000000000001
65.38000000000001
72.47
72.70000000000002
48.72
86.36
53.22
70.39
28.8
92.59
67.15
61.940000000000005
67.75999999999999
93.72999999999999
97.38000000000001
47.260000000000005
86.00999999999999
114.71000000000001
47.56
77.92
80.91
79.03999999999999
38.33
67.87
87.71
68.54
101.67
137.41
55.96
58.370000000000005
90.06
104.29999999999998
87.63
77.05000000000001
71.09
104.21000000000001
76.12
51.81
79.36999999999999
53.22
58.97
69.56
36.95
46.010000000000005
58.64
43.6
83.41999999999999
94.74
74.91
103.91
74.92
79.54
47.769999999999996
95.07
94.92
96.33000000000001
20.310000000000002
82.93
64.42999999999999
58.95
96.02
72.69999999999999
80.63999999999999
102.00999999999999
52.330000000000005
67.77
38.33
75.57000000000001
92.25999999999999
75.44
73.53999999999999
46.84
152.36999999999998
83.81
79.37
96.56
80.91000000000001
42.74
37.81
63.99
79.2
20.310000000000002
61.85
86.36
20.310000000000002
64.63
61.830000000000005
73.1
124.64
72.42
46.17
94.09
59.08000000000001
64.11
96.02
94.28
98.49000000000001
92.50999999999999
82.77
48.3
76.66000000000001
29.54
78.59
86.71000000000001
57.690000000000005
70.31
30.71
65.79
77.69000000000001
71.52999999999999
44.760000000000005
124.15999999999998
114.32000000000001
61.77
90.41000000000001
58.95
50.95
66.92
120.39
155.06999999999996
23.47
41.57000000000001
111.85
86.94
67.76
55.760000000000005
53.33
99.93
83.63
80.32000000000001
105.84
38.69
93.89999999999999
55.4
29.1
61.88000000000001
50.8
66.88000000000001
49.74
89.60000000000001
66.37
77.74000000000001
27.05
72.54
60.44
62.91
84.3
48.42
115.56
86.99000000000001
85.8
77.25
90.06
119.46999999999998
51.47
79.37
84.09
34.89
70.26
91.41
70.14
55.12
104.81
85.69
84.95
51.8
63.25
142.8
88.76
46.61
46.84
106.26
86.71000000000001
55.400000000000006
49.410000000000004
49.86
129.77
78.15
110.47999999999999
117.44999999999999
92.09
76.02000000000001
91.10000000000001
69.9
48.150000000000006
97.97000000000001
83.45
72.28
67.43
91.44
46.67
69.56
30.49
102.97
23.55
58.2
118.48
60.66
95.5
76.88
76.88
114.10000000000001
51.22
12.03
75.11
47.56
81.99000000000001
81.42999999999999
66.4
56.84
25.009999999999998
71.64000000000001
50.27
32.34
78.09
41.99
72.16
54.7
69.03999999999999
60.03
65.26
48.42
83.42999999999999
126.19
106.32999999999998
90.28999999999999
73.22
42.68000000000001
99.03
86.48
104.54
66.92
71.85
85.89
43.18000000000001
88.91
129.9
84.94000000000001
81.29
65.5
118.69
85.59
87.66
103.41000000000001
66.91
38.77
73.86
29.33
58.81
102.64000000000001
97.83000000000001
49.57
49.410000000000004
70.58000000000001
70.67
97.63000000000001
100.52000000000001
88.00000000000001
61.02
56.75000000000001
111.15
79.37
29.1
72.47
51.220000000000006
82.94
72.92
64.74000000000001
78.79
66.21000000000001
65.87
33.62
53.849999999999994
73.02
33.2
97.72000000000001
41.57000000000001
82.06
69.81
92.51
60.92
104.77000000000001
141.87
122.32
72.08
96.33000000000001
46.5
139.54
88.07
49.85000000000001
70.19
88.62
107.97
98.69
75.27000000000001
75.8
88.89999999999999
29.1
71.11
86.79999999999998
43.18
59.39
77.25000000000001
72.43
69.64
77.25
90.41000000000001
90.79
105.92
86.84000000000002
92.87999999999998
62.300000000000004
71.34
122.31
64.11
92.78
101.78
82.86
33.45
88.91
84.22000000000001
45.92
38.33
115.61000000000001
54.46000000000001
124.32
63.35
44.760000000000005
70.23
63.93000000000001
109.54000000000002
64.63
61.88
63.99
24.06
97.41000000000001
33.29
32.7
75.14
94.17000000000002
88.05000000000001
93.19999999999999
55.63
62.46
58.64
96.89
105.4
74.83
71.09
42.74
85.38
72.47
90.7
51.43
44.370000000000005
80.75999999999999
64.35
59.84
65.38
79.03
77.77
114.12
92.05000000000001
84.78
80.64
52.49
79.54
70.23
118.25000000000001
128.98000000000002
73.63
46.61
102.32000000000001
46.17
54.269999999999996
124.15999999999998
67.42999999999999
29.1
41.99
61.37
108.04999999999998
70.23
66.32000000000001
46.53
12.03
112.39
140.64
50.68
57.010000000000005
161.45
60.21
79.16
47.24
99.93999999999998
96.33000000000001
71.2
105.38000000000001
139.71999999999997
110.49000000000001
86.10999999999999
98.16000000000001
49.580000000000005
93.5
67.94
86.33
109.43
72.47999999999999
114.8
46.330000000000005
81.26999999999998
90.64000000000001
94.23999999999998
77.52
93.72999999999999
159.53
45.730000000000004
92.26
112.30999999999999
70.3
35.53
68.01
35.580000000000005
97.45
74.85
76.66
44.370000000000005
62.300000000000004
60.44
51.55
96.44
102.77999999999999
119.22999999999999
51.870000000000005
163.06
56.75000000000001
84.27
96.78
100.44
111.55
52.89
66.91
54.46000000000001
119.87
54.37
68.28999999999999
114.03999999999999
61.31999999999999
102.33
116.28
56.21
96.37
35.940000000000005
73.47
54.88
64.80000000000001
53.16
55.73
63.68
69.68
90.2
81.78000000000002
76.66
50.8
79.38000000000001
32.34
44.89
57.690000000000005
77.75
74.77
110.9
92.51
41.9
64.86
127.71000000000001
110.57
27.299999999999997
75.02000000000001
92.55000000000001
123.16999999999999
60.17
94.09000000000002
41.46
86.51
108.74
58.41
75.6
46.92
134.18
94.54999999999998
56.489999999999995
50.27
94.96
65.54
79.47
61.190000000000005
67.87
54.88
69.67
90.7
86.21000000000001
62.980000000000004
78.43
52.3
126.73000000000002
79.98
92.41000000000001
54.45
96.02
81.91
50.940000000000005
69.72
72.24
15.27
101.66000000000003
75.27
79.54
102.45000000000002
82.44999999999999
68.13000000000001
72.47
62.550000000000004
81.47
54.04000000000001
29.1
70.67
101.98000000000002
115.69
78.87
70.23
38.66
71.11
97.35
37.3
99.21000000000002
50.69
99.87
99.00999999999999
75.11
55.24000000000001
41.99
108.05000000000001
52.57
24.92
159.48
43.07
84.47
89.02000000000001
80.64000000000001
107.1
81.29
59.220000000000006
99.86000000000001
107.93999999999998
96.97
65.49000000000001
88.16
56.75
99.11000000000001
88.75
125.32000000000001
76.71000000000001
46.61000000000001
109.57
87.37
50.69
74.43
81.69999999999999
55.89
77.12
100.26999999999998
75.19
73.66
75.96000000000001
79.12
52.60000000000001
87.04
119.80000000000003
45.91
39.94
94.18
66.63000000000001
94.94
52.08
79.19
34.17
78.25
107.02000000000001
66.48
63.61
66.48
131.74
65.49000000000001
105.84
66.48
43.78
109.33000000000001
72.17000000000002
102.84
64.35
50.78
46.92
74.49000000000001
26.790000000000006
122.2
39.19
69.66
38.33
46.61
58.199999999999996
78.84
99.77000000000001
91.84
58.64
108.62
86.86
46.17
78.21000000000001
76.88
107.13
121.07999999999998
140.18
52.49000000000001
76.72
69.15
71.28
108.11000000000001
68.23
82.27
83.47
71.41
56.220000000000006
109.85000000000001
41.46
83.55000000000001
44.0
112.51
76.63999999999999
37.190000000000005
67.79
45.480000000000004
45.33
0.0
79.19
29.54
57.92000000000001
56.15
83.37
81.28000000000002
35.580000000000005
97.12
113.08999999999997
29.54
45.39
84.5
93.5
84.82999999999998
74.99000000000001
76.15
95.22
68.02000000000001
100.85999999999999
42.31
75.94
73.85
58.04
77.99000000000001
185.88000000000002
54.46
61.46
64.63
32.78
75.02
117.53
84.94
37.81
66.91
90.31000000000002
85.30000000000001
84.30000000000001
91.16000000000001
70.67
59.67
17.29
81.06
90.77000000000001
110.97
41.13
60.45
96.53
45.56
54.88
63.39000000000001
81.17999999999999
122.99
110.80000000000001
43.08
91.42
65.47
91.72
86.96000000000001
85.59
32.34
97.35000000000002
43.32
55.4
81.59
110.47000000000001
63.57
41.46
84.5
50.160000000000004
95.79
95.5
97.30000000000001
76.46000000000001
108.13
63.08
49.25
84.59
106.35000000000001
127.64000000000001
104.31
53.17
72.71
52.61
29.43
38.77
58.64
97.39
86.36
68.4
84.27
88.07000000000001
95.91000000000001
77.77
62.300000000000004
86.10999999999999
97.54000000000002
83.98
89.34000000000002
96.53
0.0
56.790000000000006
90.29
90.87
59.81
72.17999999999999
75.6
74.33000000000001
62.98
83.09
48.470000000000006
37.38
89.00999999999999
38.33
107.83999999999999
82.81
77.25
65.25999999999999
99.74000000000001
110.59999999999998
55.63
100.63000000000001
54.27
41.57
81.85000000000001
120.91000000000001
45.379999999999995
43.26
97.92000000000002
108.38
76.38
86.43
72.67999999999999
71.32
84.94
62.2
112.98
87.22
65.78
75.71
58.64
52.3
101.13
74.85
111.98000000000002
79.60000000000001
54.7
71.41
93.92
41.57000000000001
68.23
65.69999999999999
70.0
66.84
55.629999999999995
127.28999999999999
77.2
49.580000000000005
82.08000000000001
61.69
69.97
136.98000000000002
59.290000000000006
76.15
136.89999999999998
52.980000000000004
69.72
66.48
95.86000000000001
17.07
111.79
111.43
101.3
96.53
99.41
100.82999999999998
107.25000000000003
95.58000000000001
36.28
78.95
75.71000000000001
77.4
130.75
78.27000000000001
49.410000000000004
90.06
35.5
59.75
51.66
76.15
56.15
97.41000000000003
66.48
74.68
116.18000000000002
54.35
71.69
99.67999999999999
78.2
39.44
109.85
122.83000000000001
60.77000000000001
73.34
33.51
55.400000000000006
92.67999999999999
79.37
68.08999999999999
130.95
68.28999999999999
113.94999999999999
81.69999999999999
133.68
62.1
74.32
90.14
50.95
78.76
105.67
83.45
91.31
33.2
28.68
67.05
118.17999999999999
102.5
67.37
80.89
72.64
142.62
86.71000000000001
41.46
68.62
53.18
39.42
54.040000000000006
44.370000000000005
159.48
23.550000000000004
55.120000000000005
46.92
68.28999999999999
24.06
71.53
95.07
125.71000000000004
70.42
77.53999999999999
102.24000000000001
66.76
45.230000000000004
80.22999999999999
74.18
40.86
105.79
85.35000000000001
84.61999999999999
61.269999999999996
84.50999999999999
60.440000000000005
42.85
106.45
60.06
52.65
37.3
48.67
112.03
90.06
64.63
59.5
34.89
46.17
72.16
74.24000000000001
63.69
23.55
78.75
85.61
55.84
82.67999999999999
98.82
76.21
52.980000000000004
32.34
108.57
71.09
112.24000000000001
73.21
40.86
55.63
86.79
24.06
29.1
38.33
95.05999999999999
51.05
69.56
52.71
40.58
86.33
55.73
94.82000000000002
71.5
88.16
136.19
58.86
80.9
47.03
85.38000000000001
43.370000000000005
112.11000000000001
20.310000000000002
20.310000000000002
67.58
105.39
61.69
109.61000000000001
56.489999999999995
56.27000000000001
124.78999999999999
49.94
50.50000000000001
4.93
45.900000000000006
95.07000000000001
82.27
58.64000000000001
56.80000000000001
81.51
66.65
81.42999999999999
137.98000000000002
121.6
70.02000000000001
90.52
87.54
55.11
71.41
72.24
96.68
97.36
104.22
76.99000000000001
61.85
73.4
34.14
71.05000000000001
68.52
59.31
75.11000000000001
88.24000000000001
121.01999999999998
86.69
69.72
74.93
69.72
45.67
93.14
65.6
49.56
50.050000000000004
83.44
120.05000000000001
83.55
61.77
66.69
70.67
92.77999999999999
54.12
71.7
80.07000000000001
102.32000000000001
54.900000000000006
57.690000000000005
101.57
116.92
74.86
55.400000000000006
46.94
117.86999999999999
26.03
101.82
76.75
115.10000000000001
92.4
135.94
115.88999999999999
11.530000000000001
70.58000000000001
82.85
80.23
41.99
59.620000000000005
37.27
32.260000000000005
60.93000000000001
85.31
85.13
82.08000000000001
85.06
42.010000000000005
16.130000000000003
41.57000000000001
72.92
98.76999999999998
106.60999999999999
26.79
111.68
70.67
32.34
66.65
67.00999999999999
87.91000000000001
74.77000000000001
31.23
117.95
75.27000000000001
44.480000000000004
94.83999999999999
91.78
45.230000000000004
93.83
75.63
38.92
41.46
67.42999999999999
65.2
75.88
90.17000000000002
94.22
97.45
117.58
90.03
86.96000000000001
104.37
39.82
50.8
63.45
82.08000000000001
61.55000000000001
97.2
29.540000000000003
112.23000000000002
26.479999999999997
55.4
70.58000000000001