0.5606060606060606
0.5066666666666667
0.5797101449275363
0.49382716049382713
0.4772727272727273
0.3875
0.6385542168674698
0.4864864864864865
0.3157894736842105
0.5692307692307692
0.34831460674157305
0.5301204819277109
0.5970149253731343
0.3780487804878049
0.47761194029850745
0.3037974683544304
0.546875
0.3291139240506329
0.3333333333333333
0.47297297297297297
0.32051282051282054
0.3764705882352941
0.5285714285714286
0.36046511627906974
0.3076923076923077
0.7142857142857143
0.3717948717948718
0.29411764705882354
0.3
0.6162790697674418
0.7222222222222222
0.5333333333333333
0.3157894736842105
0.5476190476190477
0.4246575342465753
0.2988505747126437
0.2988505747126437
0.4305555555555556
0.5
0.32
0.375
0.2727272727272727
0.5121951219512195
0.4
0.47540983606557374
0.4
0.38271604938271603
0.32926829268292684
0.3619047619047619
0.35443037974683544
0.35802469135802467
0.5384615384615384
0.5138888888888888
0.45977011494252873
0.3037974683544304
0.7439024390243902
0.3626373626373626
0.6612903225806451
0.49206349206349204
0.4810126582278481
0.5
0.4583333333333333
0.3977272727272727
0.358974358974359
0.44
0.22727272727272727
0.5970149253731343
0.5625
0.47058823529411764
0.2978723404255319
0.5617977528089888
0.32432432432432434
0.5
0.26744186046511625
0.3181818181818182
0.40384615384615385
0.26804123711340205
0.38235294117647056
0.6585365853658537
0.4027777777777778
0.5294117647058824
0.3076923076923077
0.6027397260273972
0.2857142857142857
0.38271604938271603
0.3670886075949367
0.345679012345679
0.296875
0.3333333333333333
0.32
0.22950819672131148
0.5573770491803278
0.3150684931506849
0.3977272727272727
0.47540983606557374
0.5352112676056338
0.36585365853658536
0.25
0.40816326530612246
0.5441176470588235
0.5352112676056338
0.7012987012987013
0.543859649122807
0.3709677419354839
0.3163265306122449
0.36363636363636365
0.4492753623188406
0.5633802816901409
0.2976190476190476
0.5277777777777778
0.4186046511627907
0.2553191489361702
0.2916666666666667
0.3333333333333333
0.3113207547169811
0.6625
0.35802469135802467
0.30952380952380953
0.40425531914893614
0.43661971830985913
0.6229508196721312
0.36904761904761907
0.33980582524271846
0.32894736842105265
0.4
0.31645569620253167
0.3508771929824561
0.52
0.32727272727272727
0.5125
0.34951456310679613
0.5
0.32
0.5294117647058824
0.4117647058823529
0.8490566037735849
0.28735632183908044
0.5
0.28169014084507044
0.39473684210526316
0.3626373626373626
0.5061728395061729
0.6933333333333334
0.45454545454545453
0.5
0.44776119402985076
0.4268292682926829
0.4025974025974026
0.45588235294117646
0.5882352941176471
0.42045454545454547
0.4625
0.4868421052631579
0.4675324675324675
0.5068493150684932
0.38461538461538464
0.3953488372093023
0.5166666666666667
0.3411764705882353
0.4457831325301205
0.34
0.576271186440678
0.4166666666666667
0.32323232323232326
0.2823529411764706
0.330188679245283
0.34146341463414637
0.3181818181818182
0.3953488372093023
0.3125
0.28
0.5256410256410257
0.3392857142857143
0.2988505747126437
0.3835616438356164
0.5066666666666667
0.5689655172413793
0.4
0.4225352112676056
0.3088235294117647
0.35294117647058826
0.43478260869565216
0.3048780487804878
0.4939759036144578
0.3146067415730337
0.3176470588235294
0.5087719298245614
0.5263157894736842
0.32894736842105265
0.30985915492957744
0.4065934065934066
0.24691358024691357
0.40540540540540543
0.35051546391752575
0.5061728395061729
0.42105263157894735
0.2621359223300971
0.32894736842105265
0.7
0.45652173913043476
0.27058823529411763
0.3469387755102041
0.37662337662337664
0.36470588235294116
0.3333333333333333
0.5394736842105263
0.3625
0.532258064516129
0.734375
0.3425925925925926
0.3815789473684211
0.3875
0.4492753623188406
0.64
0.4107142857142857
0.35526315789473684
0.38235294117647056
0.28378378378378377
0.6142857142857143
0.3076923076923077
0.45161290322580644
0.3404255319148936
0.5147058823529411
0.45569620253164556
0.42424242424242425
0.30120481927710846
0.3625
0.4625
0.4823529411764706
0.32038834951456313
0.2535211267605634
0.4473684210526316
0.34444444444444444
0.3627450980392157
0.5535714285714286
0.4642857142857143
0.5
0.3048780487804878
0.49382716049382713
0.5068493150684932
0.30666666666666664
0.6461538461538462
0.42857142857142855
0.38666666666666666
0.5166666666666667
0.3181818181818182
0.34285714285714286
0.6415094339622641
0.5633802816901409
0.4722222222222222
0.5068493150684932
0.36619718309859156
0.5128205128205128
0.31645569620253167
0.4461538461538462
0.36538461538461536
0.44285714285714284
0.40540540540540543
0.5333333333333333
0.3548387096774194
0.7123287671232876
0.26666666666666666
0.2980769230769231
0.26744186046511625
0.5070422535211268
0.5507246376811594
0.45977011494252873
0.35802469135802467
0.6376811594202898
0.2903225806451613
0.47674418604651164
0.3235294117647059
0.4857142857142857
0.26153846153846155
0.43478260869565216
0.7162162162162162
0.43243243243243246
0.6986301369863014
0.6363636363636364
0.5573770491803278
0.3709677419354839
0.4810126582278481
0.5636363636363636
0.27
0.3974358974358974
0.5625
0.3333333333333333
0.38461538461538464
0.26506024096385544
0.43023255813953487
0.2524271844660194
0.573170731707317
0.6307692307692307
0.4444444444444444
0.38271604938271603
0.5189873417721519
0.32926829268292684
0.6176470588235294
0.47692307692307695
0.6557377049180327
0.44776119402985076
0.3953488372093023
0.8947368421052632
0.40476190476190477
0.391304347826087
0.4090909090909091
0.5151515151515151
0.4342105263157895
0.4423076923076923
0.3218390804597701
0.5
0.31645569620253167
0.40789473684210525
0.4050632911392405
0.43010752688172044
0.5063291139240507
0.5638297872340425
0.3917525773195876
0.30434782608695654
0.6395348837209303
0.3717948717948718
0.34523809523809523
0.33766233766233766
0.3373493975903614
0.3484848484848485
0.30985915492957744
0.5119047619047619
0.2619047619047619
0.32941176470588235
0.345679012345679
0.2876712328767123
0.4625
0.4090909090909091
0.36363636363636365
0.5405405405405406
0.3
0.37894736842105264
0.64
0.46153846153846156
0.7027027027027027
0.3595505617977528
0.46153846153846156
0.2808988764044944
0.5405405405405406
0.5232558139534884
0.4492753623188406
0.43564356435643564
0.4426229508196721
0.3786407766990291
0.225
0.2823529411764706
0.3695652173913043
0.3
0.38613861386138615
0.7878787878787878
0.5897435897435898
0.575
0.5405405405405406
0.36046511627906974
0.43023255813953487
0.4307692307692308
0.2524271844660194
0.3956043956043956
0.37894736842105264
0.6206896551724138
0.5
0.35802469135802467
0.7719298245614035
0.4942528735632184
0.5066666666666667
0.3194444444444444
0.31666666666666665
0.36666666666666664
0.59375
0.3258426966292135
0.425
0.3780487804878049
0.6571428571428571
0.6764705882352942
0.5588235294117647
0.2857142857142857
0.5633802816901409
0.32653061224489793
0.4864864864864865
0.47761194029850745
0.3974358974358974
0.3484848484848485
0.5857142857142857
0.3780487804878049
0.39436619718309857
0.345679012345679
0.38961038961038963
0.5189873417721519
0.3924050632911392
0.4175824175824176
0.44285714285714284
0.35454545454545455
0.42857142857142855
0.3717948717948718
0.4567901234567901
0.676056338028169
0.4794520547945205
0.4578313253012048
0.3625
0.46774193548387094
0.47560975609756095
0.3611111111111111
0.42857142857142855
0.4
0.325
0.3563218390804598
0.5342465753424658
0.2823529411764706
0.5285714285714286
0.3246753246753247
0.42105263157894735
0.4878048780487805
0.29213483146067415
0.352112676056338
0.2948717948717949
0.2608695652173913
0.4225352112676056
0.4117647058823529
0.27956989247311825
0.78
0.3625
0.30864197530864196
0.6461538461538462
0.4492753623188406
0.45588235294117646
0.2840909090909091
0.7323943661971831
0.4457831325301205
0.3939393939393939
0.33695652173913043
0.30952380952380953
0.43902439024390244
0.8208955223880597
0.5625
0.34210526315789475
0.4166666666666667
0.3037974683544304
0.5
0.4057971014492754
0.43209876543209874
0.3176470588235294
0.27586206896551724
0.5476190476190477
0.3333333333333333
0.5
0.3411764705882353
0.5324675324675324
0.4675324675324675
0.32323232323232326
0.3384615384615385
0.32558139534883723
0.3380281690140845
0.358695652173913
0.3953488372093023
0.36633663366336633
0.43010752688172044
0.4915254237288136
0.4857142857142857
0.38636363636363635
0.5844155844155844
0.36486486486486486
0.3026315789473684
0.36046511627906974
0.37962962962962965
0.2727272727272727
0.6349206349206349
0.6144578313253012
0.34615384615384615
0.3
0.3380281690140845
0.6119402985074627
0.36470588235294116
0.41333333333333333
0.40789473684210525
0.2839506172839506
0.46774193548387094
0.625
0.5
0.4189189189189189
0.46938775510204084
0.4235294117647059
0.5569620253164557
0.3116883116883117
0.32926829268292684
0.27692307692307694
0.46153846153846156
0.6714285714285714
0.4
0.5324675324675324
0.4642857142857143
0.5245901639344263
0.30927835051546393
0.44155844155844154
0.7536231884057971
0.550561797752809
0.5340909090909091
0.28865979381443296
0.3333333333333333
0.30120481927710846
0.2911392405063291
0.35294117647058826
0.5507246376811594
0.35555555555555557
0.4492753623188406
0.3
0.38461538461538464
0.7123287671232876
0.5074626865671642
0.25274725274725274
0.30357142857142855
0.34782608695652173
0.4942528735632184
0.40789473684210525
0.3972602739726027
0.6351351351351351
0.5441176470588235
0.47435897435897434
0.5185185185185185
0.4307692307692308
0.4725274725274725
0.5263157894736842
0.32051282051282054
0.5454545454545454
0.4077669902912621
0.4666666666666667
0.2823529411764706
0.5277777777777778
0.2647058823529412
0.4305555555555556
0.7142857142857143
0.4270833333333333
0.4883720930232558
0.36585365853658536
0.5084745762711864
0.4852941176470588
0.576271186440678
0.5064935064935064
0.3076923076923077
0.5294117647058824
0.27586206896551724
0.4222222222222222
0.44
0.38823529411764707
0.5277777777777778
0.3150684931506849
0.358695652173913
0.32941176470588235
0.4266666666666667
0.39325842696629215
0.30337078651685395
0.37623762376237624
0.35443037974683544
0.33783783783783783
0.38095238095238093
0.32653061224489793
0.5287356321839081
0.2602739726027397
0.47674418604651164
0.44285714285714284
0.4725274725274725
0.4186046511627907
0.46153846153846156
0.4942528735632184
0.5263157894736842
0.3157894736842105
0.3780487804878049
0.313953488372093
0.5131578947368421
0.36538461538461536
1.0
0.3924050632911392
0.5070422535211268
0.43661971830985913
0.5757575757575758
0.5
0.40217391304347827
0.7121212121212122
0.2871287128712871
0.47674418604651164
0.3783783783783784
0.3950617283950617
0.5357142857142857
0.40789473684210525
0.5064935064935064
0.8947368421052632
0.5
0.4117647058823529
0.40860215053763443
0.30303030303030304
0.43529411764705883
0.36363636363636365
0.3888888888888889
0.8387096774193549
0.3048780487804878
0.3939393939393939
0.9107142857142857
0.4722222222222222
0.28169014084507044
0.5540540540540541
0.2692307692307692
0.3563218390804598
0.3275862068965517
0.453125
0.3225806451612903
0.32894736842105265
0.56
0.3333333333333333
0.5769230769230769
0.5443037974683544
0.2702702702702703
0.5625
0.3584905660377358
0.34408602150537637
0.31868131868131866
0.5
0.27058823529411763
0.5671641791044776
0.6666666666666666
0.34951456310679613
0.3058823529411765
0.5657894736842105
0.4583333333333333
0.5535714285714286
0.43373493975903615
0.31683168316831684
0.43902439024390244
0.5066666666666667
0.29333333333333333
0.38271604938271603
0.3888888888888889
0.30864197530864196
0.35443037974683544
0.4027777777777778
0.4479166666666667
0.29577464788732394
0.7123287671232876
0.5066666666666667
0.367816091954023
0.39759036144578314
0.42857142857142855
0.30357142857142855
0.3125
0.547945205479452
0.5277777777777778
0.5684210526315789
0.4148936170212766
0.3225806451612903
0.43023255813953487
0.3218390804597701
0.9130434782608695
0.44285714285714284
0.27906976744186046
0.28169014084507044
0.5054945054945055
0.38202247191011235
0.313953488372093
0.3108108108108108
0.3064516129032258
0.5774647887323944
0.27380952380952384
0.30434782608695654
0.37333333333333335
0.5555555555555556
0.4657534246575342
0.3157894736842105
0.3218390804597701
0.5245901639344263
0.7272727272727273
0.32941176470588235
0.6582278481012658
0.33783783783783783
0.4305555555555556
0.5066666666666667
0.2638888888888889
0.31645569620253167
0.2857142857142857
0.5882352941176471
0.43636363636363634
0.42105263157894735
0.4731182795698925
0.3246753246753247
0.5694444444444444
0.38271604938271603
0.225
0.3875
0.32098765432098764
0.42028985507246375
0.676923076923077
0.6415094339622641
0.3855421686746988
0.2631578947368421
0.36046511627906974
0.4642857142857143
0.3448275862068966
0.3392857142857143
0.3617021276595745
0.43661971830985913
0.7123287671232876
0.30864197530864196
0.625
0.33783783783783783
0.3835616438356164
0.33766233766233766
0.323943661971831
0.45
0.3229166666666667
0.4777777777777778
0.3132530120481928
0.37777777777777777
0.35555555555555557
0.49056603773584906
0.4024390243902439
0.5652173913043478
0.5949367088607594
0.30985915492957744
0.5882352941176471
0.4222222222222222
0.6309523809523809
0.6428571428571429
0.32
0.28
0.43010752688172044
0.5970149253731343
0.29545454545454547
0.3157894736842105
0.5915492957746479
0.3157894736842105
0.3764705882352941
0.4
0.5
0.5714285714285714
0.3974358974358974
0.2976190476190476
0.38666666666666666
0.3125
0.3218390804597701
0.5512820512820513
0.4423076923076923
0.49230769230769234
0.4714285714285714
0.3617021276595745
0.39080459770114945
0.36363636363636365
0.4657534246575342
0.32051282051282054
0.34951456310679613
0.26666666666666666
0.40625
0.4235294117647059
0.38202247191011235
0.3333333333333333
0.34375
0.5263157894736842
0.32051282051282054
0.2987012987012987
0.2926829268292683
0.4074074074074074
0.5487804878048781
0.5125
0.3229166666666667
0.3626373626373626
0.3048780487804878
0.5591397849462365
0.36363636363636365
0.2549019607843137
0.34579439252336447
0.34782608695652173
0.4835164835164835
0.3855421686746988
0.32926829268292684
0.3163265306122449
0.5333333333333333
0.3875
0.5970149253731343
0.3064516129032258
0.5121951219512195
0.5142857142857142
0.3037974683544304
0.47692307692307695
0.4423076923076923
0.5714285714285714
0.4166666666666667
0.5625
0.3855421686746988
0.3368421052631579
0.2872340425531915
0.6029411764705882
0.4025974025974026
0.569620253164557
0.26744186046511625
0.25555555555555554
0.367816091954023
0.3956043956043956
0.36470588235294116
0.5957446808510638
0.5352112676056338
0.3835616438356164
0.5087719298245614
0.3875
0.4166666666666667
0.44594594594594594
0.3584905660377358
0.5970149253731343
0.4264705882352941
0.5
0.5357142857142857
0.37735849056603776
0.7910447761194029
0.5921052631578947
0.5813953488372093
0.45161290322580644
0.27692307692307694
0.5466666666666666
0.375
0.6521739130434783
0.2978723404255319
0.38271604938271603
0.5769230769230769
0.36470588235294116
0.3695652173913043
0.30666666666666664
0.35135135135135137
0.3088235294117647
0.34210526315789475
0.5064935064935064
0.4838709677419355
0.7
0.5568181818181818
0.3709677419354839
0.359375
0.5
0.38095238095238093
0.4946236559139785
0.35064935064935066
0.4024390243902439
0.34065934065934067
0.38461538461538464
0.3466666666666667
0.4444444444444444
0.5675675675675675
0.43373493975903615
0.35294117647058826
0.2857142857142857
0.35789473684210527
0.28888888888888886
0.29213483146067415
0.29411764705882354
0.3592233009708738
0.4875
0.4675324675324675
0.3
0.4714285714285714
0.417910447761194
0.3387096774193548
0.31645569620253167
0.6229508196721312
0.5340909090909091
0.6229508196721312
0.3373493975903614
0.5135135135135135
0.6440677966101694
0.3170731707317073
0.5178571428571429
0.2857142857142857
0.4864864864864865
0.37333333333333335
0.5113636363636364
0.6349206349206349
0.29411764705882354
0.32894736842105265
0.6025641025641025
0.30097087378640774
0.2823529411764706
0.4305555555555556
0.5844155844155844
0.3
0.5970149253731343
0.2976190476190476
0.3333333333333333
0.4430379746835443
0.625
0.42105263157894735
0.3170731707317073
0.3283582089552239
0.6349206349206349
0.42028985507246375
0.32857142857142857
0.3048780487804878
0.375
0.35443037974683544
0.3188405797101449
0.3448275862068966
0.6885245901639344
0.4027777777777778
0.4126984126984127
0.3170731707317073
0.4782608695652174
0.36363636363636365
1.0
0.5058823529411764
0.3835616438356164
0.375
0.6666666666666666
0.39655172413793105
0.5416666666666666
0.5066666666666667
0.3466666666666667
0.3333333333333333
0.4461538461538462
0.345679012345679
0.4222222222222222
0.36585365853658536
0.4810126582278481
0.29473684210526313
0.31521739130434784
0.2835820895522388
0.3953488372093023
0.43661971830985913
0.4945054945054945
0.33707865168539325
0.6666666666666666
0.40229885057471265
0.5402298850574713
0.4673913043478261
0.4225352112676056
0.38271604938271603
0.47560975609756095
0.4925373134328358
0.37777777777777777
0.38961038961038963
0.4318181818181818
0.3493975903614458
0.5054945054945055
0.4470588235294118
0.4583333333333333
0.5232558139534884
0.75
0.34285714285714286
0.4492753623188406
0.2948717948717949
0.5822784810126582
0.3
0.32558139534883723
0.4864864864864865
0.573170731707317
0.42028985507246375
0.4794520547945205
0.43333333333333335
0.5
0.5205479452054794
0.3595505617977528
0.3780487804878049
0.32051282051282054
0.3132530120481928
0.30864197530864196
0.5294117647058824
0.3287671232876712
0.3888888888888889
0.5641025641025641
0.3373493975903614
0.8227848101265823
0.4142857142857143
0.475
0.34951456310679613
0.4318181818181818
0.39473684210526316
0.26732673267326734
0.7162162162162162
0.3157894736842105
0.47058823529411764
0.3287671232876712
0.3620689655172414
0.2653061224489796
0.6037735849056604
0.3157894736842105
0.41025641025641024
0.37333333333333335
0.47368421052631576
0.3181818181818182
0.3291139240506329
0.4266666666666667
0.7222222222222222
0.4166666666666667
0.8448275862068966
0.5595238095238095
0.4177215189873418
0.4657534246575342
0.4675324675324675
0.40350877192982454
0.6756756756756757
0.2777777777777778
0.46987951807228917
0.30851063829787234
0.3563218390804598
0.29850746268656714
0.6461538461538462
0.5757575757575758
0.4444444444444444
0.44047619047619047
0.32051282051282054
0.3466666666666667
0.29508196721311475
0.2830188679245283
0.2808988764044944
0.5232558139534884
0.3392857142857143
0.46153846153846156
0.39759036144578314
0.3333333333333333
0.6060606060606061
0.375
0.6
0.4166666666666667
0.5
0.36363636363636365
0.47619047619047616
0.39759036144578314
0.43373493975903615
0.3246753246753247
0.3875
0.734375
0.4305555555555556
0.3194444444444444
0.30303030303030304
0.7021276595744681
0.45714285714285713
0.36363636363636365
0.5113636363636364
0.4927536231884058
0.48333333333333334
0.3466666666666667
0.5256410256410257
0.3125
0.5606060606060606
0.6571428571428571
0.6060606060606061
0.3625
0.2911392405063291
0.7536231884057971
0.4788732394366197
0.32926829268292684
0.7948717948717948
0.3625
0.6415094339622641
0.2911392405063291
0.6842105263157895
0.3194444444444444
0.3150684931506849
0.43209876543209874
0.37037037037037035
0.34210526315789475
0.28421052631578947
0.3132530120481928
0.5061728395061729
0.36486486486486486
0.43243243243243246
0.38666666666666666
0.45588235294117646
0.5344827586206896
0.45901639344262296
0.5277777777777778
0.38461538461538464
0.734375
0.6341463414634146
0.4642857142857143
0.6451612903225806
0.5076923076923077
0.325
0.3287671232876712
0.4044943820224719
0.47560975609756095
0.38666666666666666
0.40594059405940597
0.4246575342465753
0.5324675324675324
0.5
0.40789473684210525
0.43636363636363634
0.463768115942029
0.30666666666666664
0.32786885245901637
0.5789473684210527
0.5357142857142857
0.28735632183908044
0.43243243243243246
0.5232558139534884
0.46774193548387094
0.8148148148148148
0.4473684210526316
0.32098765432098764
0.3584905660377358
0.4523809523809524
0.5573770491803278
0.8227848101265823
0.37681159420289856
0.2823529411764706
0.4307692307692308
0.4186046511627907
0.4166666666666667
0.38461538461538464
0.4725274725274725
0.30526315789473685
0.48214285714285715
0.43661971830985913
0.26865671641791045
0.7536231884057971
0.27
0.39622641509433965
0.65
0.37349397590361444
0.4189189189189189
0.37209302325581395
0.5125
0.7407407407407407
0.4659090909090909
0.5
0.30434782608695654
0.40789473684210525
0.46153846153846156
0.43209876543209874
0.5694444444444444
0.37209302325581395
0.7714285714285715
0.4606741573033708
0.6428571428571429
0.2916666666666667
0.4673913043478261
0.6794871794871795
0.2535211267605634
0.345679012345679
0.2926829268292683
0.5189873417721519
0.30864197530864196
0.43636363636363634
0.5802469135802469
0.4358974358974359
0.43529411764705883
0.3
0.6666666666666666
0.5957446808510638
0.2692307692307692
0.3627450980392157
0.6521739130434783
0.4507042253521127
0.44776119402985076
0.3068181818181818
0.6891891891891891
0.32941176470588235
0.4888888888888889
0.5121951219512195
0.296875
0.35802469135802467
0.6419753086419753
0.5232558139534884
0.41333333333333333
0.3563218390804598
0.35714285714285715
0.3707865168539326
0.3333333333333333
0.3333333333333333
0.39436619718309857
0.5176470588235295
0.7647058823529411
0.5428571428571428
0.3333333333333333
0.3125
0.6029411764705882
0.5625
0.45454545454545453
0.46236559139784944
0.3493975903614458
0.3373493975903614
0.3246753246753247
0.6176470588235294
0.30864197530864196
0.35526315789473684
0.7368421052631579
0.5
0.3619047619047619
0.4367816091954023
0.43023255813953487
0.38461538461538464
0.4262295081967213
0.39361702127659576
0.5
0.43373493975903615
0.75
0.475
0.34210526315789475
0.2926829268292683
0.5
0.5324675324675324
0.704225352112676
0.3125
0.3793103448275862
0.4375
0.5428571428571428
0.3157894736842105
0.4230769230769231
0.5443037974683544
0.32142857142857145
0.3333333333333333
0.5797101449275363
0.3188405797101449
0.36470588235294116
0.35714285714285715
0.5822784810126582
0.3372093023255814
0.37662337662337664
0.5138888888888888
0.34146341463414637
0.43478260869565216
0.3466666666666667
0.25
0.5970149253731343
0.4782608695652174
0.5588235294117647
0.4090909090909091
0.38202247191011235
0.4189189189189189
0.6081081081081081
0.5416666666666666
0.35135135135135137
0.28735632183908044
0.6212121212121212
0.7222222222222222
0.6825396825396826
0.5747126436781609
0.3867924528301887
0.8870967741935484
0.49295774647887325
0.5142857142857142
0.2717391304347826
0.31645569620253167
0.34375
0.3783783783783784
0.34065934065934067
0.4155844155844156
0.5294117647058824
0.6794871794871795
0.6136363636363636
0.3411764705882353
0.3764705882352941
0.3188405797101449
0.37333333333333335
0.4625
0.3125
0.4675324675324675
0.3493975903614458
0.6911764705882353
0.5526315789473685
0.3153153153153153
0.5324675324675324
0.48484848484848486
0.45977011494252873
0.40540540540540543
0.25675675675675674
0.3875
0.2619047619047619
0.45454545454545453
0.3170731707317073
0.4925373134328358
0.7246376811594203
0.40625
0.38202247191011235
0.46987951807228917
0.449438202247191
0.3333333333333333
0.5280898876404494
0.4470588235294118
0.32
0.3829787234042553
0.4533333333333333
0.8947368421052632
0.7
0.7391304347826086
0.417910447761194
0.4305555555555556
0.4230769230769231
0.5094339622641509
0.32941176470588235
0.3225806451612903
0.4461538461538462
0.5172413793103449
0.4888888888888889
0.3333333333333333
0.5970149253731343
0.31645569620253167
0.4117647058823529
0.6621621621621622
0.625
0.2857142857142857
0.37362637362637363
0.38461538461538464
0.6153846153846154
0.42857142857142855
0.5308641975308642
0.3037974683544304
0.27
0.4470588235294118
0.34146341463414637
0.34210526315789475
0.6037735849056604
0.4074074074074074
0.3764705882352941
0.3888888888888889
0.3902439024390244
0.34831460674157305
0.4606741573033708
0.32954545454545453
0.3384615384615385
0.45454545454545453
0.3333333333333333
0.3333333333333333
0.5357142857142857
0.43243243243243246
0.574468085106383
0.27884615384615385
0.5789473684210527
0.29411764705882354
0.5636363636363636
0.4631578947368421
0.3191489361702128
0.5157894736842106
0.6506024096385542
0.7586206896551724
0.3333333333333333
0.2988505747126437
0.4675324675324675
0.4050632911392405
0.4305555555555556
0.746031746031746
0.3493975903614458
0.40229885057471265
0.47058823529411764
0.3333333333333333
0.27692307692307694
0.34831460674157305
0.25
0.3125
0.6865671641791045
0.3870967741935484
0.48
0.2898550724637681
0.2826086956521739
0.359375
0.3333333333333333
0.6153846153846154
0.32558139534883723
0.55
0.4146341463414634
0.3372093023255814
0.6538461538461539
0.5714285714285714
0.36764705882352944
0.5
0.29333333333333333
0.4339622641509434
0.32857142857142857
0.45121951219512196
0.3181818181818182
0.3283582089552239
0.39285714285714285
0.5342465753424658
0.4027777777777778
0.6779661016949152
0.36363636363636365
0.4819277108433735
0.3563218390804598
0.4
0.5802469135802469
0.352112676056338
0.6753246753246753
0.5205479452054794
0.6557377049180327
0.3472222222222222
0.30337078651685395
0.379746835443038
0.5633802816901409
0.5975609756097561
0.38961038961038963
0.30952380952380953
0.36363636363636365
0.5151515151515151
0.5125
0.5
0.47619047619047616
0.5
0.5901639344262295
0.38666666666666666
0.29850746268656714
0.3392857142857143
0.6037735849056604
0.39090909090909093
0.46835443037974683
0.5
0.2804878048780488
0.43478260869565216
0.3625
0.2976190476190476
0.3157894736842105
0.5138888888888888
0.3493975903614458
0.7254901960784313
0.5921052631578947
0.34146341463414637
0.42105263157894735
0.5
0.3466666666666667
0.27941176470588236
0.5694444444444444
0.2753623188405797
0.2891566265060241
0.34285714285714286
0.3333333333333333
0.3793103448275862
0.6538461538461539
0.38372093023255816
0.4387755102040816
0.25510204081632654
0.36507936507936506
0.6842105263157895
0.5277777777777778
0.45588235294117646
0.27380952380952384
0.3611111111111111
0.32432432432432434
0.453125
0.46987951807228917
0.746268656716418
0.5882352941176471
0.2876712328767123
0.3380281690140845
0.6415094339622641
0.3333333333333333
0.48717948717948717
0.5542168674698795
0.47619047619047616
0.39473684210526316
0.36470588235294116
0.3229166666666667
0.45454545454545453
0.3780487804878049
0.6666666666666666
0.7209302325581395
0.5232558139534884
0.36486486486486486
0.3707865168539326
0.5591397849462365
0.2878787878787879
0.4642857142857143
0.3783783783783784
0.32608695652173914
0.52
0.5119047619047619
0.39622641509433965
0.2916666666666667
0.3723404255319149
0.3291139240506329
0.3157894736842105
0.3770491803278688
0.5942028985507246
0.5
0.5875
0.5277777777777778
0.8148148148148148
0.6060606060606061
0.6037735849056604
0.33783783783783783
0.35526315789473684
0.5066666666666667
0.5348837209302325
0.47191011235955055
0.36470588235294116
0.3493975903614458
0.625
0.3333333333333333
0.41935483870967744
0.38095238095238093
0.5333333333333333
0.5238095238095238
0.40476190476190477
0.27848101265822783
0.43209876543209874
0.4523809523809524
0.41379310344827586
0.5740740740740741
0.475
0.3625
0.34210526315789475
0.44285714285714284
0.5578947368421052
0.2619047619047619
0.4025974025974026
0.6515151515151515
0.3888888888888889
0.43478260869565216
0.5294117647058824
0.5
0.3333333333333333
0.3711340206185567
0.288135593220339
0.5232558139534884
0.6842105263157895
0.3220338983050847
0.26865671641791045
0.5760869565217391
0.5714285714285714
0.345679012345679
0.4666666666666667
0.6415094339622641
0.43037974683544306
0.4305555555555556
0.4305555555555556
0.4772727272727273
0.4838709677419355
0.27956989247311825
0.42857142857142855
0.35443037974683544
0.3493975903614458
0.45
0.36
0.2692307692307692
0.582089552238806
0.3974358974358974
0.39
0.3793103448275862
0.2692307692307692
0.3835616438356164
0.38666666666666666
0.3380281690140845
0.47540983606557374
0.45588235294117646
0.25471698113207547
0.5
0.4666666666666667
0.5671641791044776
0.4657534246575342
0.47692307692307695
0.5555555555555556
0.3058823529411765
0.45454545454545453
0.3333333333333333
0.32926829268292684
0.4794520547945205
0.6271186440677966
0.4918032786885246
0.3058823529411765
0.525
0.40816326530612246
0.48717948717948717
0.43333333333333335
0.5205479452054794
0.5760869565217391
0.3595505617977528
0.43661971830985913
0.3157894736842105
0.6022727272727273
0.3333333333333333
0.7027027027027027
0.47619047619047616
0.3333333333333333
0.336734693877551
0.5256410256410257
0.391304347826087
0.6153846153846154
0.525
0.47761194029850745
0.38181818181818183
0.5166666666666667
0.3626373626373626
0.6419753086419753
0.5135135135135135
0.3076923076923077
0.5789473684210527
0.2542372881355932
0.4810126582278481
0.4927536231884058
0.3392857142857143
0.422680412371134
0.4065934065934066
0.35353535353535354
0.5222222222222223
0.5058823529411764
0.43478260869565216
0.5795454545454546
0.43010752688172044
0.3698630136986301
0.6081081081081081
0.29577464788732394
0.3392857142857143
0.3068181818181818
0.696969696969697
0.4927536231884058
0.3448275862068966
0.3026315789473684
0.65
0.4666666666666667
0.4473684210526316
0.9142857142857143
0.4819277108433735
0.3492063492063492
0.4696969696969697
0.3076923076923077
0.5205479452054794
0.3076923076923077
0.5441176470588235
0.7555555555555555
0.3333333333333333
0.575
0.37349397590361444
0.6060606060606061
0.4246575342465753
0.43037974683544306
0.4069767441860465
0.3088235294117647
0.234375
0.3764705882352941
0.4772727272727273
0.2765957446808511
0.2765957446808511
0.44155844155844154
0.34146341463414637
0.41333333333333333
0.375
0.49295774647887325
0.7555555555555555
0.569620253164557
0.5138888888888888
0.4027777777777778
0.4642857142857143