0.6065573770491803
0.6119402985074627
0.4673913043478261
0.647887323943662
0.33766233766233766
0.6078431372549019
0.6233766233766234
0.33783783783783783
0.5081967213114754
0.5245901639344263
0.4
0.7419354838709677
0.9166666666666666
0.6166666666666667
0.33962264150943394
0.6521739130434783
0.3582089552238806
0.6721311475409836
0.7358490566037735
0.6440677966101694
0.4074074074074074
0.6349206349206349
0.4444444444444444
0.5625
0.4065934065934066
0.5573770491803278
0.6206896551724138
0.660377358490566
0.2916666666666667
0.2857142857142857
0.3728813559322034
0.7230769230769231
0.391304347826087
0.27941176470588236
0.47435897435897434
0.9818181818181818
0.2857142857142857
0.34615384615384615
0.6166666666666667
0.3018867924528302
0.7014925373134329
0.2962962962962963
0.4626865671641791
0.41333333333333333
0.6166666666666667
0.5081967213114754
0.5942028985507246
0.6792452830188679
0.31958762886597936
0.7586206896551724
0.6129032258064516
0.9818181818181818
0.7758620689655172
0.6440677966101694
0.4342105263157895
0.7758620689655172
0.7377049180327869
0.6304347826086957
0.3150684931506849
0.6233766233766234
0.42105263157894735
0.6129032258064516
0.3275862068965517
0.8387096774193549
0.6065573770491803
0.5
0.7049180327868853
0.33962264150943394
0.6956521739130435
0.4107142857142857
0.35294117647058826
0.6956521739130435
0.6444444444444445
0.6440677966101694
0.5492957746478874
0.46938775510204084
0.41975308641975306
0.4166666666666667
0.44086021505376344
0.48333333333333334
0.29896907216494845
0.7014925373134329
0.9827586206896551
0.4444444444444444
0.3516483516483517
0.7205882352941176
0.6081081081081081
0.7419354838709677
0.5692307692307692
0.4153846153846154
0.7014925373134329
0.4146341463414634
0.3333333333333333
0.43478260869565216
0.9827586206896551
0.5
0.3673469387755102
0.3448275862068966
0.7413793103448276
0.3137254901960784
0.46835443037974683
0.625
0.75
0.7142857142857143
0.3125
0.6166666666666667
0.6136363636363636
0.3698630136986301
0.3424657534246575
0.3220338983050847
0.618421052631579
0.6037735849056604
0.4805194805194805
0.5074626865671642
0.6268656716417911
0.7692307692307693
0.7058823529411765
0.3048780487804878
0.5873015873015873
0.5087719298245614
0.6065573770491803
0.32222222222222224
0.27848101265822783
0.631578947368421
0.5138888888888888
0.3230769230769231
0.41935483870967744
0.3170731707317073
0.32
0.7058823529411765
0.5178571428571429
0.29591836734693877
0.8387096774193549
0.48333333333333334
0.71875
0.3291139240506329
0.6166666666666667
0.3333333333333333
0.5671641791044776
0.2982456140350877
0.5901639344262295
0.5
0.85
0.3333333333333333
0.4533333333333333
0.6458333333333334
0.7301587301587301
0.3888888888888889
0.41818181818181815
0.6333333333333333
0.3137254901960784
0.625
0.4696969696969697
0.5714285714285714
0.4631578947368421
0.7627118644067796
0.5285714285714286
0.5135135135135135
0.4782608695652174
0.2948717948717949
0.7605633802816901
0.703125
0.4716981132075472
0.43478260869565216
0.6233766233766234
0.6575342465753424
0.6140350877192983
0.675
0.7058823529411765
0.28125
0.5
0.7301587301587301
0.5692307692307692
0.38596491228070173
0.7419354838709677
0.4050632911392405
0.4025974025974026
0.7301587301587301
0.3050847457627119
0.3050847457627119
0.578125
0.4492753623188406
0.4358974358974359
0.421875
0.30952380952380953
0.5
0.9830508474576272
0.39622641509433965
0.5606060606060606
0.40384615384615385
0.3484848484848485
0.34065934065934067
0.4067796610169492
0.3389830508474576
0.6575342465753424
0.7435897435897436
0.39285714285714285
0.7301587301587301
0.3
0.6521739130434783
0.6
0.5942028985507246
0.6666666666666666
0.8387096774193549
0.36619718309859156
0.7058823529411765
0.36486486486486486
0.3
0.5757575757575758
0.4264705882352941
0.3333333333333333
0.7419354838709677
0.4782608695652174
0.7058823529411765
0.5068493150684932
0.3559322033898305
0.75
0.7857142857142857
0.3225806451612903
0.9827586206896551
0.30434782608695654
0.5844155844155844
0.5555555555555556
0.7037037037037037
0.676923076923077
0.30303030303030304
0.34615384615384615
0.4305555555555556
0.49206349206349204
0.5714285714285714
0.48214285714285715
0.5
0.7580645161290323
0.7301587301587301
0.3888888888888889
0.3181818181818182
0.5306122448979592
0.6491228070175439
0.7419354838709677
0.36470588235294116
0.8387096774193549
0.5873015873015873
0.5967741935483871
0.4631578947368421
0.5333333333333333
0.41818181818181815
0.4025974025974026
0.5263157894736842
0.3389830508474576
0.40789473684210525
0.45263157894736844
0.8387096774193549
0.532258064516129
0.8387096774193549
0.625
0.4489795918367347
0.4166666666666667
0.4305555555555556
0.4696969696969697
0.32608695652173914
0.5671641791044776
0.49333333333333335
0.5362318840579711
0.6666666666666666
0.4626865671641791
0.410958904109589
0.6842105263157895
0.4807692307692308
0.4444444444444444
0.28125
0.4024390243902439
0.4155844155844156
0.5362318840579711
0.5714285714285714
0.9818181818181818
0.9830508474576272
0.33707865168539325
0.8524590163934426
0.5245901639344263
0.36363636363636365
0.6338028169014085
0.6181818181818182
0.85
0.38666666666666666
0.578125
0.5573770491803278
0.3448275862068966
0.8387096774193549
0.2804878048780488
0.3875
0.45
0.7419354838709677
0.6
0.32786885245901637
0.2987012987012987
0.3
0.3382352941176471
0.6
0.660377358490566
0.6428571428571429
0.4
0.9818181818181818
0.5714285714285714
0.4461538461538462
0.5571428571428572
0.4430379746835443
0.46875
0.34285714285714286
0.6229508196721312
0.5238095238095238
0.43010752688172044
0.75
0.44565217391304346
0.5211267605633803
0.2833333333333333
0.3218390804597701
0.36363636363636365
0.6338028169014085
0.3780487804878049
0.2857142857142857
0.46938775510204084
0.4189189189189189
0.5694444444444444
0.32954545454545453
0.5967741935483871
0.45263157894736844
0.7346938775510204
0.8245614035087719
0.6166666666666667
0.3448275862068966
0.31746031746031744
0.42391304347826086
0.6065573770491803
0.78125
0.7121212121212122
0.484375
0.4897959183673469
0.8444444444444444
0.6166666666666667
0.7301587301587301
0.88
0.44
0.35
0.3442622950819672
0.7758620689655172
0.5666666666666667
0.9830508474576272
0.4
0.3108108108108108
0.5584415584415584
0.9830508474576272
0.9310344827586207
0.6065573770491803
0.7058823529411765
0.5901639344262295
0.7435897435897436
0.6811594202898551
0.7142857142857143
0.6571428571428571
0.43956043956043955
0.4117647058823529
0.3559322033898305
0.6229508196721312
0.34615384615384615
0.6785714285714286
0.6229508196721312
0.45454545454545453
0.6136363636363636
0.40963855421686746
0.6229508196721312
0.3392857142857143
0.6166666666666667
0.35714285714285715
0.31343283582089554
0.25882352941176473
0.45054945054945056
0.6065573770491803
0.6610169491525424
0.6065573770491803
0.5538461538461539
0.39622641509433965
0.35526315789473684
0.4189189189189189
0.35294117647058826
0.41509433962264153
0.5714285714285714
0.3
0.6031746031746031
0.4246575342465753
0.5517241379310345
0.7547169811320755
0.6739130434782609
0.44285714285714284
0.3584905660377358
0.6101694915254238
0.33783783783783783
0.32954545454545453
0.5689655172413793
0.5735294117647058
0.5714285714285714
0.6909090909090909
0.47368421052631576
0.33707865168539325
0.6136363636363636
0.7796610169491526
0.4
0.9310344827586207
0.8103448275862069
0.9818181818181818
0.5614035087719298
0.6333333333333333
0.8387096774193549
0.5806451612903226
0.8135593220338984
0.9310344827586207
0.45588235294117646
0.31746031746031744
0.4107142857142857
0.3389830508474576
0.4166666666666667
0.34444444444444444
0.5454545454545454
0.6481481481481481
0.30612244897959184
0.4305555555555556
0.2926829268292683
0.4810126582278481
0.7407407407407407
0.6271186440677966
0.5070422535211268
0.7872340425531915
0.7301587301587301
0.40789473684210525
0.6166666666666667
0.6829268292682927
0.6486486486486487
0.6774193548387096
0.6229508196721312
0.9818181818181818
0.3508771929824561
0.26744186046511625
0.4492753623188406
0.24175824175824176
0.3333333333333333
0.576271186440678
0.6271186440677966
0.813953488372093
0.45569620253164556
0.7377049180327869
0.45161290322580644
0.39344262295081966
0.5416666666666666
0.6981132075471698
0.3146067415730337
0.6909090909090909
0.5660377358490566
0.3132530120481928
0.36764705882352944
0.9818181818181818
0.47619047619047616
0.35789473684210527
0.4626865671641791
0.41333333333333333
0.2894736842105263
0.7419354838709677
0.3815789473684211
0.7719298245614035
0.40816326530612246
0.46153846153846156
0.9830508474576272
0.647887323943662
0.6060606060606061
0.5070422535211268
0.3103448275862069
0.31
0.5783132530120482
0.4225352112676056
0.27380952380952384
0.39436619718309857
0.34210526315789475
0.9827586206896551
0.46875
0.44642857142857145
0.42592592592592593
0.328125
0.6060606060606061
0.3137254901960784
0.2777777777777778
0.2909090909090909
0.36666666666666664
0.5538461538461539
0.5384615384615384
0.41935483870967744
0.5555555555555556
0.75
0.3013698630136986
0.6333333333333333
0.6065573770491803
0.5223880597014925
0.44285714285714284
0.328125
0.2972972972972973
0.578125
0.29508196721311475
0.7014925373134329
0.3764705882352941
0.5636363636363636
0.4725274725274725
0.5964912280701754
0.35714285714285715
0.711864406779661
0.532258064516129
0.71875
0.6153846153846154
0.2786885245901639
0.7301587301587301
0.39285714285714285
0.6857142857142857
0.864406779661017
0.7301587301587301
0.49206349206349204
0.31868131868131866
0.6779661016949152
0.5454545454545454
0.5576923076923077
0.5
0.6101694915254238
0.5454545454545454
0.3150684931506849
0.9830508474576272
0.631578947368421
0.6233766233766234
0.47368421052631576
0.59375
0.30666666666666664
0.9310344827586207
0.4426229508196721
0.2982456140350877
0.703125
0.2909090909090909
0.5757575757575758
0.6233766233766234
0.5178571428571429
0.6166666666666667
0.8387096774193549
0.9310344827586207
0.3898305084745763
0.30303030303030304
0.7758620689655172
0.27419354838709675
0.7758620689655172
0.6181818181818182
0.75
0.43661971830985913
0.7450980392156863
0.41333333333333333
0.7058823529411765
0.3150684931506849
0.5818181818181818
0.85
0.5714285714285714
0.8387096774193549
0.6
0.6065573770491803
0.7758620689655172
0.49122807017543857
0.7058823529411765
0.71875
0.34328358208955223
0.46835443037974683
0.5588235294117647
0.46153846153846156
0.5660377358490566
0.453125
0.44285714285714284
0.7058823529411765
0.5660377358490566
0.4074074074074074
0.3835616438356164
0.4673913043478261
0.4931506849315068
0.7230769230769231
0.9830508474576272
0.7384615384615385
0.5428571428571428
0.7631578947368421
0.42592592592592593
0.6046511627906976
0.3898305084745763
0.27380952380952384
0.631578947368421
0.3372093023255814
0.6166666666666667
0.6166666666666667
0.4782608695652174
0.4918032786885246
0.2638888888888889
0.9310344827586207
0.288135593220339
0.46875
0.31868131868131866
0.4492753623188406
0.85
0.6515151515151515
0.7241379310344828
0.32786885245901637
0.4074074074074074
0.6271186440677966
0.4246575342465753
0.5441176470588235
0.3023255813953488
0.7014925373134329
0.5084745762711864
0.39655172413793105
0.782608695652174
0.46875
0.3013698630136986
0.6379310344827587
0.6065573770491803
0.34545454545454546
0.4625
0.37037037037037035
0.6938775510204082
0.9830508474576272
0.3106796116504854
0.4696969696969697
0.32786885245901637
0.44
0.43137254901960786
0.8387096774193549
0.6607142857142857
0.5063291139240507
0.6730769230769231
0.34177215189873417
0.7419354838709677
0.30927835051546393
0.5113636363636364
0.6666666666666666
0.358695652173913
0.7058823529411765
0.43661971830985913
0.3258426966292135
0.7941176470588235
0.34146341463414637
0.4
0.85
0.30434782608695654
0.3508771929824561
0.2962962962962963
0.36538461538461536
0.875
0.48214285714285715
0.3493975903614458
0.8103448275862069
0.9827586206896551
0.6376811594202898
0.7017543859649122
0.734375
0.2828282828282828
0.5844155844155844
0.6136363636363636
0.6229508196721312
0.6486486486486487
0.3582089552238806
0.5967741935483871
0.6065573770491803
0.647887323943662
0.5
0.3142857142857143
0.3163265306122449
0.6052631578947368
0.6491228070175439
0.8387096774193549
0.3373493975903614
0.3709677419354839
0.40217391304347827
0.3230769230769231
0.6
0.5901639344262295
0.7796610169491526
0.5178571428571429
0.38181818181818183
0.41333333333333333
0.85
0.7377049180327869
0.5921052631578947
0.7377049180327869
0.40476190476190477
0.32222222222222224
0.5
0.5
0.3076923076923077
0.7058823529411765
0.7058823529411765
0.6129032258064516
0.4423076923076923
0.7777777777777778
0.6382978723404256
0.5555555555555556
0.44155844155844154
0.4805194805194805
0.4074074074074074
0.35714285714285715
0.9827586206896551
0.8524590163934426
0.9310344827586207
0.5692307692307692
0.6379310344827587
0.4696969696969697
0.3291139240506329
0.32142857142857145
0.7846153846153846
0.7857142857142857
0.6140350877192983
0.3108108108108108
0.4305555555555556
0.7164179104477612
0.6938775510204082
0.6440677966101694
0.5606060606060606
0.5344827586206896
0.3116883116883117
0.47692307692307695
0.31746031746031744
0.3230769230769231
0.4339622641509434
0.6166666666666667
0.7301587301587301
0.3026315789473684
0.5352112676056338
0.4175824175824176
0.36363636363636365
0.7377049180327869
0.32727272727272727