0.313953488372093
0.3125
0.48717948717948717
0.39655172413793105
0.16
0.3333333333333333
0.30952380952380953
0.35294117647058826
0.3466666666666667
0.14772727272727273
0.4492753623188406
0.6142857142857143
0.4246575342465753
0.3835616438356164
0.2976190476190476
0.16161616161616163
0.5060240963855421
0.35294117647058826
0.5172413793103449
0.38461538461538464
0.2823529411764706
0.23008849557522124
0.4533333333333333
0.4666666666666667
0.35135135135135137
0.3880597014925373
0.4861111111111111
0.3333333333333333
0.4032258064516129
0.47692307692307695
0.2878787878787879
0.6744186046511628
0.35802469135802467
0.8412698412698413
0.5714285714285714
0.9047619047619048
0.19230769230769232
0.3783783783783784
0.3611111111111111
0.33766233766233766
0.375
0.2736842105263158
0.38596491228070173
0.25
0.5789473684210527
0.4576271186440678
0.3492063492063492
0.3142857142857143
0.3225806451612903
0.3787878787878788
0.2916666666666667
0.27472527472527475
0.4
0.2608695652173913
0.4931506849315068
0.4605263157894737
0.2638888888888889
0.35443037974683544
0.4411764705882353
0.39285714285714285
0.3372093023255814
0.3835616438356164
0.32432432432432434
0.3275862068965517
0.5522388059701493
0.2903225806451613
0.2358490566037736
0.42028985507246375
0.813953488372093
0.36363636363636365
0.864406779661017
0.3333333333333333
0.425
0.5571428571428572
0.28
0.2537313432835821
0.3125
0.24761904761904763
0.3055555555555556
0.3
0.2727272727272727
0.42857142857142855
0.36619718309859156
0.23376623376623376
0.3698630136986301
0.2967032967032967
0.20618556701030927
0.5172413793103449