0.313953488372093
0.31343283582089554
0.30612244897959184
0.273972602739726
0.30303030303030304
0.2962962962962963
0.31521739130434784
0.33766233766233766
0.3118279569892473
0.30434782608695654
0.2112676056338028
0.28205128205128205
0.2823529411764706
0.2967032967032967
0.3372093023255814
0.3018867924528302
0.20270270270270271
0.28169014084507044
0.20754716981132076
0.2909090909090909
0.2604166666666667
0.4264705882352941
0.23958333333333334
0.2727272727272727
0.36666666666666664
0.31343283582089554
0.30434782608695654
0.24324324324324326
0.2916666666666667
0.7142857142857143
0.28
0.2
0.3238095238095238
0.2835820895522388
0.45454545454545453
0.5689655172413793
0.23076923076923078
0.30434782608695654
0.2028985507246377
0.2647058823529412
0.2608695652173913
0.3176470588235294
0.4067796610169492
0.2727272727272727
0.30120481927710846
0.17272727272727273
0.2549019607843137
0.3230769230769231
0.22580645161290322
0.30434782608695654
0.19318181818181818
0.410958904109589
0.34065934065934067
0.3246753246753247
0.25274725274725274
0.5
0.313953488372093
0.484375
0.328125
0.2875
0.21875
0.3880597014925373
0.26666666666666666
0.36363636363636365
0.32989690721649484
0.3
0.29347826086956524
0.27380952380952384
0.4838709677419355
0.3235294117647059
0.3225806451612903
0.3263157894736842
0.23333333333333334
0.28125
0.2702702702702703
0.21428571428571427
0.352112676056338
0.375
0.25471698113207547
0.25
0.2891566265060241
0.175
0.26436781609195403
0.5357142857142857
0.20987654320987653
0.5076923076923077
0.3125
0.22727272727272727
0.23469387755102042
0.26744186046511625
0.4673913043478261
0.273972602739726
0.5172413793103449
0.3698630136986301
0.21951219512195122
0.1724137931034483
0.28865979381443296
0.31521739130434784
0.18518518518518517
0.23636363636363636
0.2727272727272727
0.2857142857142857
0.23529411764705882
0.19230769230769232
0.38571428571428573
0.22413793103448276
0.17894736842105263
0.2857142857142857
0.2318840579710145
0.3058823529411765
0.2714285714285714
0.3333333333333333
0.25
0.2911392405063291
0.328125
0.24731182795698925
0.3088235294117647
0.32786885245901637
0.29896907216494845
0.22727272727272727
0.3037974683544304
0.3972602739726027
0.36470588235294116
0.22388059701492538
0.2777777777777778
0.19230769230769232
0.26373626373626374
0.4838709677419355
0.4027777777777778
0.4155844155844156
0.36486486486486486
0.23255813953488372
0.2716049382716049
0.3253012048192771
0.18421052631578946
0.2857142857142857
0.22807017543859648
0.3058823529411765
0.24509803921568626
0.5
0.38571428571428573
0.23880597014925373
0.22033898305084745
0.3253012048192771
0.32786885245901637
0.3333333333333333
0.2608695652173913
0.3055555555555556
0.33766233766233766
0.275
0.3225806451612903
0.23809523809523808
0.30864197530864196
0.2894736842105263
0.3888888888888889
0.28
0.3373493975903614
0.3958333333333333
0.4
0.22580645161290322
0.30864197530864196
0.23170731707317074
0.2777777777777778
0.2898550724637681
0.2835820895522388
0.24242424242424243
0.2777777777777778
0.27586206896551724
0.463768115942029
0.19480519480519481
0.25609756097560976
0.32894736842105265
0.3333333333333333
0.2597402597402597
0.24242424242424243
0.40625
0.1917808219178082
0.21212121212121213
0.2553191489361702
0.4838709677419355
0.25675675675675674
0.3010752688172043
0.3111111111111111
0.3333333333333333
0.1917808219178082
0.3076923076923077
0.3582089552238806
0.2988505747126437
0.2345679012345679
0.3375
0.3125
0.2857142857142857
0.2112676056338028
0.234375
0.26153846153846155
0.265625
0.3
0.36065573770491804
0.3684210526315789
0.2682926829268293
0.4782608695652174
0.48333333333333334
0.3442622950819672
0.26
0.2755102040816326
0.32142857142857145
0.35526315789473684
0.19718309859154928
0.4838709677419355
0.29896907216494845
0.7045454545454546
0.1724137931034483
0.29411764705882354
0.25
0.19718309859154928
0.24615384615384617
0.4375
0.5774647887323944
0.22413793103448276
0.2727272727272727
0.27380952380952384
0.34782608695652173
0.2692307692307692
0.22033898305084745
0.24444444444444444
0.373134328358209
0.19480519480519481
0.21875
0.2571428571428571
0.273972602739726
0.2982456140350877
0.3181818181818182
0.3191489361702128
0.24050632911392406
0.4492753623188406
0.3037974683544304
0.38823529411764707
0.358974358974359
0.3563218390804598
0.3132530120481928
0.4225352112676056
0.3783783783783784
0.3125
0.3684210526315789
0.34408602150537637
0.24193548387096775
0.3793103448275862
0.27906976744186046
0.25609756097560976
0.3230769230769231
0.2923076923076923
0.3263157894736842
0.32608695652173914
0.3522727272727273
0.24242424242424243
0.30526315789473685
0.2608695652173913
0.3655913978494624
0.2894736842105263
0.234375
0.18181818181818182
0.2835820895522388
0.3484848484848485
0.22950819672131148
0.3176470588235294
0.24324324324324326
0.21649484536082475
0.30434782608695654
0.25
0.3404255319148936
0.288135593220339
0.2537313432835821
0.43529411764705883
0.22807017543859648
0.3333333333333333
0.2361111111111111
0.27058823529411763
0.25252525252525254
0.2972972972972973
0.32432432432432434
0.4492753623188406
0.46875
0.3132530120481928
0.2926829268292683
0.28169014084507044
0.2926829268292683
0.1978021978021978
0.20588235294117646
0.29310344827586204
0.36486486486486486
0.4838709677419355
0.5116279069767442
0.22033898305084745
0.3333333333333333
0.2619047619047619
0.22058823529411764
0.3582089552238806
0.2857142857142857
0.275
0.16129032258064516
0.24
0.22058823529411764
0.26666666666666666
0.22105263157894736
0.1721311475409836
0.5084745762711864
0.26436781609195403
0.2777777777777778
0.27848101265822783
0.4626865671641791
0.38461538461538464
0.3
0.42857142857142855
0.24074074074074073
0.4838709677419355
0.20270270270270271
0.45454545454545453
0.38961038961038963
0.22807017543859648
0.22388059701492538
0.26229508196721313
0.28735632183908044
0.25396825396825395
0.234375
0.2112676056338028
0.2602739726027397
0.35526315789473684
0.24242424242424243
0.3253012048192771
0.3157894736842105
0.23214285714285715
0.234375
0.25333333333333335
0.2
0.3188405797101449
0.29577464788732394
0.18666666666666668
0.38235294117647056
0.463768115942029
0.25555555555555554
0.17647058823529413
0.2028985507246377
0.22388059701492538
0.29591836734693877
0.32894736842105265
0.26229508196721313
0.29213483146067415
0.3780487804878049
0.26153846153846155
0.6888888888888889
0.24074074074074073
0.2698412698412698
0.2571428571428571
0.3
0.27586206896551724
0.28125
0.23333333333333334
0.3188405797101449
0.4647887323943662
0.3188405797101449
0.22058823529411764
0.2982456140350877
0.27586206896551724
0.19444444444444445
0.3333333333333333
0.2777777777777778
0.3125
0.22033898305084745
0.1951219512195122
0.3125
0.22988505747126436
0.29292929292929293
0.29310344827586204
0.2328767123287671
0.22388059701492538
0.3684210526315789
0.20270270270270271
0.23529411764705882
0.2926829268292683
0.24615384615384617
0.4430379746835443
0.2823529411764706
0.30666666666666664
0.3392857142857143
0.2631578947368421
0.25
0.3137254901960784
0.3333333333333333
0.3333333333333333
0.31521739130434784
0.24691358024691357
0.29069767441860467
0.22807017543859648
0.1917808219178082
0.3137254901960784
0.36363636363636365
0.2753623188405797
0.3055555555555556
0.19444444444444445
0.3108108108108108
0.21739130434782608
0.28
0.5161290322580645
0.2608695652173913
0.25925925925925924
0.2676056338028169
0.2535211267605634
0.47058823529411764
0.25
0.2268041237113402
0.2077922077922078
0.2891566265060241
0.21875
0.23333333333333334
0.30612244897959184
0.18666666666666668
0.27631578947368424
0.3258426966292135
0.34065934065934067
0.2727272727272727
0.45
0.3548387096774194
0.35802469135802467
0.4
0.18518518518518517
0.22727272727272727
0.4044943820224719
0.3253012048192771
0.4507042253521127
0.3142857142857143
0.26666666666666666
0.2692307692307692
0.35802469135802467
0.3382352941176471
0.30612244897959184
0.27586206896551724
0.29896907216494845
0.26153846153846155
0.29292929292929293
0.3076923076923077
0.25333333333333335
0.22388059701492538
0.22784810126582278
0.36363636363636365
0.2727272727272727
0.38028169014084506
0.22988505747126436
0.20634920634920634
0.36923076923076925
0.2542372881355932
0.38095238095238093
0.3373493975903614
0.2871287128712871
0.2727272727272727
0.2459016393442623
0.23684210526315788
0.36363636363636365
0.36764705882352944
0.25301204819277107
0.32051282051282054
0.35135135135135137
0.21333333333333335
0.1927710843373494
0.48484848484848486
0.3392857142857143
0.5301204819277109
0.27586206896551724
0.37681159420289856
0.19540229885057472
0.24719101123595505
0.25842696629213485
0.25316455696202533
0.4266666666666667
0.3404255319148936
0.3698630136986301
0.6888888888888889
0.21875
0.18292682926829268
0.28205128205128205
0.2535211267605634
0.2948717948717949
0.27631578947368424
0.27848101265822783
0.3373493975903614
0.47692307692307695
0.2564102564102564
0.23809523809523808
0.2753623188405797
0.24358974358974358
0.3225806451612903
0.45454545454545453
0.3118279569892473
0.3333333333333333
0.36065573770491804
0.328125
0.23728813559322035
0.36923076923076925
0.21739130434782608
0.42424242424242425
0.35714285714285715
0.41935483870967744
0.4507042253521127
0.175
0.3258426966292135
0.4
0.44776119402985076
0.2727272727272727
0.18518518518518517
0.23333333333333334
0.36904761904761907
0.2894736842105263
0.34523809523809523
0.24390243902439024
0.25316455696202533
0.30434782608695654
0.3968253968253968
0.484375
0.24096385542168675
0.2833333333333333
0.20952380952380953
0.328125
0.19444444444444445
0.1728395061728395
0.1651376146788991
0.26373626373626374
0.33695652173913043
0.37681159420289856
0.2777777777777778
0.25333333333333335
0.26865671641791045
0.27848101265822783
0.31868131868131866
0.2638888888888889
0.34782608695652173
0.29411764705882354
0.2962962962962963
0.2807017543859649
0.40476190476190477
0.22413793103448276
0.24074074074074073
0.4117647058823529
0.3181818181818182
0.2727272727272727
0.4642857142857143
0.2777777777777778
0.22807017543859648
0.2916666666666667
0.19318181818181818
0.26373626373626374
0.2087912087912088
0.30434782608695654
0.22641509433962265
0.25806451612903225
0.2
0.2465753424657534
0.6888888888888889
0.34615384615384615
0.2222222222222222
0.2682926829268293
0.34615384615384615
0.30612244897959184
0.2911392405063291
0.21739130434782608
0.2465753424657534
0.2631578947368421
0.22535211267605634
0.2716049382716049
0.22807017543859648
0.34177215189873417
0.2112676056338028
0.19101123595505617
0.5666666666666667
0.1794871794871795
0.20833333333333334
0.28378378378378377
0.2727272727272727
0.2891566265060241
0.28169014084507044
0.25806451612903225
0.3
0.325
0.22807017543859648
0.3055555555555556
0.2876712328767123
0.1981981981981982
0.24719101123595505
0.2608695652173913
0.2159090909090909
0.19480519480519481
0.27906976744186046
0.25
0.26595744680851063
0.225
0.32
0.24
0.2112676056338028
0.2727272727272727
0.19402985074626866
0.43661971830985913
0.43209876543209874
0.3181818181818182
0.1797752808988764
0.28378378378378377
0.3
0.2692307692307692
0.21212121212121213
0.34285714285714286
0.25
0.296875
0.2988505747126437
0.43373493975903615
0.3368421052631579
0.32558139534883723
0.7592592592592593
0.4
0.3770491803278688
0.19230769230769232
0.2876712328767123
0.3384615384615385
0.20270270270270271
0.22330097087378642
0.22
0.30303030303030304
0.3118279569892473
0.21739130434782608
0.3026315789473684
0.391304347826087
0.3037974683544304
0.7727272727272727
0.3
0.19607843137254902
0.2459016393442623
0.30952380952380953
0.2857142857142857
0.29411764705882354
0.2465753424657534
0.21875
0.25
0.1917808219178082
0.3709677419354839
0.22807017543859648
0.21666666666666667
0.23728813559322035
0.3333333333333333
0.36666666666666664
0.23333333333333334
0.21505376344086022
0.2073170731707317
0.3106796116504854
0.22641509433962265
0.40298507462686567
0.2
0.37349397590361444
0.2716049382716049
0.2112676056338028
0.25882352941176473
0.4838709677419355
0.29292929292929293
0.35365853658536583
0.225
0.28169014084507044
0.3974358974358974
0.26582278481012656
0.24719101123595505
0.41025641025641024
0.2535211267605634
0.25
0.4918032786885246
0.3392857142857143
0.345679012345679
0.34782608695652173
0.48484848484848486
0.28169014084507044
0.4492753623188406
0.3048780487804878
0.3020833333333333
0.30357142857142855
0.26865671641791045
0.24050632911392406
0.23943661971830985
0.2
0.21518987341772153
0.273972602739726
0.24193548387096775
0.3333333333333333
0.4027777777777778
0.34285714285714286
0.4153846153846154
0.2857142857142857
0.4262295081967213
0.19318181818181818
0.2028985507246377
0.5
0.2079207920792079
0.3382352941176471
0.25
0.38823529411764707
0.2826086956521739
0.2535211267605634
0.3076923076923077
0.40540540540540543
0.3
0.24193548387096775
0.2972972972972973
0.2112676056338028
0.4050632911392405
0.32051282051282054
0.5584415584415584
0.21739130434782608
0.2976190476190476
0.25
0.25
0.42424242424242425
0.3380281690140845
0.46774193548387094
0.2711864406779661
0.2537313432835821
0.29545454545454547
0.23728813559322035
0.2833333333333333
0.24242424242424243
0.3142857142857143
0.2765957446808511
0.32786885245901637
0.31868131868131866
0.26506024096385544
0.19117647058823528
0.19767441860465115
0.5405405405405406
0.24242424242424243
0.5344827586206896
0.21875
0.5223880597014925
0.35555555555555557
0.46153846153846156
0.3684210526315789
0.26744186046511625
0.328125
0.17475728155339806
0.32727272727272727
0.25925925925925924
0.24691358024691357
0.25
0.2777777777777778
0.41935483870967744
0.35714285714285715
0.4411764705882353
0.3333333333333333
0.2982456140350877
0.3373493975903614
0.4411764705882353
0.27586206896551724
0.16666666666666666
0.2948717948717949
0.24444444444444444
0.32558139534883723
0.4675324675324675
0.463768115942029
0.1686746987951807
0.30666666666666664
0.4
0.1875
0.34328358208955223
0.4
0.31868131868131866
0.22727272727272727
0.2972972972972973
0.4126984126984127
0.26666666666666666
0.32432432432432434
0.3026315789473684
0.5166666666666667
0.2857142857142857
0.23684210526315788
0.2807017543859649
0.2916666666666667
0.36486486486486486
0.288135593220339
0.43243243243243246
0.3
0.4918032786885246
0.31746031746031744
0.4626865671641791
0.36065573770491804
0.2909090909090909
0.25274725274725274
0.2638888888888889
0.3972602739726027
0.31746031746031744
0.38235294117647056
0.3088235294117647
0.22077922077922077
0.3076923076923077
0.3020833333333333
0.22018348623853212
0.32727272727272727
0.1839080459770115
0.4166666666666667
0.3116883116883117
0.26582278481012656
0.22950819672131148
0.25806451612903225
0.3013698630136986
0.37333333333333335
0.3382352941176471
0.22093023255813954
0.25
0.3283582089552239
0.3888888888888889
0.40540540540540543
0.27631578947368424
0.20689655172413793
0.24358974358974358
0.49206349206349204
0.21875
0.22388059701492538
0.4838709677419355
0.2682926829268293
0.22580645161290322
0.19736842105263158
0.2948717948717949
0.2716049382716049
0.2808988764044944
0.484375
0.410958904109589
0.2987012987012987
0.2777777777777778
0.21348314606741572
0.3258426966292135
0.2289156626506024
0.21348314606741572
0.2727272727272727
0.3150684931506849
0.2777777777777778
0.30434782608695654
0.29850746268656714
0.2982456140350877
0.18292682926829268
0.3142857142857143
0.2714285714285714
0.38271604938271603
0.35384615384615387
0.3157894736842105
0.3
0.375
0.47761194029850745
0.22727272727272727
0.27835051546391754
0.3287671232876712
0.21951219512195122
0.31645569620253167
0.22972972972972974
0.30303030303030304
0.3402061855670103
0.32
0.2923076923076923
0.2894736842105263
0.24444444444444444
0.19736842105263158
0.23728813559322035
0.28125
0.4393939393939394
0.36363636363636365
0.21739130434782608
0.2727272727272727
0.2898550724637681
0.20270270270270271
0.4375
0.410958904109589
0.2653061224489796
0.3023255813953488
0.3333333333333333
0.23728813559322035
0.3157894736842105
0.2872340425531915
0.28169014084507044
0.18666666666666668
0.22807017543859648
0.1875
0.25925925925925924
0.45121951219512196
0.1875
0.35
0.30851063829787234
0.2835820895522388
0.3442622950819672
0.4461538461538462
0.3563218390804598
0.46153846153846156
0.2692307692307692
0.323943661971831
0.18072289156626506
0.32323232323232326
0.1875
0.23880597014925373
0.28735632183908044
0.36666666666666664
0.41025641025641024
0.2898550724637681
0.35443037974683544
0.26881720430107525
0.4583333333333333
0.2
0.23809523809523808
0.2755102040816326
0.23636363636363636
0.2604166666666667
0.29850746268656714
0.23076923076923078
0.18181818181818182
0.22388059701492538
0.25862068965517243
0.4057971014492754
0.42424242424242425
0.3076923076923077
0.275
0.273972602739726
0.23636363636363636
0.3368421052631579
0.2891566265060241
0.3625
0.3
0.20481927710843373
0.44871794871794873
0.35714285714285715
0.26229508196721313
0.2923076923076923
0.27941176470588236
0.375
0.1780821917808219
0.23655913978494625
0.208955223880597
0.2702702702702703
0.25
0.25301204819277107
0.36065573770491804
0.49206349206349204
0.25396825396825395
0.34285714285714286
0.17894736842105263
0.3291139240506329
0.26229508196721313
0.273972602739726
0.22058823529411764
0.22807017543859648
0.3157894736842105
0.3235294117647059
0.30864197530864196
0.23076923076923078
0.3780487804878049
0.36363636363636365
0.36363636363636365
0.32
0.265625
0.34782608695652173
0.4383561643835616
0.410958904109589
0.24050632911392406
0.24615384615384617
0.3372093023255814
0.25882352941176473
0.25287356321839083
0.32941176470588235
0.21428571428571427
0.47619047619047616
0.19540229885057472
0.3
0.43478260869565216
0.36363636363636365
0.1794871794871795
0.2736842105263158
0.3815789473684211
0.2982456140350877
0.4266666666666667
0.2625
0.23076923076923078
0.35064935064935066
0.4838709677419355
0.2222222222222222
0.21212121212121213
0.25
0.3333333333333333
0.3492063492063492
0.24358974358974358
0.33695652173913043
0.3253012048192771
0.5428571428571428
0.28888888888888886
0.2982456140350877
0.2571428571428571
0.3707865168539326
0.2948717948717949
0.3372093023255814
0.36082474226804123
0.375
0.3103448275862069
0.234375
0.22807017543859648
0.4166666666666667
0.23214285714285715
0.46875
0.3563218390804598
0.3076923076923077
0.26666666666666666
0.2857142857142857
0.3125
0.29292929292929293
0.26373626373626374
0.35526315789473684
0.1951219512195122
0.16853932584269662
0.35
0.3111111111111111
0.34408602150537637
0.25252525252525254
0.2727272727272727
0.25
0.2823529411764706
0.38571428571428573
0.2647058823529412
0.3076923076923077
0.2891566265060241
0.3055555555555556
0.2978723404255319
0.21428571428571427
0.2891566265060241
0.20270270270270271
0.17894736842105263
0.47692307692307695
0.4838709677419355
0.24175824175824176
0.33707865168539325
0.26804123711340205
0.25757575757575757
0.19736842105263158
0.3194444444444444
0.3114754098360656
0.3150684931506849
0.2898550724637681
0.35135135135135137
0.25773195876288657
0.37349397590361444
0.29069767441860467
0.3188405797101449
0.32926829268292684
0.38095238095238093
0.23863636363636365
0.22388059701492538
0.2857142857142857
0.168141592920354
0.2465753424657534
0.2631578947368421
0.4626865671641791
0.2708333333333333
0.6888888888888889
0.4657534246575342
0.3561643835616438
0.32653061224489793
0.2
0.35
0.19718309859154928
0.1686746987951807
0.42857142857142855
0.26666666666666666
0.3253012048192771
0.3
0.2755102040816326
0.2777777777777778
0.5308641975308642
0.3333333333333333
0.38636363636363635
0.3218390804597701
0.26865671641791045
0.36904761904761907
0.32142857142857145
0.234375
0.32
0.34408602150537637
0.2558139534883721
0.1595744680851064
0.21052631578947367
0.3076923076923077
0.2676056338028169
0.22950819672131148
0.2891566265060241
0.3116883116883117
0.2823529411764706
0.1724137931034483
0.30851063829787234
0.27710843373493976
0.22727272727272727
0.29411764705882354
0.21875
0.4230769230769231
0.6888888888888889
0.2857142857142857
0.4
0.24615384615384617
0.21428571428571427
0.2804878048780488
0.24050632911392406
0.25773195876288657
0.4838709677419355
0.2976190476190476
0.3380281690140845
0.22727272727272727
0.3333333333333333
0.23684210526315788
0.189873417721519
0.2857142857142857
0.21348314606741572
0.2318840579710145
0.3188405797101449
0.32222222222222224
0.28169014084507044
0.36065573770491804
0.2465753424657534
0.3170731707317073
0.22807017543859648
0.26595744680851063
0.2727272727272727
0.3088235294117647
0.4857142857142857
0.43661971830985913
0.17647058823529413
0.375
0.31521739130434784
0.2876712328767123
0.2289156626506024
0.17721518987341772
0.29292929292929293
0.1917808219178082
0.4032258064516129
0.27586206896551724
0.2112676056338028
0.5344827586206896
0.43661971830985913
0.24324324324324326
0.30434782608695654
0.23595505617977527
0.27380952380952384
0.23076923076923078
0.35384615384615387
0.5066666666666667
0.28
0.37735849056603776
0.4146341463414634
0.45121951219512196
0.1875
0.47297297297297297
0.29333333333333333
0.25806451612903225
0.2727272727272727
0.3372093023255814
0.29333333333333333
0.34146341463414637
0.3116883116883117
0.23333333333333334
0.3246753246753247
0.38095238095238093
0.26666666666666666
0.23529411764705882
0.27941176470588236
0.19230769230769232
0.2
0.4166666666666667
0.32653061224489793
0.26666666666666666
0.2727272727272727
0.24390243902439024
0.4714285714285714
0.42857142857142855
0.4594594594594595
0.21875
0.32894736842105265
0.3
0.2857142857142857
0.22580645161290322
0.19811320754716982
0.25263157894736843
0.32142857142857145
0.36923076923076925
0.22727272727272727
0.32786885245901637
0.3058823529411765
0.3037974683544304
0.26153846153846155
0.19444444444444445
0.28
0.23636363636363636
0.25742574257425743
0.2054794520547945
0.35526315789473684
0.3026315789473684
0.24615384615384617
0.4470588235294118
0.1875
0.2608695652173913
0.24691358024691357
0.22058823529411764
0.234375
0.2972972972972973
0.24193548387096775
0.25396825396825395
0.48484848484848486
0.34408602150537637
0.23728813559322035
0.40963855421686746
0.2542372881355932
0.3125
0.21428571428571427
0.3373493975903614
0.32142857142857145
0.189873417721519
0.40963855421686746
0.3333333333333333
0.2028985507246377
0.5263157894736842
0.2627118644067797
0.20634920634920634
0.3157894736842105
0.5263157894736842
0.2716049382716049
0.30666666666666664
0.38235294117647056
0.3
0.36486486486486486
0.35106382978723405
0.22058823529411764
0.21739130434782608
0.35789473684210527
0.4507042253521127
0.27906976744186046
0.22058823529411764