3.3747000000000025
2.5169200000000007
1.9663999999999993
1.6670999999999998
3.6746200000000027
2.7128000000000005
4.911220000000005
3.6026200000000017
2.6317200000000005
2.490900000000001
4.580000000000003
5.556700000000005
2.5950000000000006
5.150900000000007
3.2110000000000025
2.0073999999999996
6.1775000000000055
4.302400000000002
3.4909000000000017
4.488400000000003
1.7006
3.865020000000002
4.457600000000003
5.661400000000007
5.320000000000005
1.9494999999999998
3.6261000000000028
4.363420000000002
2.527420000000001
3.849520000000002
6.378700000000008
1.662
6.340800000000009
2.3433000000000006
2.30222
2.9921000000000015
2.929800000000001
2.6885000000000012
3.7858000000000027
2.5525200000000012
2.5394000000000005
4.1982000000000035
2.705000000000001
4.975600000000005
2.805500000000001
2.673300000000001
3.0976000000000017
4.016200000000002
1.9773000000000003
3.0295000000000014
2.705800000000001
3.067100000000001
3.8690000000000024
3.4865900000000023
5.660000000000007
5.866800000000004
4.217020000000003
3.3320000000000016
4.252520000000003
2.7221000000000015
1.64002
2.9621000000000013
4.746820000000002
5.292040000000006
3.658220000000002
2.2483200000000005
2.9433000000000007
4.007600000000003
4.697600000000003
4.1971200000000035
0.5815999999999998
4.606600000000004
3.8095000000000026
5.612600000000008
2.4002600000000003
1.4872999999999998
2.582700000000001
2.6994000000000007
6.105310000000004
1.3579999999999997
3.445500000000002
2.51452
4.451100000000005
5.671300000000005
3.0982800000000017
3.1237000000000004
4.420300000000004
2.280500000000001
3.398700000000002
3.569200000000002
2.9551000000000016
1.5321600000000002
3.484
2.884100000000001
2.0540599999999998
4.117320000000003
3.5680200000000015
7.336140000000006
4.041240000000002
4.9212000000000025
2.847120000000001
4.2741000000000025
3.937000000000002
3.985500000000001
1.2601999999999998
5.640400000000003
5.652600000000005
1.0399999999999998
2.23424
7.5382400000000045
1.7175
3.5022800000000016
4.726520000000004
2.5965000000000007
4.234300000000005
0.6141999999999999
4.092600000000002
1.8137999999999996
4.076100000000003
3.6140000000000017
2.7126200000000003
2.2655700000000003
5.073120000000004
3.0935000000000015
3.2337000000000016
4.244500000000003
6.984620000000004
6.730900000000009
4.146100000000003
3.631400000000002
3.701900000000003
4.314100000000002
4.113080000000003
4.591500000000003
0.9671000000000001
3.4284000000000026
5.950700000000007
2.824600000000001
3.373000000000002
4.292040000000004
2.00672
3.5267000000000026
3.0569000000000015
2.2573
2.11182
3.5397200000000026
4.447800000000002
3.6678000000000024
4.039740000000003
3.273200000000001
8.9943
3.271200000000002
3.6966000000000028
3.363120000000002
3.8709000000000024
2.3938000000000006
4.5077200000000035
3.3424000000000023
1.5903399999999996
3.382200000000002
3.3269
1.4922999999999997
1.7701
5.612600000000008
6.135700000000005
3.2890000000000015
1.35378
1.3959
2.3984000000000005
3.993520000000002
3.2878000000000007
0.3606999999999996
4.257000000000002
4.194800000000003
4.545500000000003
3.019700000000001
4.388900000000003
2.2576
2.9422000000000015
4.257440000000003
1.38677
3.395400000000002
3.4863700000000017
3.4287000000000027
0.5909000000000013
3.6873200000000015
4.039820000000002
2.4273
4.4974000000000025
4.173440000000003
3.0344000000000007
0.09720000000000006
3.2931000000000026
3.3785000000000025
4.770840000000003
1.8287
2.7253000000000007
4.460100000000003
2.793700000000001
4.649200000000001
3.052200000000001
2.639500000000001
2.3352000000000004
3.664620000000002
5.866220000000004
2.687000000000001
7.12100000000001
2.2291999999999996
1.7095999999999996
3.5047600000000028
4.072420000000003
4.277700000000003
2.1822999999999997
3.3125000000000018
2.4111000000000002
5.007600000000006
3.0448000000000013
3.8827200000000026
5.156100000000003
3.3096000000000023
2.7147000000000006
6.574900000000006
3.6878600000000024
4.053900000000003
3.3781000000000008
3.328640000000002
3.2928000000000024
-0.6284000000000003
4.026100000000002
3.276600000000002
4.4753000000000025
2.9566000000000012
2.695000000000001
5.003700000000006
0.9131199999999999
2.6968000000000014
2.705400000000001
0.7642
0.3417999999999997
4.546720000000003
3.3436000000000012
2.740520000000001
6.094800000000008
0.5131999999999994
3.970920000000003
2.879200000000001
2.3901000000000003
3.3329000000000013
2.922200000000001
3.005000000000001
3.717900000000001
1.71658
1.5660999999999998
3.937000000000003
3.4284000000000017
2.9662000000000015
6.2394200000000035
1.5288999999999997
5.000120000000004
3.4010000000000025
5.290720000000006
2.3243
5.455800000000004
3.0763200000000017
3.830420000000002
4.252400000000003
2.0119000000000002
3.481200000000003
5.224300000000006
3.8499000000000017
3.078520000000002
3.8865200000000018
2.4406
2.8182800000000006
3.6789000000000023
3.3386000000000022
4.456100000000003
3.9347600000000025
1.7671000000000001
3.2336
2.604000000000001
2.15902
4.531500000000004
1.7063999999999997
4.571100000000003
3.947300000000003
1.1213000000000002
0.6054000000000012
3.1978000000000018
1.5833999999999997
4.847700000000002
0.5944000000000016
3.3925600000000022
3.160300000000001
5.614380000000002
5.172100000000007
3.531500000000001
5.198000000000005
4.929400000000002
4.354200000000003
1.4204999999999997
4.927420000000003
2.4403000000000006
3.732240000000002
3.3034700000000017
4.149400000000003
1.821439999999999
0.9066999999999996
5.845020000000005
4.885920000000002
4.686100000000005
2.1856999999999998
4.121000000000004
4.818900000000004
3.804400000000003
4.107400000000003
3.650400000000002
4.7848400000000035
3.4920000000000027
3.091000000000001