9
9
6
13
6
6
6
9
9
13
9
9
6
6
6
13
9
6
6
9
6
13
9
9
6
9
6
9
5
6
9
6
9
14
6
6
9
6
6
9
6
6
6
6
16
6
9
9
8
6
10
9
9
10
9
10
6
6
6
6
9
9
12
6
10
6
9
16
9
6
12
13
6
9
6
6
9
5
6
6
9
9
6
6
10
6
6
9
6
6
13
6
6
8
6
6
10
9
9
6
6
6
9
9
6
20
6
10
15
9
10
6
6
6
10
6
6
9
9
9
6
6
9
6
6
13
9
9
6
6
6
6
13
6
6
6
9
6
10
6
6
9
6
10
6
10
6
14
6
6
0
10
6
10
10
6
6
6
8
9
6
9
6
9
6
6
6
0
6
10
6
6
9
6
10
6
9
6
6
10
6
6
10
6
6
6
6
6
6
13
9
9
10
16
9
13
6
9
6
9
9
6
6
6
6
6
10
0
9
9
6
13
6
6
10
9
9
9
6
6
6
10
10
9
9
6
6
12
6
6
7
6
6
5
6
9
6
9
6
13
6
10
9
9
6
6
6
6
9
9
9
9
9
9
6
6
9
6
17
6
9
6
6
6
9
6
10
16
10
6
6
6
10
6
6
6
9
6
6
9
6
10
10
6
9
9
10
6
10
6
6
6
6
6
6
9
10
10
6
10
6
10
6
6
6
9
9
6
6
12
10
6
17
6
6
6
6
9
6
6