478.6650000000002
376.4340000000001
259.221
364.4040000000001
403.4790000000002
377.4880000000001
486.6530000000003
408.4580000000003
457.5770000000004
202.282
265.36
398.41400000000016
343.40200000000004
410.5540000000002
261.346
297.314
492.6410000000003
308.34000000000003
253.257
344.4360000000001
220.321
316.312
410.8570000000002
454.6510000000003
398.4180000000001
364.37900000000013
302.35500000000013
397.482
355.4120000000001
279.339
494.7200000000004
187.202
444.7000000000003
302.28200000000004
486.6120000000003
288.21500000000003
390.9000000000001
350.44000000000017
438.52800000000025
289.356
429.32900000000024
324.211
320.267
435.42000000000013
336.3470000000001
236.24599999999992
440.46000000000015
285.7300000000001
290.32400000000007
383.4720000000001
404.4190000000001
410.4550000000001
352.4340000000001
369.4460000000001
512.7310000000004
443.93000000000006
361.85400000000004
331.799
352.4590000000001
240.21499999999997
269.325
264.284
296.37
526.5930000000003
412.29400000000015
467.9310000000003
283.35600000000005
274.795
407.4700000000001
433.52600000000024
260.274
436.5810000000002
442.5220000000002
511.75100000000026
254.17099999999996
331.32400000000007
410.42600000000033
280.34900000000005
445.97900000000004
439.46800000000036
238.334
329.3810000000001
447.5530000000002
392.5020000000001
256.30499999999995
231.32
386.333
461.49900000000025
329.73900000000003
267.376
321.33600000000007
305.36300000000006
398.4220000000002
348.43100000000004
354.4350000000001
516.5050000000002
399.42600000000016
442.9120000000001
304.39700000000005
419.71700000000004
372.3840000000001
567.4290000000003
278.311
349.06600000000003
211.65200000000002
252.31599999999997
307.437
460.4680000000002
472.35800000000023
444.88400000000007
188.182
323.34800000000007
484.6370000000002
487.0030000000003
471.9660000000001
237.292
448.5220000000002
436.46400000000017
296.30100000000004
470.27900000000017
322.34200000000004
313.83500000000004
305.425
266.64
364.4090000000001
367.88000000000005
381.30600000000004
458.72700000000026
296.75699999999995
250.68
254.289
328.20200000000006
473.9160000000001
346.8580000000001
309.30300000000005
431.8950000000001
430.6730000000002
355.91600000000005
324.38000000000005
384.5010000000001
282.41299999999995
354.4350000000001
339.34700000000015
474.60800000000023
200.62099999999998
246.30599999999995
336.482
348.4020000000002
402.1300000000001
328.1110000000001
322.6210000000001
384.3070000000003
276.33899999999994
404.5570000000002
355.18700000000007
254.285
374.3520000000001
412.5360000000002
437.5870000000003
282.37200000000007
374.6470000000001
358.3500000000002
206.24499999999998
511.75100000000026
421.4960000000001
382.4450000000002
229.16099999999997
237.19199999999998
323.308
251.285
325.36800000000005
339.41700000000014
445.4820000000002
347.4140000000001
357.4130000000001
473.94200000000006
327.45300000000003
361.6970000000001
427.4850000000002
522.5350000000003
344.4400000000001
343.44800000000004
334.375
390.4200000000001
306.4280000000001
288.372
458.59900000000016
489.47600000000017
348.3140000000001
330.339
365.4140000000001
193.20999999999998
436.91700000000014
357.298
388.87600000000015
277.34900000000005
354.8780000000001
338.46100000000007
314.297
420.4150000000001
227.288
298.7260000000001
426.5020000000001
401.875
406.82500000000005
559.7950000000002
508.78700000000043
228.28799999999993
466.58500000000026
412.5110000000002
380.4690000000001
338.24500000000023
178.23100000000002
397.49700000000024
392.7760000000001
512.7390000000003
420.4680000000002
421.4530000000002
531.9150000000002
376.4820000000001
391.22500000000014
520.6040000000003
429.5190000000002
285.387
300.59400000000005
384.5010000000002
320.845
234.21099999999998
530.6240000000004
379.85
413.0980000000001
250.645
300.3580000000001
390.5200000000002
351.38400000000007
308.76500000000016
382.44500000000005
290.30000000000007
190.20600000000005
332.40300000000013
292.38500000000005
369.4250000000001
430.67300000000023
390.7830000000001
326.44000000000017
299.32599999999996
206.245
395.4230000000001
309.3210000000001
311.345
388.8070000000001
251.31099999999998
398.41500000000013
278.31100000000004
328.37500000000006
287.31500000000005
391.85800000000006
324.31800000000004
294.35
387.47600000000017
430.5040000000002
385.4890000000001
376.9050000000001
334.3970000000001
315.17
301.345
172.18299999999996
486.4840000000003
515.4110000000002
303.701
437.9340000000001
297.38300000000004
359.4070000000001
292.342
456.5640000000003
352.1840000000001
558.3320000000001
477.71500000000043
331.216
306.665
398.8430000000001
517.5600000000003
335.4470000000001
371.43700000000024
484.50500000000017
298.367
236.27099999999993
411.8230000000001
413.5470000000002
253.649
351.32800000000003
407.51100000000025
298.34200000000004
417.84800000000007
372.2800000000001
402.61900000000014
419.48000000000013
453.9960000000002
376.8940000000001
379.4600000000002
324.3620000000001
356.26300000000015
368.30500000000006
301.773
574.5010000000002
490.5410000000003
351.41
470.52500000000015
513.6630000000004
314.36
415.4590000000002
426.3850000000002
372.5050000000001
369.42400000000004
391.4930000000001
220.35999999999999
248.376
358.4450000000001
377.44400000000013
362.14300000000003