0.33819265227472395
0.8667095272245318
0.6437065521360138
0.6003167826701449
0.5766418851777149
0.8137259689452143
0.41891099184184033
0.6946971565186049
0.3166198332973268
0.7124859046909817
0.7314271282517355
0.18418634250804478
0.9063845432492378
0.44812553237391983
0.8302732466128108
0.7242575572441089
0.4130514120230884
0.46467561625545395
0.3624325584082813
0.7381717025167912
0.7178746957076315
0.5316738207881241
0.554402563380086
0.41537330081355506
0.32457453820536397
0.7427269819538149
0.49208886754457937
0.3967766478103931
0.7886748858702198
0.6822372956155267
0.2490608452211525
0.7507385428386607
0.4291869803140705
0.6342850727395176
0.4475266928395845
0.36103924130396875
0.5321544101075278
0.6638385735727391
0.5475098984560233
0.8534229427457514
0.6951286259641867
0.7746100332388206
0.6304304257351113
0.5111709749272706
0.5668238502819252
0.5983895393531213
0.345379247132921
0.7896847104526773
0.48228918844611474
0.6720562279489404
0.717657286393562
0.6389910280412652
0.7077857378889297
0.6523593514823453
0.288550191924194
0.2994086325448283
0.6677196183613949
0.7916791378298308
0.3912397659366641
0.6426558619443419
0.7952249886563778
0.8476190895415762
0.521878986710269
0.28306940361127164
0.7785346745756642
0.511352907674528
0.5453929921649275
0.7628508710423012
0.3425985527921962
0.399639125583539
0.6005075781063968
0.6493283430851574
0.4132180934901924
0.40066025955261086
0.6628591208058274
0.6130244613774909
0.4393898759066909
0.8598997993398283
0.38929224182609257
0.6829820894575171
0.7505510543668726
0.7460878351387583
0.37440908247810845
0.4253151010556866
0.771235020909847
0.8246339876316257
0.7433527621053689
0.31773029374464506
0.6919306455513272
0.788638820216642
0.6077772983127019
0.6328403269215269
0.3059747909679899
0.5711258558638264
0.5092110161921685
0.31341259593424114
0.6253385832825853
0.33228992457981343
0.7766809506516473
0.5327669451883716
0.565960983702494
0.44157040433783357
0.5358473955745927
0.6409460743614709
0.7490575005138528
0.3343284635921571
0.759188053287761
0.4303136108702081
0.2074945475719518
0.33337918864750243
0.6739307044863265
0.5760000531622391
0.46626568189253437
0.6214380021703724
0.7010404047273355
0.20128070088654965
0.37785215114535337
0.28450791027102357
0.5378356562759838
0.44841743436291637
0.6738141884471165
0.8405781626664544
0.6553117829328017
0.683094204504943
0.4145096890648028
0.7490897714422771
0.39192750298986184
0.3533544357240182
0.766427432395607
0.37408277512014443
0.61697508502918
0.6151490468551524
0.4177997254693167
0.708618212303363
0.638454946717992
0.7880902561384456
0.4562941073824032
0.8349191325062977
0.8807123735800536
0.7120923768093068
0.7927172060582772
0.5297508056936523
0.618616273561478
0.6894887472950405
0.8131158175997406
0.662749305540345
0.5749095645565176
0.7585707020744227
0.46309406668570363
0.6608623531668252
0.16426965563347332
0.8667878893822879
0.7854644588129969
0.829805578498271
0.7687900675996527
0.6118005065328654
0.2897828894259823
0.5392174049439925
0.7177101662391461
0.7070794938444811
0.5557014030952145
0.6105872304114379
0.8008110749891678
0.40066025955261086
0.24071275548221263
0.7479702010360054
0.7782594679392688
0.4104835411278049
0.37565877512561935
0.7477553903250289
0.4580873494139453
0.32003284483743394
0.1814076839909281
0.7821165061051591
0.5485760752372884
0.5652382658362578
0.7297022086290843
0.3727745701829385
0.5424471783484941
0.1639747815370961
0.9139975079704286
0.5965990834442051
0.42558689797660093
0.3205284876609683
0.6660475171283997
0.3941213642622584
0.49886381948124797
0.34161408125251974
0.38950483211728015
0.5223054387989232
0.5896881637184652
0.6430666505970816
0.794432117194957
0.5798038048838634
0.5144184430368295
0.8315079670280666
0.5166923465435702
0.5418084112961186
0.8496368615248149
0.45083207177493884
0.625946301374435
0.6325231987227314
0.6705009976805525
0.6587220455192304
0.30585649858274044
0.09716377405605502
0.33476254068002403
0.36296788447234146
0.6435206772411067
0.6601144557575099
0.7254448332469847
0.8781283031394542
0.6604292889918286
0.4452098913590794
0.4484731549759523
0.42975618220642964
0.6064573703523035
0.48724277529305954
0.3185192690708659
0.8647568215630034
0.5939456373086082
0.3027588489161882
0.7779417789279953
0.7769294081826053
0.6171952353940233
0.8016802880180378
0.866101510945805
0.5573033761668252
0.41503620629758375
0.7509386842626503
0.41716567133130167
0.8018186273631358
0.8821296101935152
0.19143464563807114
0.796145959189047
0.947866200156061
0.6774493961766592
0.6595635292854828
0.7155526837671665
0.7476901104504111
0.670978947892393
0.6069831028443925
0.47736272636637067
0.464107195077942
0.7827388747244165
0.8622138821063414
0.563149889715397
0.47950849734645773
0.6964638085181669
0.5367591055384437
0.5971413512806552
0.8237254930249321
0.7117891181888043
0.5358473955745927
0.7489244920635554
0.45833678652749743
0.31220426333334095
0.5590823734810917
0.5735668374291124
0.6768368378407341
0.4178224750112975
0.8104733319730544
0.5371526525895487
0.8201068255604318
0.8535615514382555
0.6251744790908035
0.5994834910884169
0.3704801011525666
0.34879468398093
0.40243799841710837
0.588868318116246
0.7668524212817451
0.4639012233832658
0.6802834653869163
0.44331421510202146
0.46338824130677664
0.44569153310106463
0.5283355481061456
0.4847241535826333
0.4333768668881
0.540929512895547
0.3864619985283761
0.6329815896322939
0.5451659349336256
0.3794502907463504
0.7932182801462025
0.718292423769918
0.4850788667445756
0.4789400786224258
0.5079005023168246
0.6326297649836727
0.7098582085924641
0.7771789426797199
0.26025362337305646
0.5583975636710351
0.5370594362850184
0.39653233237739616
0.2392345235346448
0.48976620750130384
0.6323105085036431
0.42872611752290113
0.5767347675254637
0.39766880903235113
0.5311488984370805
0.3634604787512774
0.4613032774315028
0.7214807273211156
0.3849356454741548
0.4337698826799714
0.5151275151484674
0.6714186708772022
0.39080809312889453
0.5402770714261409
0.5478937277174342
0.7229993821465404
0.7536559188246064
0.6427943596163797
0.5385919616034491
0.5710486318938885
0.40342365272514563