3.043044912393606
2.61788256038302
2.724154313626114
3.329545665119168
2.3049360284630644
2.550563607035013
3.7396090010860306
2.480073333437492
3.7363283905433633
2.2444348070805056
1.7841655998242913
2.188008250244822
1.6951589284843358
3.0086009558151137
2.8046416703358066
2.6378725819522693
2.6986856651772175
2.4551817294573723
1.7247130460886204
2.2586429073195244
3.0142496023203993
2.2788117632660345
2.618060043472445
4.999737774444286
2.4637600467242056
2.1752204669458735
2.289385158893708
3.026114341419788
2.792291818965321
1.7552235422053126
4.271599644505667
2.0897597601761895
4.826017374252156
3.5354287357984227
3.620913414713897
2.3891266443048487
2.4677127349852626
2.578234476307978
3.0249243666651724
2.2784578283584693
2.385968423376484
2.838627705312806
2.2740238402123882
3.3240088488519195
2.375066620792028
2.288997351071325
2.3364674028245247
1.6980112861076186
3.1220050811057236
2.646107890097941
3.2418936325650396
3.00734216826476
2.8096992621743784
2.0110877015218716
5.199811424257705
2.584724177863791
2.1995705966321584
2.297558228508576
2.127293175059677
2.830172799613063
2.7399207383963127
2.2564162002497365
2.214779812109345
2.816222587194174
3.020401899494612
2.729075110836604
1.99268369990072
2.906569357101217
2.175037998444303
3.505866437801483
2.417098683910467
2.7890327245814195
2.469625706946335
5.004654327654098
2.6421476080955255
3.4138524433920674
3.3328488388990536
2.261161866601441
2.880974332973027
2.3808736612463175
2.4383728920552628
2.4372719845122948
3.6469684315573696
1.8238811200329188
2.3389438153193893
2.0400992445791015
2.9643539744568876
2.5451104433914313
2.370171725636556
2.108177333852977
2.4478682554950346
2.5926849159787277
3.0384672916614637
2.3516743130997195
2.6749308741856925
2.7817624407656627
4.720241936874119
2.816279453566848
3.3711779281884295
3.447829892380282
2.3194138908165094
3.764378168428454
2.2156968360689913
4.0770461952226835
2.3795794318459844
1.7659092845514053
1.7033314019331094
2.977973554574037
3.381940010428088
2.857849745344037
2.267191112007927
2.0750411750307425
2.9397651266191165
2.461350943421401
3.747441941238547
2.9579264473763036
2.2395624843461253
3.882803490982452
2.2032969835603833
2.4925993074634647
1.834871818725217
3.2892682866332255
2.3965901226241844
1.9291385029149914
2.158547263613169
2.6376014834599424
2.5549565603830207
4.937108719694657
1.9700028512014
2.3877175433790168
2.1819053537809285
2.0354782345122953
4.0601717660311385
2.1509797615101096
3.6827107069968994
2.020003703067861
4.9642656636132205
2.340106289879065
2.6186844397773434
3.0876082427365903
2.2929772454113095
1.9746326903389182
2.1833610953315734
2.4982723087526573
1.5951083214373973
2.257115118299607
2.5548970544572285
2.1468411817713537
3.1163919432338734
2.9082193289341944
1.6899973591422892
4.228604422989829
2.4856597494644266
2.88309426352661
2.1627672411716237
2.7121156101911836
2.574456583124203
2.1485904292780464
3.269936466517681
1.9088404638264507
2.1655721140727557
3.0709268701828094
1.928372117015007
4.943533640574187
2.0229768031246813
2.722769052231577
2.439777097888582
3.2476051835812445
2.45286104738841
1.8353113211468965
2.425612068204064
2.809069549648772
2.949421796602234
2.280319951002122
2.6881589256492973
2.3107455216601522
2.5049568299071776
2.5789241458756393
2.521809840162467
2.9487398345435807
2.394602261003593
1.9240104263676407
2.3568055038268003
2.339387031842149
2.6102778872898167
2.770144141036072
3.4198289065272682
3.104819500932863
3.004265853100023
2.3168659614513682
2.2451392060628503
3.661501348919189
2.6295273992987855
3.608909217241079
2.7448275663867374
2.8623125529919733
2.2719177538227946
2.5140916124387154
1.787568175340697
2.492570334534083
2.053034563728037
1.8999559052815478
2.657720037467925
2.123220698680125
2.723273163279467
4.634414829766281
5.988633420275541
2.0908016222014787
2.5845726691196393
2.212608511264815
1.8415698889635266
2.811702883303525
1.562732057701135
2.3949184774305365
3.0724809894187723
5.060579346324747
2.946239654043561
2.3241811511548462
2.5679260820200973
2.4812762755542828
2.0726018085149036
4.314469946502891
2.730174561248587
2.2292683366995085
3.9060397096953796
2.140841845953906
1.916150051705813
3.768270593392196
2.7947147258372063
2.2603515822705607
3.7987549318052807
2.9972540818405573
2.2171416264175257
3.680943159960721
2.1017589578361715
2.136449774278324
2.3151083505019905
3.3563829688748985
2.297326354922907
2.298481797507204
1.934736123011696
2.431581346453406
4.727374066699062
2.2978531967652565
2.548045665119165
2.0365765521755943
2.3044527341885317
2.3884750868765448
2.171170542204603
2.591010725901503
2.1450398079918678
2.5607232103184607
2.137574865236047
2.1264526998773157
2.3940288968721113
2.6164425774073976
2.6818767694281753
2.565327972571371
3.3375543786243345
2.4223544025642703
2.9192445259103916
1.9485579145007428
2.572580098951205
2.0512144982485587
2.4035207383963115
2.4843359268199876
1.9513859038549803
2.767011251475136
2.2638250484669715
2.028362718575405
2.5748353553135512
2.4015757768003905
2.6442371516696
2.238615664879065
2.573423449919183
2.7915388458963584
2.6160235215728136
2.441479506936581
2.7511508627770116
2.6048681315143085
2.9977076418195505
3.4199380265365074
1.8358704669458739
2.2552448967492644
2.2330935924230175
1.7006153732694962
2.6943120810222254
1.982203924415984
4.017274036396628
2.8308781203020956
2.3627133469764434
2.525237674963451
2.7360411377668328
3.295760472470932
2.283540496297711
4.869594711202378
2.2092383138934313
3.295011808487603
2.4956675865987137
2.2004243065313034
2.0864033571867573
2.317173906637308
2.0988214663335256
2.397626266948345
3.2699532349009583
3.5892297490933025
2.285920757654928
2.25065809274267
2.9618002312112335
2.288820060483461
2.812727691892844
2.652651183708498
4.666910392787274
2.308277150666415
2.4693640075760666
2.6048632196454875
2.3933384419035164
2.94481956530176
2.387666161994698
2.7992332472966464