58
49
37
44
54
45
63
49
55
23
28
47
38
48
27
41
59
46
38
42
29
44
50
58
47
46
42
53
41
36
57
24
55
38
62
51
39
43
49
35
50
35
42
52
40
35
49
31
46
45
52
47
41
44
64
50
35
35
35
43
33
35
33
65
50
55
31
31
44
65
29
54
49
62
31
43
54
34
55
55
28
40
66
44
26
27
37
59
38
33
39
38
58
42
48
62
61
54
37
44
49
69
39
33
21
34
33
60
66
54
25
39
62
60
54
27
50
58
42
57
47
32
39
36
46
43
41
56
36
31
37
53
60
37
46
53
54
36
41
50
30
46
42
58
20
29
32
47
36
41
24
47
32
48
40
32
57
46
55
31
32
47
24
62
48
46
26
28
50
28
37
44
52
44
37
55
36
55
53
77
42
44
37
48
33
39
59
59
41
47
41
24
48
34
46
34
33
39
38
53
24
38
54
46
48
63
66
23
51
54
44
34
18
53
58
62
45
51
63
46
48
65
55
30
29
45
34
31
66
41
41
28
37
44
44
35
48
38
21
41
29
41
54
49
41
34
33
43
40
38
50
29
48
39
42
33
52
44
41
45
51
46
45
37
33
36
22
62
59
44
49
33
43
35
54
35
64
58
33
40
48
66
35
46
59
32
28
48
50
32
39
43
39
57
36
48
49
53
39
43
44
36
51
35
62
61
47
57
62
36
48
68
53
45
45
24
20
44
48
45