64.17
84.94
109.38000000000001
87.49000000000001
101.78
61.440000000000005
100.79
81.76
97.47000000000001
38.91
29.85
65.74000000000001
44.81
69.92
52.82000000000001
84.07999999999998
76.66000000000001
86.28
60.209999999999994
72.2
20.01
64.35
83.72
66.76
73.92000000000002
99.77
59.52
92.60999999999999
90.92999999999999
46.17
95.58000000000001
57.78
60.69
107.22000000000001
124.45
116.49
85.59
67.87
81.76
56.14
83.46999999999998
47.78
59.92
71.44
81.43
46.38
104.05
42.24
67.33
94.31
85.27
98.83
63.489999999999995
76.12
86.99000000000001
55.4
60.06
55.400000000000006
55.24000000000001
106.51
46.5
58.53
17.82
103.79
72.47
114.89999999999998
47.78
8.17
57.010000000000005
111.42000000000002
60.669999999999995
71.69000000000001
118.10999999999999
91.4
81.2
91.26
102.00999999999999
79.19
55.050000000000004
97.41
6.48
87.21
111.42000000000002
41.13
55.14
43.09
23.47
96.02000000000001
68.12
18.84
80.29
109.35
156.78
60.15
67.23
126.05000000000001
102.95
27.82
42.74
71.45
84.30000000000001
123.32
48.07
45.39
45.230000000000004
0.0
29.1
150.98
193.95999999999998
37.05
54.37
68.55
86.63
126.39999999999998
91.56
127.16999999999999
132.79999999999998
93.21999999999998
48.07
100.73
98.53999999999999
56.190000000000005
31.39
85.38
119.0
46.92
27.82
60.69
32.67
23.240000000000002
46.379999999999995
95.51
82.87
33.730000000000004
117.05
69.72
60.69
35.910000000000004
58.64
72.19
51.02
62.510000000000005
66.35000000000001
99.68
46.53
50.44
70.5
71.19
41.46
109.38000000000001
0.0
63.99
42.85
66.48
51.21
43.370000000000005
94.94
69.64
78.0
41.88
66.30000000000001
102.01000000000002
53.43
91.4
48.42
88.33
65.78
65.07000000000001
83.76
42.24
83.37
70.16
133.28
46.61
67.27
113.52000000000001
46.92
131.55
88.03
145.82
69.4
54.45
71.41
75.71000000000001
75.71000000000001
69.16
100.78999999999999
139.38
90.97
64.35
77.13
86.72
84.94000000000001
34.89
72.31
91.23
42.96000000000001
43.08
93.73
90.17
22.0
72.67999999999999
110.08
89.02
77.83
143.14
60.69
52.60000000000001
93.44
70.83000000000001
66.48
45.4
26.3
100.83000000000001
123.78
104.29
107.73
87.75000000000001
98.25
88.33
79.58
58.64
100.87
33.45
45.39
50.8
23.550000000000004
89.87000000000002
119.07999999999997
89.02000000000001
46.5
90.96000000000001
54.56
69.67000000000002
108.71999999999998
64.24
83.47000000000001
74.76
76.96000000000001
43.38000000000001
50.36
117.54
60.69
105.19
51.1
64.63
46.379999999999995
101.64
64.63000000000001
92.78999999999999
100.65
79.35
94.17
48.07
59.28
57.120000000000005
70.96
140.61
53.60000000000001
66.02000000000001
72.72
60.93000000000001
54.370000000000005
90.65
41.46
38.66
34.14
129.12
66.4
80.44
114.8
58.040000000000006
101.41000000000001
68.49000000000001
95.94000000000001
57.120000000000005
107.48
78.50999999999999
49.410000000000004
114.32000000000001
97.33000000000001
139.56
21.700000000000003
83.66
106.86999999999999
51.22
82.45
144.66
83.61
85.88000000000001
38.67
77.87
71.42
123.81
49.57
60.69
112.93
53.21000000000001
66.38
46.09
113.37
29.96
137.46
46.17
115.78
109.65999999999998
73.02000000000001
144.94
78.51
17.82
39.6
145.25
60.440000000000005
60.17
82.57000000000001
24.06
52.04
62.83
62.21
99.35