0.3235294117647059
0.3835616438356164
0.5373134328358209
0.30952380952380953
0.6222222222222222
0.4050632911392405
0.39622641509433965
0.5208333333333334
0.39361702127659576
0.358695652173913
0.3977272727272727
0.29896907216494845
0.2857142857142857
0.4675324675324675
0.43243243243243246
0.33783783783783783
0.3380281690140845
0.4827586206896552
0.3037974683544304
0.25510204081632654
0.3058823529411765
0.3875
0.3333333333333333
0.3561643835616438
0.4588235294117647
0.4375
0.43283582089552236
0.3561643835616438
0.273972602739726
0.25
0.3979591836734694
0.42105263157894735
0.48148148148148145
0.2777777777777778
0.2987012987012987
0.4722222222222222
0.6341463414634146
0.38961038961038963
0.35714285714285715
0.26804123711340205
0.3404255319148936
0.5692307692307692
0.3582089552238806
0.4936708860759494
0.3924050632911392
0.3472222222222222
0.3484848484848485
0.43243243243243246
0.3118279569892473
0.4852941176470588
0.375
0.2804878048780488
0.33783783783783783
0.421875
0.4153846153846154
0.4383561643835616
0.6949152542372882
0.27956989247311825
0.5
0.4827586206896552
0.6119402985074627
0.3626373626373626
0.40963855421686746
0.4142857142857143
0.696969696969697
0.4155844155844156
0.4307692307692308
0.33783783783783783
0.38095238095238093
0.23863636363636365
0.26153846153846155
0.3626373626373626
0.36363636363636365
0.3977272727272727
0.2602739726027397
0.5147058823529411
0.32894736842105265
0.3684210526315789
0.6666666666666666
0.32941176470588235
0.3116883116883117
0.417910447761194
0.6444444444444445
0.29310344827586204
0.47692307692307695
0.2916666666666667
0.44
0.29292929292929293
0.3380281690140845
0.42696629213483145
0.4266666666666667
0.7301587301587301
0.5205479452054794
0.28378378378378377
0.5166666666666667
0.38181818181818183
0.3076923076923077
0.4647887323943662
0.38271604938271603
0.52
0.36585365853658536