-0.2927409281599536
-0.29985043796367855
-0.336494077116218
-0.3542386321829603
-0.16487338593940323
-0.2539130944098864
-0.2228543841341035
-0.3025050991054739
-0.26428349134687323
-0.1861133953264636
-0.22435146470751477
-0.28079615662117785
-0.29563166426060256
-0.3081181965055748
-0.1875560388123758
-0.33487773739088295
-0.45854599671203417
-0.2876872560253814
-0.1667069067044043
-0.3244156153284343
-0.1557161510757667
-0.34999353640389874
-0.2681122891377408
-0.17003937547333745
-0.15407849519960348
-0.20230580287837008
-0.45024749631375016
-0.34875336629946624
-0.18298056996293724
-0.22719991381538487
-0.31997083721889413
-0.19502829902934696
-0.3162957461064924
-0.2467713661641221
-0.4512819713022509
-0.27188842579103084
-0.25964768243434944
-0.29511337905339696
-0.27955808395023496
-0.19945726969808675
-0.3048837489246084
-0.2100958995988342
-0.2036935778594353
-0.3054157907362133
-0.20145976102902713
-0.3188581333409687
-0.23862056727052816
-0.26845370325538764
-0.3989418736760159
-0.300181654045148
-0.44253122750442053
-0.2463747477276631
-0.27397298126805586
-0.3151003940213658
-0.24169307801444453
-0.2082438540644634
-0.27641238533826457
-0.31551998777259443
-0.31221990230191293
-0.24772735956237446
-0.24335855745288254
-0.3620385825519776
-0.2988807073278705
-0.14373531161606934
-0.2470569559346673
-0.35973379097262637
-0.40138193109635745
-0.20916683556829668
-0.18151529481275888
-0.505686221946701
-0.3442021160218162
-0.14697543946228833
-0.3104645718350696
-0.47180475549497974
-0.27511093238381346
-0.18688278985304352
-0.3452729134004829
-0.21596909762517194
-0.3037500554375369
-0.18568040907185995
-0.2694603324243971
-0.23260278639389542
-0.17400413019903074
-0.19758561261933744
-0.36027664886024896
-0.19344080298494537
-0.3082096239112416
-0.40727957016245525
-0.1728979310754944
-0.4354964760148719
-0.47652408497717347
-0.14038411093821151
-0.2961950208773281
-0.29652311844705836
-0.3162153527737983
-0.23824107632334895
-0.24232550459178887
-0.1607825568898229
-0.4963561655967045
-0.325481082519597
-0.21830353851596093
-0.2560869509991829
-0.3411343532476432
-0.18552968017534346
-0.3133886427812254
-0.13726606797827745
-0.16333655911470546
-0.2696366812397173
-0.1764241220214245
-0.2998643097222655
-0.2668822206971835
-0.2533245875351818
-0.32175952196787877
-0.2404707775791534
-0.2230531746070291
-0.29981854846882927
-0.31210892004195967
-0.16101748731045554
-0.13269523569189445
-0.31709904147972506
-0.2324710485020963
-0.37046500057931553
-0.2567791191495162
-0.42714780311854095
-0.12905136347239932
-0.34192926764924453
-0.2156356784447026
-0.16431916349793543
-0.30917368444455656
-0.24266064586493555
-0.2718312863546771
-0.2393206793445637
-0.25682676947718514
-0.35205133070076045
-0.31907730889022584
-0.20969453172933977
-0.3627797061710022
-0.47285846756957733
-0.160795420401634
-0.23736623169419546
-0.23226136299727926
-0.17325152030624244
-0.38355652891772885
-0.18665088978230834
-0.30236413402169915
-0.24112271100189833
-0.2687648351655296
-0.31681963931073354
-0.36812558026986736
-0.41748086643354093
-0.21797502015235057
-0.20608058608277566
-0.2342874624525507
-0.2667369374106018
-0.3189697530621162
-0.6601410932526619
-0.23071359137574268
-0.31113190142974156
-0.23957011120021182
-0.23661449591351255
-0.46482047629013135
-0.2036787634191113
-0.2762050501193279
-0.20616628161868558
-0.31990025109015574
-0.37515113671056477
-0.5451124701124653
-0.28352874279264345
-0.39249040861956425
-0.2072440807834915
-0.2984541217855911
-0.23096125679147
-0.2531396052467749
-0.22610579453357074
-0.24683876223492585
-0.22244322375349582
-0.340429160794441
-0.28465462552244586
-0.2324723413665688
-0.37568839499608264
-0.2270585540673762
-0.20102225113174046
-0.234675834789702
-0.27641222383834235
-0.25937180940465326
-0.16652348990553192
-0.2063467491584706
-0.22215216286699913
-0.30080426713214903
-0.3152674877490224
-0.2954150993520557
-0.18346374751897088
-0.16497342986015281
-0.21721032070520208
-0.2978330299518867
-0.22003616685565547
-0.28228522400605727
-0.3095403658183777
-0.3512283249651436
-0.29442131787985465
-0.25306331205425103
-0.32528630128134933
-0.2084470315411407
-0.22022552598086803
-0.4574804622979108
-0.4021703666697552
-0.1542385156173196
-0.2044611981012066
-0.20991350368291573
-0.23248447348132392
-0.14282241079718802
-0.27224056606612684
-0.5086062587135065
-0.3139634734039472
-0.2727411681865638
-0.5331980245180332
-0.22372753585816843
-0.23929663210775207
-0.1849353314384283
-0.3572132263014584
-0.23355840505129638
-0.2582845377948051
-0.24886759527636967
-0.256858069852951
-0.26016257165562373
-0.23819294530663424
-0.3634846338182407
-0.36672990726200577
-0.2479337823410438
-0.2107603727372912
-0.21028148917158535
-0.2017408936487316
-0.24336148656248932
-0.37512619080537307
-0.2602918301177851
-0.20209966120704095
-0.5596170117059955
-0.28282120473221956
-0.2681672253532356
-0.2727065273742382
-0.18170885198406103
-0.36672961586046793
-0.29132010159235866
-0.17838477451678045
-0.3235454465149024
-0.2558358677393528
-0.3623602556539967
-0.34976625133314
-0.4047061062431112
-0.23932997778870735
-0.31664044245020967
-0.13086629760420823
-0.21902457582461657
-0.3003518419678665
-0.27706525890266676
-0.232967949453521
-0.28860112960665457
-0.28305854641015527
-0.3058109804661743
-0.4310192081929346
-0.47281006199232034
-0.1940772905009789
-0.22145637663276993
-0.24885917076167177
-0.29909413802582985
-0.11516470585069155
-0.24191607566880471
-0.3113251505144774
-0.2755550263978562
-0.3372366107264057
-0.30720075145229525
-0.11578324537866153
-0.17253009688848747
-0.24837278461303972
-0.2475802564721107
-0.25530166971723534
-0.3649615084573775
-0.21138243958412822
-0.3308350672378022
-0.32041771309169625
-0.29796483877098145
-0.2547575372632432
-0.25381697042664597
-0.31813382356605496
-0.388077846536006
-0.30326269808353284
-0.4172346262567068
-0.3995492264427008
-0.24742989325146997
-0.25786852321117015
-0.3297011734466918
-0.3242071871771358
-0.3107000799981535
-0.42575819810152227
-0.32399299497830725
-0.31910882611021985
-0.2316645432865864
-0.35338106272038705
-0.23576243254214485
-0.34521573601034017
-0.27430798118933636
-0.2856174613057192
-0.29335053984004844
-0.3616601014744507
-0.15879939518277683
-0.20536906903727975
-0.17987976996820718
-0.3247487676414696
-0.31141719523802747
-0.3967107916165472
-0.28537806123634296
-0.20354029633670978
-0.2566548866692445
-0.39855247266650384
-0.2747916813452186
-0.25737350633610595
-0.1858192384059168
-0.24189778978212928
-0.3075344770384163
-0.3121712367436235