0.296875
0.5538461538461539
0.2597402597402597
0.30158730158730157
0.4909090909090909
0.22549019607843138
0.2564102564102564
0.375
0.27906976744186046
0.2753623188405797
0.3761467889908257
0.4098360655737705
0.2537313432835821
0.5094339622641509
0.2826086956521739
0.2948717948717949
0.19480519480519481
0.3058823529411765
0.3684210526315789
0.45901639344262296
0.4
0.25333333333333335
0.2711864406779661
0.2345679012345679
0.3064516129032258
0.3055555555555556
0.4444444444444444
0.3194444444444444
0.3055555555555556
0.6444444444444445
0.3235294117647059
0.17543859649122806
0.36363636363636365
0.45614035087719296
0.36764705882352944
0.4411764705882353
0.34
0.2465753424657534
0.23636363636363636
0.29577464788732394
0.3380281690140845
0.28
0.39
0.2972972972972973
0.2976190476190476
0.5087719298245614
0.45
0.4186046511627907
0.37254901960784315
0.234375
0.47619047619047616
0.30158730158730157
0.421875
0.2676056338028169
0.3333333333333333
0.3684210526315789
0.25
0.25
0.2631578947368421
0.34375
0.38613861386138615
0.32786885245901637
0.3
0.43859649122807015
0.27586206896551724
0.40540540540540543
0.2676056338028169
0.28
0.24074074074074073
0.34285714285714286
0.2875
0.25
0.3333333333333333
0.275
0.28
0.3013698630136986
0.3424657534246575
0.3924050632911392
0.423728813559322
0.32894736842105265
0.2711864406779661
0.2777777777777778
0.2857142857142857
0.2923076923076923
0.25287356321839083
0.375
0.25
0.3064516129032258
0.3958333333333333
0.24390243902439024
0.27941176470588236
0.2826086956521739
0.3958333333333333
0.3150684931506849
0.2413793103448276
0.25675675675675674
0.25
0.3582089552238806
0.7636363636363637
0.38181818181818183
0.25
0.2898550724637681
0.30434782608695654
0.5166666666666667
0.26229508196721313
0.42424242424242425
0.22784810126582278
0.2777777777777778
0.40186915887850466
0.5285714285714286
0.39705882352941174
0.2638888888888889
0.41414141414141414
0.2602739726027397
0.2631578947368421
0.2535211267605634
0.3804347826086957
0.40540540540540543
0.2714285714285714
0.3484848484848485
0.3333333333333333
0.3880597014925373
0.313953488372093
0.21348314606741572
0.3269230769230769
0.38461538461538464
0.25333333333333335
0.33962264150943394
0.3333333333333333
0.26666666666666666
0.46153846153846156
0.2911392405063291
0.42105263157894735
0.30985915492957744
0.453125
0.3333333333333333
0.43478260869565216
0.391304347826087
0.2465753424657534
0.296875
0.2714285714285714
0.34782608695652173
0.3026315789473684
0.3170731707317073
0.3924050632911392
0.43548387096774194
0.3442622950819672
0.3
0.3793103448275862
0.4387755102040816
0.4098360655737705
0.44565217391304346
0.34782608695652173
0.26865671641791045
0.36231884057971014
0.3157894736842105
0.2898550724637681
0.35714285714285715
0.32786885245901637
0.375
0.25688073394495414
0.3877551020408163
0.29333333333333333
0.3472222222222222
0.47692307692307695
0.39622641509433965
0.5740740740740741
0.3220338983050847
0.2535211267605634
0.28
0.3013698630136986
0.25
0.265625
0.34328358208955223
0.43010752688172044
0.225
0.30158730158730157
0.3013698630136986
0.3728813559322034
0.28169014084507044
0.31666666666666665
0.2638888888888889
0.3333333333333333
0.46551724137931033
0.29508196721311475
0.3523809523809524
0.3146067415730337
0.6274509803921569
0.2727272727272727
0.5348837209302325
0.4175824175824176
0.3917525773195876
0.2916666666666667
0.3108108108108108
0.35294117647058826
0.3037974683544304
0.453125
0.32142857142857145
0.32075471698113206
0.2535211267605634
0.3116883116883117
0.2621359223300971
0.423728813559322
0.3013698630136986
0.3595505617977528
0.24
0.3114754098360656
0.8444444444444444
0.3275862068965517
0.47368421052631576
0.5
0.3333333333333333
0.3770491803278688
0.44565217391304346
0.390625
0.2777777777777778
0.3076923076923077
0.3230769230769231
0.27450980392156865
0.2972972972972973
0.275
0.26153846153846155
0.26666666666666666
0.4318181818181818
0.3114754098360656
0.34375
0.24615384615384617
0.28
0.3283582089552239
0.35964912280701755
0.2631578947368421
0.32142857142857145
0.39603960396039606
0.3291139240506329
0.41
0.359375
0.2962962962962963
0.36607142857142855
0.6078431372549019
0.30434782608695654
0.4603174603174603
0.3333333333333333
0.2375
0.5208333333333334
0.3
0.2702702702702703
0.34328358208955223
0.27941176470588236
0.3333333333333333
0.27586206896551724
0.2112676056338028
0.288135593220339
0.30864197530864196
0.46511627906976744
0.28
0.421875
0.3246753246753247
0.22826086956521738
0.35
0.38613861386138615
0.390625
0.26666666666666666
0.36923076923076925
0.2714285714285714
0.34285714285714286
0.3064516129032258
0.3617021276595745
0.4576271186440678
0.30985915492957744
0.25333333333333335
0.25555555555555554
0.3064516129032258
0.2631578947368421
0.2903225806451613
0.3898305084745763
0.2702702702702703
0.4
0.27450980392156865
0.26865671641791045
0.453125
0.2535211267605634
0.2786885245901639
0.28
0.2702702702702703
0.26666666666666666
0.3116883116883117
0.3194444444444444
0.38461538461538464
0.375
0.38333333333333336
0.2857142857142857
0.41414141414141414
0.5087719298245614
0.25
0.26666666666666666
0.3125
0.2835820895522388
0.28
0.2857142857142857
0.2692307692307692
0.2465753424657534
0.29577464788732394
0.36
0.25287356321839083
0.25
0.31666666666666665
0.3125
0.4126984126984127
0.2222222222222222
0.2631578947368421
0.3684210526315789
0.2631578947368421
0.2571428571428571
0.2786885245901639
0.4603174603174603
0.2631578947368421
0.273972602739726
0.288135593220339
0.3584905660377358
0.2602739726027397
0.43859649122807015
0.275
0.2753623188405797
0.42424242424242425
0.32098765432098764
0.42857142857142855
0.3392857142857143
0.2702702702702703
0.37349397590361444
0.4186046511627907
0.3283582089552239
0.40540540540540543
0.38461538461538464
0.49122807017543857
0.2777777777777778
0.3188405797101449
0.2597402597402597
0.3333333333333333
0.41935483870967744
0.2857142857142857
0.4155844155844156
0.32857142857142857
0.30434782608695654
0.38
0.2839506172839506
0.375
0.5166666666666667
0.49056603773584906
0.35384615384615387
0.4777777777777778
0.27380952380952384
0.3150684931506849
0.5294117647058824
0.3114754098360656
0.3188405797101449
0.2876712328767123
0.24675324675324675
0.3225806451612903
0.3333333333333333
0.3048780487804878
0.2777777777777778
0.5
0.22058823529411764
0.375
0.2616822429906542
0.36
0.2909090909090909
0.39344262295081966
0.34328358208955223
0.5
0.3142857142857143
0.28378378378378377
0.3108108108108108
0.25
0.25882352941176473
0.31343283582089554
0.27631578947368424
0.34782608695652173
0.2608695652173913
0.34177215189873417
0.34545454545454546
0.25
0.23684210526315788
0.5081967213114754
0.296875
0.2833333333333333
0.2711864406779661
0.2631578947368421
0.4393939393939394
0.24050632911392406
0.4482758620689655
0.4461538461538462
0.296875
0.35526315789473684
0.3088235294117647
0.543859649122807
0.41935483870967744
0.3076923076923077
0.24096385542168675
0.2153846153846154
0.4
0.2375
0.3333333333333333
0.27692307692307694
0.2702702702702703
0.3770491803278688
0.27450980392156865
0.2807017543859649
0.358695652173913
0.38095238095238093
0.2247191011235955
0.3
0.39705882352941174
0.3559322033898305
0.3188405797101449
0.5094339622641509
0.4393939393939394
0.375
0.30434782608695654
0.35714285714285715
0.5
0.2923076923076923
0.3548387096774194
0.36619718309859156
0.5797101449275363
0.32786885245901637
0.35135135135135137
0.391304347826087
0.2835820895522388
0.26666666666666666
0.509090909090909
0.25
0.5087719298245614
0.24
0.2708333333333333
0.2631578947368421
0.4807692307692308
0.35
0.3220338983050847
0.34285714285714286
0.26865671641791045
0.35443037974683544
0.3150684931506849
0.3037974683544304
0.3
0.4067796610169492
0.2602739726027397
0.26666666666666666
0.3783783783783784
0.2597402597402597
0.3
0.4225352112676056
0.25757575757575757
0.3064516129032258
0.275
0.463768115942029
0.24096385542168675
0.28
0.36666666666666664
0.39655172413793105
0.29577464788732394
0.273972602739726
0.2247191011235955
0.3235294117647059
0.2878787878787879
0.25882352941176473
0.3387096774193548
0.3076923076923077
0.2602739726027397
0.29411764705882354
0.36923076923076925
0.27631578947368424
0.26666666666666666
0.3875
0.30952380952380953
0.36904761904761907
0.39705882352941174
0.6428571428571429
0.35714285714285715
0.4157303370786517
0.36363636363636365
0.29577464788732394
0.3373493975903614
0.25225225225225223
0.25609756097560976
0.25
0.22033898305084745
0.30985915492957744
0.39705882352941174
0.3898305084745763
0.3939393939393939
0.3333333333333333
0.2857142857142857
0.2857142857142857
0.359375
0.25
0.3761467889908257
0.22784810126582278
0.3125
0.2876712328767123
0.4423076923076923
0.24675324675324675
0.3
0.3283582089552239
0.3125
0.25
0.23376623376623376
0.3333333333333333
0.2898550724637681
0.5614035087719298
0.43283582089552236
0.29411764705882354
0.32098765432098764
0.3055555555555556
0.20952380952380953
0.4111111111111111
0.328125
0.27419354838709675
0.2537313432835821
0.33962264150943394
0.37037037037037035
0.28125
0.3389830508474576
0.39215686274509803
0.39603960396039606
0.3013698630136986
0.3064516129032258
0.24778761061946902
0.47368421052631576
0.2923076923076923
0.42105263157894735
0.484375
0.24193548387096775
0.2597402597402597
0.41237113402061853
0.358974358974359
0.36065573770491804
0.3829787234042553
0.36470588235294116
0.3090909090909091
0.41379310344827586
0.25333333333333335
0.25675675675675674
0.2653061224489796
0.273972602739726
0.27450980392156865
0.2878787878787879
0.2564102564102564
0.2923076923076923
0.27941176470588236
0.34375
0.23684210526315788
0.21153846153846154
0.3026315789473684
0.2727272727272727
0.36065573770491804
0.38333333333333336
0.2753623188405797
0.45161290322580644
0.19402985074626866
0.25333333333333335
0.2602739726027397
0.2835820895522388
0.26666666666666666
0.35384615384615387
0.3492063492063492
0.2077922077922078
0.43103448275862066
0.475
0.3484848484848485
0.2826086956521739
0.3644859813084112
0.2647058823529412
0.5342465753424658
0.32098765432098764
0.40476190476190477
0.22093023255813954
0.32558139534883723
0.27848101265822783
0.2982456140350877
0.4329896907216495
0.22988505747126436
0.35526315789473684
0.375
0.30864197530864196
0.23809523809523808
0.2777777777777778
0.24705882352941178
0.3883495145631068
0.41935483870967744
0.2692307692307692
0.24561403508771928
0.42857142857142855
0.21951219512195122
0.3090909090909091
0.25842696629213485
0.34615384615384615
0.2923076923076923
0.38095238095238093
0.34545454545454546
0.2608695652173913
0.40350877192982454
0.34
0.2916666666666667
0.288135593220339
0.296875
0.2804878048780488
0.2345679012345679
0.31645569620253167
0.3425925925925926
0.34328358208955223
0.2125
0.2835820895522388
0.3333333333333333
0.2898550724637681
0.27058823529411763
0.5172413793103449
0.2571428571428571
0.288135593220339
0.21212121212121213
0.2711864406779661
0.30303030303030304
0.29411764705882354
0.27419354838709675
0.38095238095238093
0.36
0.3064516129032258
0.2647058823529412
0.25
0.31343283582089554
0.26666666666666666
0.36923076923076925
0.4262295081967213
0.27692307692307694
0.38181818181818183
0.4266666666666667
0.2236842105263158
0.2987012987012987
0.42
0.3793103448275862
0.3275862068965517
0.25675675675675674
0.4
0.2826086956521739
0.3611111111111111
0.234375
0.39655172413793105
0.3382352941176471
0.2631578947368421
0.3037974683544304
0.345679012345679
0.5
0.2647058823529412
0.2857142857142857
0.3333333333333333
0.4444444444444444
0.2318840579710145
0.24390243902439024
0.23684210526315788
0.55
0.4897959183673469
0.3114754098360656
0.449438202247191
0.3
0.4457831325301205
0.40298507462686567
0.46511627906976744
0.4
0.31666666666666665
0.29850746268656714
0.46875
0.4
0.36633663366336633
0.36923076923076925
0.2903225806451613
0.3695652173913043
0.2698412698412698
0.23809523809523808
0.5254237288135594
0.6153846153846154
0.41935483870967744
0.38571428571428573
0.25925925925925924
0.3188405797101449
0.3235294117647059
0.3
0.373134328358209
0.41935483870967744
0.2676056338028169
0.35
0.32926829268292684
0.323943661971831
0.23684210526315788
0.3763440860215054
0.25
0.29577464788732394
0.273972602739726
0.5116279069767442
0.32432432432432434
0.26
0.3559322033898305
0.23684210526315788
0.2571428571428571
0.3026315789473684
0.37962962962962965
0.2891566265060241
0.32857142857142857
0.30158730158730157
0.31666666666666665
0.2638888888888889
0.296875
0.2631578947368421
0.30158730158730157
0.2857142857142857
0.3076923076923077
0.603448275862069
0.4
0.25925925925925924
0.35294117647058826
0.4
0.5569620253164557
0.44047619047619047
0.36666666666666664
0.42857142857142855
0.47368421052631576
0.2777777777777778
0.3
0.2972972972972973
0.40384615384615385
0.3148148148148148
0.3557692307692308
0.26666666666666666
0.30864197530864196
0.31666666666666665
0.23636363636363636
0.323943661971831
0.3064516129032258
0.3384615384615385
0.373134328358209
0.34375
0.275
0.32432432432432434
0.35454545454545455
0.5
0.39090909090909093
0.25333333333333335
0.3333333333333333
0.25806451612903225
0.32142857142857145
0.25675675675675674
0.41414141414141414
0.6041666666666666
0.4246575342465753
0.3150684931506849
0.2857142857142857
0.25
0.4915254237288136
0.2835820895522388
0.3157894736842105
0.3384615384615385
0.37
0.2962962962962963
0.37681159420289856
0.421875
0.4189189189189189
0.2777777777777778
0.29577464788732394
0.24
0.390625
0.36
0.3761467889908257
0.2676056338028169
0.4065934065934066
0.3488372093023256
0.24675324675324675
0.3333333333333333
0.45
0.296875
0.36507936507936506
0.2465753424657534
0.28378378378378377
0.3625
0.3508771929824561
0.2702702702702703
0.26666666666666666
0.2125
0.3854166666666667
0.2835820895522388
0.25
0.39705882352941174
0.30952380952380953
0.2923076923076923
0.3064516129032258
0.23809523809523808
0.40625
0.29310344827586204
0.2831858407079646
0.4603174603174603
0.24050632911392406
0.2647058823529412
0.27419354838709675
0.4339622641509434
0.2876712328767123
0.2608695652173913
0.31746031746031744
0.3103448275862069
0.41836734693877553
0.3142857142857143
0.30985915492957744
0.30666666666666664
0.32653061224489793
0.2112676056338028
0.2647058823529412
0.4
0.27631578947368424
0.3230769230769231
0.3582089552238806
0.5818181818181818
0.3333333333333333
0.35294117647058826
0.3194444444444444
0.2676056338028169
0.3188405797101449
0.328125
0.4457831325301205
0.32954545454545453
0.25
0.3220338983050847
0.2564102564102564
0.4025974025974026
0.2727272727272727
0.34210526315789475
0.4339622641509434
0.23728813559322035
0.2549019607843137
0.3582089552238806
0.40350877192982454
0.34
0.44680851063829785
0.34782608695652173
0.4
0.24324324324324326
0.24719101123595505
0.2638888888888889
0.48
0.2857142857142857
0.29333333333333333
0.2413793103448276
0.3076923076923077
0.2753623188405797
0.2625
0.37142857142857144
0.33783783783783783
0.4528301886792453
0.21839080459770116
0.31666666666666665
0.2857142857142857
0.30666666666666664
0.2676056338028169
0.3
0.22784810126582278
0.3037974683544304
0.4067796610169492
0.2716049382716049
0.4603174603174603
0.3253012048192771
0.26582278481012656
0.2631578947368421
0.36619718309859156
0.5869565217391305
0.2878787878787879
0.36923076923076925
0.3492063492063492
0.32142857142857145
0.24285714285714285
0.273972602739726
0.328125
0.4142857142857143
0.3561643835616438
0.26865671641791045
0.39344262295081966
0.23529411764705882
0.2857142857142857
0.28378378378378377
0.3287671232876712
0.2714285714285714
0.3
0.25806451612903225
0.2125
0.373134328358209
0.24193548387096775
0.2916666666666667
0.27450980392156865
0.41346153846153844
0.3492063492063492
0.2602739726027397
0.31666666666666665
0.27941176470588236
0.30666666666666664
0.2549019607843137
0.45161290322580644
0.42045454545454547
0.32432432432432434
0.3064516129032258
0.24615384615384617
0.3230769230769231
0.423728813559322
0.32142857142857145
0.2857142857142857
0.35135135135135137
0.3010752688172043
0.2702702702702703
0.4520547945205479
0.2948717948717949
0.30434782608695654
0.3
0.2608695652173913
0.2972972972972973
0.34782608695652173
0.28169014084507044
0.41379310344827586
0.46551724137931033
0.5272727272727272
0.38571428571428573
0.2777777777777778
0.42105263157894735
0.3968253968253968
0.2948717948717949
0.2916666666666667
0.27692307692307694
0.2638888888888889
0.379746835443038
0.26865671641791045
0.3939393939393939
0.2857142857142857
0.3
0.42528735632183906
0.29310344827586204
0.29850746268656714
0.2894736842105263
0.288135593220339
0.27906976744186046
0.24
0.39344262295081966
0.35714285714285715
0.35714285714285715
0.2535211267605634
0.3793103448275862
0.29333333333333333
0.2835820895522388
0.44776119402985076
0.31666666666666665
0.30158730158730157
0.36538461538461536
0.30158730158730157
0.3013698630136986
0.288135593220339
0.34375
0.45901639344262296
0.3235294117647059
0.2916666666666667
0.2804878048780488
0.2804878048780488
0.2988505747126437
0.36065573770491804
0.6666666666666666
0.2564102564102564
0.3592233009708738
0.323943661971831
0.2
0.43548387096774194
0.30357142857142855
0.1746031746031746
0.2073170731707317
0.28169014084507044
0.3235294117647059
0.25
0.2571428571428571
0.4
0.40425531914893614
0.3942307692307692
0.29545454545454547
0.2112676056338028
0.4838709677419355
0.28846153846153844
0.2891566265060241
0.5
0.2698412698412698
0.42857142857142855
0.4158415841584158
0.23529411764705882
0.3
0.3157894736842105
0.2535211267605634
0.26865671641791045
0.36231884057971014
0.24705882352941178
0.2676056338028169
0.421875
0.45098039215686275
0.3835616438356164
0.37681159420289856
0.29577464788732394
0.4142857142857143
0.29333333333333333
0.29577464788732394
0.25
0.2972972972972973
0.29850746268656714
0.48214285714285715
0.22784810126582278
0.323943661971831
0.5
0.3673469387755102
0.2692307692307692
0.3188405797101449
0.2823529411764706
0.2948717948717949
0.2608695652173913
0.3617021276595745
0.2878787878787879
0.296875
0.35714285714285715
0.6170212765957447
0.3116883116883117
0.3068181818181818
0.38372093023255816
0.3181818181818182
0.2894736842105263
0.31746031746031744
0.25925925925925924
0.40384615384615385
0.34328358208955223
0.31666666666666665
0.28125
0.2727272727272727
0.25757575757575757
0.5238095238095238
0.25333333333333335
0.26506024096385544
0.275
0.36764705882352944
0.23076923076923078
0.25806451612903225
0.21794871794871795
0.32142857142857145
0.29508196721311475
0.32432432432432434
0.3188405797101449
0.3442622950819672
0.25
0.30985915492957744
0.2894736842105263
0.2833333333333333
0.3382352941176471
0.2692307692307692
0.41346153846153844
0.35714285714285715
0.2537313432835821
0.3
0.27848101265822783
0.3469387755102041
0.3157894736842105
0.45454545454545453
0.25
0.29333333333333333
0.25
0.34328358208955223
0.26153846153846155
0.2727272727272727
0.42857142857142855
0.29411764705882354
0.32727272727272727
0.25675675675675674
0.25675675675675674
0.3898305084745763
0.3103448275862069
0.2923076923076923
0.3076923076923077
0.30666666666666664
0.24242424242424243
0.3037974683544304
0.3064516129032258
0.26506024096385544
0.25
0.37037037037037035
0.43548387096774194
0.3829787234042553
0.35714285714285715
0.2465753424657534
0.40789473684210525
0.38461538461538464
0.41414141414141414
0.30357142857142855
0.36065573770491804
0.25333333333333335
0.25806451612903225
0.35526315789473684
0.32142857142857145
0.42857142857142855
0.35294117647058826
0.4827586206896552
0.27692307692307694
0.32075471698113206
0.273972602739726
0.2638888888888889
0.24778761061946902
0.27848101265822783
0.3
0.2631578947368421
0.25675675675675674
0.34328358208955223
0.2777777777777778
0.265625
0.42857142857142855
0.25675675675675674
0.3473684210526316
0.2608695652173913
0.5370370370370371
0.3142857142857143
0.38235294117647056
0.22727272727272727
0.2857142857142857
0.24444444444444444
0.3761467889908257
0.2923076923076923
0.43010752688172044
0.2972972972972973
0.2571428571428571
0.2535211267605634
0.2073170731707317
0.3898305084745763
0.3880597014925373
0.3142857142857143
0.3333333333333333
0.36666666666666664
0.2839506172839506
0.3557692307692308
0.25806451612903225
0.18446601941747573
0.26582278481012656
0.2702702702702703
0.3488372093023256
0.3103448275862069
0.2876712328767123
0.42857142857142855
0.36923076923076925
0.43529411764705883
0.2727272727272727
0.3548387096774194
0.3333333333333333
0.25396825396825395
0.2857142857142857
0.2608695652173913
0.3870967741935484
0.29213483146067415
0.2571428571428571
0.3333333333333333
0.3125
0.30952380952380953
0.2361111111111111
0.46
0.2727272727272727
0.2641509433962264
0.2923076923076923
0.3157894736842105
0.27941176470588236
0.3230769230769231
0.39344262295081966
0.4111111111111111
0.39344262295081966
0.46153846153846156
0.26666666666666666
0.375
0.5
0.20930232558139536
0.25806451612903225
0.273972602739726
0.30303030303030304
0.41509433962264153
0.35384615384615387
0.47435897435897434
0.23376623376623376
0.2727272727272727
0.38613861386138615
0.23529411764705882
0.22058823529411764
0.25925925925925924
0.31343283582089554
0.3424657534246575
0.3829787234042553
0.2608695652173913
0.3978494623655914
0.28
0.30158730158730157
0.35714285714285715
0.375
0.5
0.2597402597402597
0.3064516129032258
0.27906976744186046
0.375
0.29577464788732394
0.3283582089552239
0.27941176470588236
0.3333333333333333
0.34146341463414637
0.29577464788732394
0.30985915492957744
0.296875
0.3888888888888889
0.27450980392156865
0.24050632911392406
0.2564102564102564
0.3620689655172414
0.23214285714285715
0.421875
0.62
0.2876712328767123
0.28125
0.34177215189873417
0.22727272727272727
0.2702702702702703
0.2891566265060241
0.25609756097560976
0.3050847457627119
0.3333333333333333
0.3013698630136986
0.43636363636363634
0.27419354838709675
0.3055555555555556
0.3783783783783784
0.3181818181818182
0.2857142857142857
0.43636363636363634
0.35064935064935066
0.2923076923076923
0.34328358208955223
0.4067796610169492
0.4225352112676056
0.4
0.36
0.2535211267605634
0.29577464788732394
0.2857142857142857
0.3898305084745763
0.32075471698113206
0.3181818181818182
0.52
0.41379310344827586
0.6415094339622641
0.2692307692307692
0.4305555555555556
0.375
0.3220338983050847
0.3114754098360656
0.4
0.31343283582089554
0.3384615384615385
0.2894736842105263
0.2375
0.42045454545454547
0.3883495145631068
0.3235294117647059
0.2682926829268293
0.3698630136986301
0.40816326530612246
0.38271604938271603
0.2641509433962264
0.54
0.30158730158730157
0.27692307692307694
0.4098360655737705
0.45
0.3
0.3392857142857143
0.3883495145631068
0.2549019607843137
0.29577464788732394
0.3786407766990291
0.42528735632183906
0.29333333333333333
0.3125
0.379746835443038
0.3382352941176471
0.4024390243902439
0.4117647058823529
0.24390243902439024
0.34782608695652173
0.29508196721311475
0.3188405797101449
0.36633663366336633
0.4057971014492754
0.2878787878787879
0.6545454545454545
0.36666666666666664
0.36
0.30158730158730157
0.2602739726027397
0.23636363636363636
0.35714285714285715
0.2894736842105263
0.323943661971831
0.29411764705882354
0.2112676056338028
0.453125
0.27692307692307694
0.2962962962962963
0.41836734693877553
0.30158730158730157
0.2682926829268293
0.20430107526881722
0.3333333333333333
0.2545454545454545
0.3424657534246575
0.30666666666666664
0.45555555555555555
0.21176470588235294
0.2564102564102564
0.30864197530864196
0.2602739726027397
0.4
0.3333333333333333
0.2463768115942029
0.3382352941176471
0.25
0.2926829268292683
0.21818181818181817
0.3780487804878049
0.4032258064516129
0.44
0.3064516129032258
0.2345679012345679
0.4
0.39344262295081966
0.3888888888888889
0.3333333333333333
0.32857142857142857
0.3148148148148148
0.2891566265060241
0.34285714285714286
0.3235294117647059
0.26153846153846155
0.32894736842105265
0.26666666666666666
0.2857142857142857
0.36893203883495146
0.27848101265822783
0.2631578947368421
0.24
0.2987012987012987
0.3815789473684211
0.2826086956521739
0.2840909090909091
0.22988505747126436
0.30985915492957744
0.23636363636363636
0.4142857142857143
0.2903225806451613
0.22857142857142856
0.2807017543859649
0.23853211009174313
0.2987012987012987
0.34328358208955223
0.25
0.391304347826087
0.296875
0.3684210526315789
0.2631578947368421
0.2328767123287671
0.46296296296296297
0.35064935064935066
0.26666666666666666
0.5
0.30357142857142855
0.2727272727272727
0.4583333333333333
0.6808510638297872
0.273972602739726
0.2537313432835821
0.37735849056603776
0.27692307692307694
0.28378378378378377
0.3235294117647059
0.25
0.29292929292929293
0.2619047619047619
0.31666666666666665
0.34
0.3181818181818182
0.4
0.2753623188405797
0.29411764705882354
0.31666666666666665
0.275
0.30303030303030304
0.32051282051282054
0.24615384615384617
0.21739130434782608
0.24691358024691357
0.25301204819277107
0.5211267605633803
0.29577464788732394
0.453125
0.41379310344827586
0.2835820895522388
0.40625
0.27692307692307694
0.4148936170212766
0.27692307692307694
0.358695652173913
0.5333333333333333
0.32142857142857145
0.3442622950819672
0.5925925925925926
0.35
0.27419354838709675
0.3076923076923077
0.37681159420289856
0.2916666666666667
0.3387096774193548
0.38571428571428573
0.29411764705882354
0.30864197530864196
0.2857142857142857
0.30985915492957744
0.46551724137931033
0.34328358208955223
0.2753623188405797
0.25
0.21153846153846154
0.2857142857142857
0.2878787878787879
0.3037974683544304
0.29310344827586204
0.3584905660377358
0.2857142857142857
0.21739130434782608
0.23255813953488372
0.43478260869565216
0.29411764705882354
0.24358974358974358
0.3157894736842105
0.5178571428571429
0.42105263157894735
0.2328767123287671
0.4074074074074074
0.30158730158730157
0.2361111111111111
0.22105263157894736
0.27631578947368424
0.2876712328767123
0.38181818181818183
0.2857142857142857
0.3333333333333333
0.28205128205128205
0.3770491803278688
0.2804878048780488
0.25
0.375
0.31746031746031744
0.52
0.36507936507936506
0.3253012048192771
0.2830188679245283
0.42105263157894735
0.2441860465116279
0.24691358024691357
0.24
0.43010752688172044
0.3076923076923077
0.42424242424242425
0.2878787878787879
0.2222222222222222
0.3
0.4714285714285714
0.25
0.2923076923076923
0.2891566265060241
0.34328358208955223
0.4625
0.3592233009708738
0.28205128205128205
0.39344262295081966
0.4117647058823529
0.3220338983050847
0.3055555555555556
0.2972972972972973
0.4025974025974026
0.23423423423423423
0.3150684931506849
0.25
0.3188405797101449
0.4805194805194805
0.29333333333333333
0.28205128205128205
0.31746031746031744
0.2716049382716049
0.3333333333333333
0.2894736842105263
0.2857142857142857
0.3064516129032258
0.2962962962962963
0.5074626865671642
0.30158730158730157
0.55
0.2839506172839506
0.27848101265822783
0.2911392405063291
0.30303030303030304
0.29411764705882354
0.44776119402985076
0.3170731707317073
0.3548387096774194
0.275
0.4117647058823529
0.40404040404040403
0.3220338983050847
0.24705882352941178
0.3
0.2840909090909091
0.3384615384615385
0.25675675675675674
0.275
0.2727272727272727
0.2692307692307692
0.45901639344262296
0.23684210526315788
0.2857142857142857
0.29545454545454547
0.25
0.3424657534246575
0.39285714285714285
0.34375
0.3333333333333333
0.3064516129032258
0.453125
0.423728813559322
0.35
0.3181818181818182
0.3253012048192771
0.24324324324324326
0.4025974025974026
0.23076923076923078
0.375
0.2898550724637681
0.26666666666666666
0.3103448275862069
0.40816326530612246
0.45454545454545453
0.2676056338028169
0.3645833333333333
0.44086021505376344
0.35
0.2777777777777778
0.2857142857142857
0.24
0.5666666666666667
0.3142857142857143
0.36764705882352944
0.36363636363636365
0.29069767441860467
0.25
0.3333333333333333
0.36065573770491804
0.45588235294117646
0.3013698630136986
0.425
0.375
0.3132530120481928
0.4634146341463415
0.37
0.40594059405940597
0.40350877192982454
0.31666666666666665
0.29577464788732394
0.5
0.32075471698113206
0.2708333333333333
0.30158730158730157
0.2903225806451613
0.30158730158730157
0.4777777777777778
0.25301204819277107
0.28125
0.3116883116883117
0.3142857142857143
0.4482758620689655
0.26
0.38596491228070173
0.3333333333333333
0.2714285714285714
0.25
0.2988505747126437
0.2911392405063291
0.43636363636363634
0.391304347826087
0.34545454545454546
0.3625
0.2698412698412698
0.25
0.20408163265306123
0.28
0.4367816091954023
0.34328358208955223
0.30434782608695654
0.4
0.35384615384615387
0.2777777777777778
0.35294117647058826
0.24705882352941178
0.52
0.40298507462686567
0.36
0.4
0.25
0.3020833333333333
0.3424657534246575
0.4318181818181818
0.3592233009708738
0.3333333333333333
0.5172413793103449
0.22972972972972974
0.25
0.3194444444444444
0.42028985507246375
0.3
0.35
0.25675675675675674
0.3424657534246575
0.31666666666666665
0.43617021276595747
0.23376623376623376
0.3148148148148148