0.26666666666666666
0.39622641509433965
0.26506024096385544
0.40625
0.35135135135135137
0.18292682926829268
0.4090909090909091
0.3448275862068966
0.34523809523809523
0.323943661971831
0.34285714285714286
0.36363636363636365
0.2028985507246377
0.29545454545454547
0.3157894736842105
0.3026315789473684
0.2361111111111111
0.3333333333333333
0.3670886075949367
0.30434782608695654
0.3108108108108108
0.35294117647058826
0.31666666666666665
0.2962962962962963
0.25287356321839083
0.26153846153846155
0.35384615384615387
0.3448275862068966
0.19480519480519481
0.30985915492957744
0.2727272727272727
0.2898550724637681
0.2875
0.19753086419753085
0.3157894736842105
0.35714285714285715
0.29411764705882354
0.3333333333333333
0.2972972972972973
0.30303030303030304
0.3283582089552239
0.29577464788732394
0.26666666666666666
0.2916666666666667
0.4098360655737705
0.26153846153846155
0.18181818181818182
0.25675675675675674
0.35064935064935066
0.3037974683544304
0.39655172413793105
0.3972602739726027
0.3387096774193548
0.3375
0.32098765432098764
0.23333333333333334
0.34545454545454546
0.37254901960784315
0.3333333333333333
0.4098360655737705
0.34545454545454546
0.4883720930232558
0.3333333333333333
0.358974358974359
0.27380952380952384
0.31746031746031744
0.25806451612903225
0.2840909090909091
0.37333333333333335
0.3424657534246575
0.29411764705882354
0.2028985507246377
0.21621621621621623
0.3582089552238806
0.3291139240506329
0.2328767123287671
0.38271604938271603
0.3392857142857143
0.3448275862068966
0.27692307692307694
0.33766233766233766
0.25882352941176473
0.352112676056338
0.3103448275862069
0.27906976744186046
0.2714285714285714
0.24742268041237114
0.3088235294117647
0.36764705882352944
0.3472222222222222
0.27586206896551724
0.2676056338028169
0.4074074074074074
0.35714285714285715
0.5454545454545454
0.3493975903614458
0.2976190476190476
0.5428571428571428
0.2777777777777778
0.42105263157894735
0.3013698630136986
0.32954545454545453
0.203125
0.4358974358974359
0.2857142857142857
0.3148148148148148
0.39436619718309857
0.22666666666666666
0.25925925925925924
0.26153846153846155
0.323943661971831
0.3116883116883117
0.26153846153846155
0.3472222222222222
0.27058823529411763
0.35294117647058826
0.2835820895522388
0.3492063492063492
0.3170731707317073
0.25
0.31645569620253167
0.27586206896551724
0.2727272727272727
0.38596491228070173
0.44642857142857145
0.29411764705882354
0.3448275862068966
0.7916666666666666
0.38181818181818183
0.4090909090909091
0.24285714285714285
0.30120481927710846
0.35294117647058826
0.2926829268292683
0.325
0.34210526315789475
0.4393939393939394
0.47435897435897434
0.3068181818181818
0.25
0.32894736842105265
0.26666666666666666
0.2857142857142857
0.29213483146067415
0.3611111111111111
0.36
0.3563218390804598
0.29545454545454547
0.2982456140350877
0.2976190476190476
0.39436619718309857
0.5384615384615384
0.26153846153846155
0.2535211267605634
0.4098360655737705
0.2967032967032967
0.2676056338028169
0.21428571428571427
0.2676056338028169
0.3448275862068966
0.3194444444444444
0.3333333333333333
0.3333333333333333
0.3424657534246575
0.32
0.273972602739726
0.23958333333333334
0.3333333333333333
0.2875
0.32098765432098764
0.3055555555555556
0.2857142857142857
0.34146341463414637
0.37333333333333335
0.3698630136986301
0.34328358208955223
0.2564102564102564
0.43636363636363634
0.3870967741935484
0.36923076923076925
0.28888888888888886
0.36
0.3968253968253968
0.41025641025641024
0.625
0.24615384615384617
0.2833333333333333
0.4666666666666667
0.34285714285714286
0.2765957446808511
0.4406779661016949
0.32142857142857145
0.375
0.2631578947368421
0.29411764705882354
0.34285714285714286
0.2698412698412698
0.18181818181818182
0.3108108108108108
0.4393939393939394
0.33766233766233766
0.2777777777777778
0.3424657534246575
0.19047619047619047
0.4266666666666667
0.2391304347826087
0.203125
0.39622641509433965
0.2962962962962963
0.39705882352941174
0.22807017543859648
0.3132530120481928
0.2328767123287671
0.2564102564102564
0.3333333333333333
0.3013698630136986
0.5357142857142857
0.32727272727272727
0.3150684931506849
0.3013698630136986
0.3333333333333333
0.41025641025641024
0.24210526315789474
0.28
0.2972972972972973
0.30120481927710846
0.3048780487804878
0.34146341463414637
0.32142857142857145
0.27906976744186046
0.29577464788732394
0.345679012345679
0.37735849056603776
0.18181818181818182
0.38181818181818183
0.40298507462686567
0.18604651162790697
0.2875
0.2698412698412698
0.22727272727272727
0.3246753246753247
0.22666666666666666
0.2727272727272727
0.19736842105263158
0.4
0.3333333333333333
0.27956989247311825
0.2826086956521739
0.3108108108108108
0.33707865168539325
0.34545454545454546
0.41304347826086957
0.21052631578947367
0.35
0.19101123595505617
0.4423076923076923
0.36923076923076925
0.288135593220339
0.30864197530864196
0.27906976744186046
0.26153846153846155
0.34177215189873417
0.34285714285714286
0.2875
0.3058823529411765
0.39285714285714285
0.4024390243902439
0.3142857142857143
0.3442622950819672
0.2839506172839506
0.3108108108108108
0.3170731707317073
0.27380952380952384
0.29310344827586204
0.4155844155844156
0.36046511627906974
0.21951219512195122
0.4
0.1839080459770115
0.2926829268292683
0.42857142857142855
0.4090909090909091
0.3387096774193548
0.3508771929824561
0.33783783783783783
0.34285714285714286
0.27848101265822783
0.27380952380952384
0.2976190476190476
0.35714285714285715
0.4057971014492754
0.3181818181818182
0.3125
0.35443037974683544
0.2676056338028169
0.25609756097560976
0.2753623188405797
0.23255813953488372
0.27906976744186046
0.27956989247311825
0.32051282051282054
0.3472222222222222
0.2597402597402597
0.3023255813953488
0.24175824175824176
0.35294117647058826
0.5454545454545454
0.27058823529411763
0.328125
0.35064935064935066
0.2840909090909091
0.2987012987012987
0.2638888888888889
0.2714285714285714
0.3275862068965517
0.3068181818181818
0.32051282051282054
0.26153846153846155
0.2682926829268293
0.38636363636363635
0.39215686274509803
0.19736842105263158
0.25806451612903225
0.39436619718309857
0.4067796610169492
0.1891891891891892
0.4117647058823529
0.3050847457627119
0.36764705882352944
0.32894736842105265
0.2054794520547945
0.26744186046511625
0.2972972972972973
0.40625
0.3333333333333333
0.325
0.3698630136986301
0.3684210526315789
0.1891891891891892
0.26436781609195403
0.3194444444444444
0.20833333333333334
0.36363636363636365
0.358974358974359
0.34285714285714286
0.3387096774193548
0.2857142857142857
0.3125
0.19101123595505617
0.2235294117647059
0.3448275862068966
0.3103448275862069
0.43548387096774194
0.3
0.26436781609195403
0.30864197530864196
0.265625
0.3617021276595745
0.29069767441860467
0.24731182795698925
0.2676056338028169
0.2676056338028169
0.44642857142857145
0.358974358974359
0.25301204819277107
0.35135135135135137
0.2711864406779661
0.2289156626506024
0.3246753246753247
0.2727272727272727
0.3125
0.41025641025641024
0.3176470588235294
0.30120481927710846
0.2542372881355932
0.3010752688172043
0.2463768115942029
0.3787878787878788
0.2222222222222222
0.4
0.36363636363636365
0.2948717948717949
0.4
0.32432432432432434
0.23809523809523808
0.22784810126582278
0.36231884057971014
0.2857142857142857
0.5081967213114754
0.32432432432432434
0.2682926829268293
0.26153846153846155
0.34285714285714286
0.35443037974683544
0.3815789473684211
0.42105263157894735
0.2835820895522388
0.3246753246753247
0.4262295081967213
0.35714285714285715
0.40384615384615385
0.18421052631578946
0.35
0.38461538461538464
0.3561643835616438
0.3058823529411765
0.36764705882352944
0.32894736842105265
0.25396825396825395
0.2711864406779661
0.36486486486486486
0.29411764705882354
0.4057971014492754
0.2894736842105263
0.3508771929824561
0.39344262295081966
0.1797752808988764
0.3684210526315789
0.35294117647058826
0.3013698630136986
0.44
0.21568627450980393
0.3132530120481928
0.2833333333333333
0.21839080459770116
0.3050847457627119
0.5087719298245614
0.2840909090909091
0.2236842105263158
0.24444444444444444
0.3194444444444444
0.4473684210526316
0.25274725274725274
0.4307692307692308
0.3246753246753247
0.358974358974359
0.38461538461538464
0.34375
0.4230769230769231
0.3380281690140845
0.3108108108108108
0.18604651162790697
0.32894736842105265
0.352112676056338
0.29850746268656714
0.23529411764705882
0.35
0.40384615384615385
0.5362318840579711
0.2375
0.3230769230769231
0.38028169014084506
0.2903225806451613
0.3466666666666667
0.35294117647058826
0.26153846153846155
0.3333333333333333
0.22413793103448276
0.31746031746031744
0.32142857142857145
0.3968253968253968
0.2676056338028169
0.21348314606741572
0.323943661971831
0.3235294117647059
0.3375
0.2808988764044944
0.2753623188405797
0.296875
0.2676056338028169
0.2875
0.35526315789473684
0.3132530120481928
0.36764705882352944
0.22666666666666666
0.3013698630136986
0.3125
0.4461538461538462
0.27941176470588236
0.49019607843137253
0.2125
0.4155844155844156
0.2753623188405797
0.3229166666666667
0.26153846153846155
0.2988505747126437
0.30434782608695654
0.2727272727272727
0.32142857142857145
0.36904761904761907
0.19718309859154928
0.31645569620253167
0.2676056338028169
0.3582089552238806
0.40384615384615385
0.36363636363636365
0.3380281690140845
0.29508196721311475
0.34831460674157305
0.18181818181818182
0.31343283582089554
0.2702702702702703
0.3442622950819672
0.21428571428571427
0.43859649122807015
0.44642857142857145
0.3333333333333333
0.3170731707317073
0.4393939393939394
0.2602739726027397
0.22727272727272727
0.27710843373493976
0.3
0.3076923076923077
0.39655172413793105
0.34782608695652173
0.26262626262626265
0.3387096774193548
0.29473684210526313
0.3235294117647059
0.3013698630136986
0.32432432432432434
0.3023255813953488
0.3230769230769231
0.29333333333333333
0.2318840579710145
0.2345679012345679
0.29411764705882354
0.35
0.3235294117647059
0.3150684931506849
0.3013698630136986
0.24615384615384617
0.4482758620689655
0.32967032967032966
0.27586206896551724
0.2808988764044944
0.30158730158730157
0.3493975903614458
0.3380281690140845
0.29069767441860467
0.3333333333333333
0.2857142857142857
0.4153846153846154
0.21428571428571427
0.21
0.26865671641791045
0.2708333333333333
0.34285714285714286
0.35443037974683544
0.43859649122807015
0.41935483870967744
0.3614457831325301
0.21621621621621623
0.35
0.33707865168539325
0.3548387096774194
0.22784810126582278
0.32894736842105265
0.3150684931506849
0.37142857142857144
0.2318840579710145
0.2857142857142857
0.26666666666666666
0.3055555555555556
0.2898550724637681
0.36363636363636365
0.27956989247311825
0.32894736842105265
0.3194444444444444
0.3170731707317073
0.3058823529411765
0.36
0.3614457831325301
0.36363636363636365
0.323943661971831
0.4050632911392405
0.27586206896551724
0.22388059701492538
0.22727272727272727
0.30434782608695654
0.27710843373493976
0.2676056338028169
0.3620689655172414
0.1797752808988764
0.38181818181818183
0.3448275862068966
0.38271604938271603
0.42857142857142855
0.3466666666666667
0.32
0.35714285714285715
0.37142857142857144
0.352112676056338
0.23376623376623376
0.3484848484848485
0.3194444444444444
0.3194444444444444
0.28125
0.26153846153846155
0.2647058823529412
0.32432432432432434
0.30666666666666664
0.2571428571428571
0.5066666666666667
0.3333333333333333
0.26881720430107525
0.2676056338028169
0.3333333333333333
0.42028985507246375
0.2962962962962963
0.2840909090909091
0.2537313432835821
0.33783783783783783
0.3333333333333333
0.3442622950819672
0.3235294117647059
0.3108108108108108
0.1797752808988764
0.3508771929824561
0.38461538461538464
0.2786885245901639
0.39436619718309857
0.4050632911392405
0.42105263157894735
0.3013698630136986
0.18181818181818182
0.36363636363636365
0.39655172413793105
0.24468085106382978
0.35714285714285715
0.2826086956521739
0.2826086956521739
0.34782608695652173
0.39622641509433965
0.36363636363636365
0.30303030303030304
0.4057971014492754
0.27710843373493976
0.32653061224489793
0.390625
0.35714285714285715
0.44642857142857145
0.2361111111111111
0.3048780487804878
0.22448979591836735
0.35294117647058826
0.2988505747126437
0.325
0.32098765432098764
0.3939393939393939
0.33783783783783783
0.3448275862068966
0.35526315789473684
0.42105263157894735
0.3380281690140845
0.24719101123595505
0.3484848484848485
0.375
0.36363636363636365
0.2926829268292683
0.3472222222222222
0.3048780487804878
0.4117647058823529
0.34328358208955223
0.32894736842105265
0.2875
0.3142857142857143
0.21052631578947367
0.43859649122807015
0.2459016393442623
0.29411764705882354
0.2714285714285714
0.32051282051282054
0.2876712328767123
0.35294117647058826
0.36363636363636365
0.19736842105263158
0.3055555555555556
0.49019607843137253
0.34782608695652173
0.21621621621621623
0.37142857142857144
0.2875
0.3448275862068966
0.2318840579710145
0.23595505617977527
0.273972602739726
0.27710843373493976
0.19101123595505617
0.21311475409836064
0.33707865168539325
0.3333333333333333
0.43103448275862066
0.18292682926829268
0.3684210526315789
0.27380952380952384
0.3333333333333333
0.358974358974359
0.3125
0.28888888888888886
0.2125
0.417910447761194
0.2028985507246377
0.3380281690140845
0.35384615384615387
0.29545454545454547
0.3055555555555556
0.2717391304347826
0.28378378378378377
0.3684210526315789
0.3076923076923077
0.3132530120481928
0.4090909090909091
0.345679012345679
0.352112676056338
0.35294117647058826
0.35443037974683544
0.27941176470588236
0.2976190476190476
0.26666666666666666
0.19444444444444445
0.3013698630136986
0.30120481927710846
0.32786885245901637
0.34831460674157305
0.30666666666666664
0.38636363636363635
0.2903225806451613
0.29411764705882354
0.28
0.3076923076923077
0.2826086956521739
0.37681159420289856
0.3170731707317073
0.3333333333333333
0.275
0.2028985507246377
0.22972972972972974
0.3333333333333333
0.31666666666666665
0.3728813559322034
0.2702702702702703
0.29069767441860467
0.36065573770491804
0.3380281690140845
0.2923076923076923
0.25
0.23529411764705882
0.36363636363636365
0.29069767441860467
0.3108108108108108
0.36764705882352944
0.3333333333333333
0.31645569620253167
0.3058823529411765
0.27941176470588236
0.25609756097560976
0.3958333333333333
0.2878787878787879
0.41025641025641024
0.21333333333333335
0.27941176470588236
0.36231884057971014
0.32142857142857145
0.34285714285714286
0.26
0.3026315789473684
0.3246753246753247
0.34210526315789475
0.2717391304347826
0.3333333333333333
0.3218390804597701
0.2948717948717949
0.28
0.3157894736842105
0.17777777777777778
0.29213483146067415
0.313953488372093
0.38461538461538464
0.3484848484848485
0.3220338983050847
0.38461538461538464
0.3150684931506849
0.34146341463414637
0.23958333333333334
0.27941176470588236
0.31
0.265625
0.4117647058823529
0.3382352941176471
0.36363636363636365
0.24615384615384617
0.35064935064935066
0.27472527472527475
0.30303030303030304
0.23376623376623376
0.2676056338028169
0.2714285714285714
0.4782608695652174
0.32894736842105265
0.33766233766233766
0.36363636363636365
0.3424657534246575
0.36363636363636365
0.2875
0.29411764705882354
0.27941176470588236
0.2727272727272727
0.22972972972972974
0.38235294117647056
0.2857142857142857
0.25675675675675674
0.3484848484848485
0.423728813559322
0.3968253968253968
0.3472222222222222
0.35
0.35
0.2972972972972973
0.3026315789473684
0.27058823529411763
0.203125
0.29577464788732394
0.36764705882352944
0.23529411764705882
0.2857142857142857
0.4155844155844156
0.3076923076923077
0.359375
0.39215686274509803
0.2839506172839506
0.2839506172839506
0.3333333333333333
0.39705882352941174
0.2839506172839506
0.34285714285714286
0.25
0.2375
0.27956989247311825
0.3050847457627119
0.3108108108108108
0.19696969696969696
0.3170731707317073
0.25287356321839083
0.2857142857142857
0.2875
0.2692307692307692
0.20634920634920634
0.27941176470588236
0.32978723404255317
0.27419354838709675
0.30303030303030304
0.36585365853658536
0.3116883116883117
0.3108108108108108
0.3548387096774194
0.3380281690140845
0.36231884057971014
0.375
0.359375
0.2835820895522388
0.3582089552238806
0.35135135135135137
0.6301369863013698
0.42
0.4533333333333333
0.34285714285714286
0.37349397590361444
0.2692307692307692
0.42592592592592593
0.2727272727272727
0.3582089552238806
0.2727272727272727
0.30952380952380953
0.3150684931506849
0.32894736842105265
0.3287671232876712
0.2033898305084746
0.37333333333333335
0.3013698630136986
0.23711340206185566
0.29333333333333333
0.32894736842105265
0.39344262295081966
0.28735632183908044
0.2857142857142857
0.28
0.3625
0.27956989247311825
0.2878787878787879
0.28169014084507044
0.28378378378378377
0.3620689655172414
0.41379310344827586
0.2786885245901639
0.36764705882352944
0.23333333333333334
0.4057971014492754
0.33783783783783783
0.4
0.4057971014492754
0.37142857142857144
0.26666666666666666
0.3235294117647059
0.3287671232876712
0.3181818181818182
0.3924050632911392
0.36231884057971014
0.3013698630136986
0.2987012987012987
0.21621621621621623
0.2839506172839506
0.27419354838709675
0.26229508196721313
0.2676056338028169
0.35443037974683544
0.3157894736842105
0.2682926829268293
0.3333333333333333
0.39436619718309857
0.2602739726027397
0.32894736842105265
0.390625
0.35384615384615387
0.27941176470588236
0.2926829268292683
0.2537313432835821
0.18823529411764706
0.23863636363636365
0.3939393939393939
0.28378378378378377
0.4057971014492754
0.3611111111111111
0.36065573770491804
0.3125
0.4393939393939394
0.17886178861788618
0.3108108108108108
0.32142857142857145
0.35714285714285715
0.2077922077922078
0.373134328358209
0.38461538461538464
0.3380281690140845
0.3333333333333333
0.32926829268292684
0.37681159420289856
0.37681159420289856
0.373134328358209
0.34210526315789475
0.40540540540540543
0.21153846153846154
0.3125
0.3225806451612903
0.3333333333333333
0.3442622950819672
0.32894736842105265
0.4155844155844156
0.3068181818181818
0.34328358208955223
0.3114754098360656
0.4155844155844156
0.2987012987012987
0.3333333333333333
0.3728813559322034
0.32
0.3333333333333333
0.1956521739130435
0.34782608695652173
0.2222222222222222
0.3142857142857143
0.2647058823529412
0.2602739726027397
0.26153846153846155
0.2926829268292683
0.2875
0.27586206896551724
0.24675324675324675
0.26506024096385544
0.35443037974683544
0.29411764705882354
0.3157894736842105
0.3026315789473684
0.32051282051282054
0.29850746268656714
0.3333333333333333
0.375
0.45
0.2987012987012987
0.42857142857142855
0.35135135135135137
0.39705882352941174
0.21428571428571427
0.30120481927710846
0.30303030303030304
0.26153846153846155
0.36923076923076925
0.3333333333333333
0.2807017543859649
0.4461538461538462
0.2328767123287671
0.33766233766233766
0.3559322033898305
0.30985915492957744
0.3493975903614458
0.2875
0.34375
0.18888888888888888
0.36764705882352944
0.46153846153846156
0.2535211267605634
0.29069767441860467
0.3188405797101449
0.3611111111111111
0.3026315789473684
0.2054794520547945
0.3
0.26136363636363635
0.32051282051282054
0.3142857142857143
0.3333333333333333
0.36
0.3055555555555556
0.36764705882352944
0.3050847457627119
0.25
0.3448275862068966
0.35365853658536583
0.3898305084745763
0.27380952380952384
0.25396825396825395
0.2891566265060241
0.3076923076923077
0.36363636363636365
0.3103448275862069
0.3787878787878788
0.3269230769230769
0.3684210526315789
0.328125
0.28735632183908044
0.21518987341772153
0.39622641509433965
0.2826086956521739
0.4307692307692308
0.5185185185185185
0.3472222222222222
0.3125
0.375
0.2463768115942029
0.2711864406779661
0.40350877192982454
0.3108108108108108
0.43103448275862066
0.3493975903614458
0.27380952380952384
0.2916666666666667
0.2839506172839506
0.25842696629213485
0.22972972972972974
0.3108108108108108
0.25
0.3010752688172043
0.27419354838709675
0.27692307692307694
0.35294117647058826
0.21428571428571427
0.2564102564102564
0.3333333333333333
0.30303030303030304
0.2125
0.3380281690140845
0.35714285714285715
0.27941176470588236
0.35294117647058826
0.20588235294117646
0.3194444444444444
0.36363636363636365
0.25
0.39473684210526316
0.3448275862068966
0.3582089552238806
0.35064935064935066
0.26153846153846155
0.22535211267605634
0.3387096774193548
0.24390243902439024
0.2987012987012987
0.29545454545454547
0.2875
0.3132530120481928
0.2857142857142857
0.35294117647058826
0.40384615384615385
0.313953488372093
0.313953488372093
0.2676056338028169
0.18478260869565216
0.32727272727272727
0.2361111111111111
0.23595505617977527
0.33783783783783783
0.3108108108108108
0.1891891891891892
0.3013698630136986
0.19
0.2826086956521739
0.32051282051282054
0.2676056338028169
0.38461538461538464
0.41379310344827586
0.20833333333333334
0.3333333333333333
0.3076923076923077
0.3918918918918919
0.33707865168539325
0.3787878787878788
0.35294117647058826
0.33707865168539325
0.45569620253164556
0.36231884057971014
0.32894736842105265
0.3176470588235294
0.46551724137931033
0.2911392405063291
0.38461538461538464
0.3170731707317073
0.2826086956521739
0.3559322033898305
0.35135135135135137
0.33766233766233766
0.24444444444444444
0.39705882352941174
0.4647887323943662
0.34146341463414637
0.39655172413793105
0.24615384615384617
0.24358974358974358
0.18181818181818182
0.32051282051282054
0.4745762711864407
0.21428571428571427
0.358974358974359
0.46551724137931033
0.3333333333333333
0.4230769230769231
0.2692307692307692
0.34615384615384615
0.3333333333333333
0.30666666666666664
0.29411764705882354
0.2972972972972973
0.27906976744186046
0.34328358208955223
0.352112676056338
0.18181818181818182
0.352112676056338
0.36470588235294116
0.21428571428571427
0.1797752808988764
0.34545454545454546
0.3235294117647059
0.3472222222222222
0.2564102564102564
0.30158730158730157
0.33783783783783783
0.3235294117647059
0.2
0.2054794520547945
0.2976190476190476
0.21739130434782608
0.30985915492957744
0.3064516129032258
0.2878787878787879
0.29069767441860467
0.3472222222222222
0.25396825396825395
0.2153846153846154
0.35714285714285715
0.2727272727272727
0.34782608695652173
0.27906976744186046
0.2857142857142857
0.36363636363636365
0.34328358208955223
0.2602739726027397
0.19480519480519481
0.19696969696969696
0.6491228070175439
0.39622641509433965
0.3064516129032258
0.34375
0.3114754098360656
0.27906976744186046
0.3188405797101449
0.4307692307692308
0.27419354838709675
0.33766233766233766
0.1875
0.34210526315789475
0.42857142857142855
0.29545454545454547
0.3684210526315789
0.41025641025641024
0.3375
0.25
0.32894736842105265
0.37209302325581395
0.3793103448275862
0.34146341463414637
0.39622641509433965
0.509090909090909
0.38181818181818183
0.30666666666666664
0.3058823529411765
0.2835820895522388
0.3333333333333333
0.3194444444444444
0.3108108108108108
0.24691358024691357
0.34210526315789475
0.3409090909090909
0.2894736842105263
0.38095238095238093
0.3673469387755102
0.3333333333333333
0.3013698630136986
0.2571428571428571
0.30952380952380953
0.3076923076923077
0.25
0.22727272727272727
0.26744186046511625
0.24731182795698925
0.2028985507246377
0.3698630136986301
0.35294117647058826
0.27941176470588236
0.39622641509433965
0.3611111111111111
0.2926829268292683
0.2839506172839506
0.3380281690140845
0.21428571428571427
0.2875
0.2891566265060241
0.22033898305084745
0.18681318681318682
0.352112676056338
0.38461538461538464
0.358974358974359
0.3235294117647059
0.40384615384615385
0.3974358974358974
0.4264705882352941
0.3055555555555556
0.3076923076923077
0.2682926829268293
0.35384615384615387
0.32967032967032966
0.40384615384615385
0.39622641509433965
0.3013698630136986
0.28378378378378377
0.30864197530864196
0.3111111111111111
0.375
0.49019607843137253
0.3333333333333333
0.3387096774193548
0.32051282051282054
0.2808988764044944
0.2542372881355932
0.2702702702702703
0.3023255813953488
0.3582089552238806
0.35
0.3013698630136986
0.3246753246753247
0.3333333333333333
0.39759036144578314
0.3333333333333333
0.2682926829268293
0.3088235294117647
0.3194444444444444
0.265625
0.4318181818181818
0.2676056338028169
0.22033898305084745
0.5540540540540541
0.22033898305084745
0.328125
0.33707865168539325
0.26865671641791045
0.36363636363636365
0.33783783783783783
0.3108108108108108
0.27058823529411763
0.3176470588235294
0.275
0.3013698630136986
0.3048780487804878
0.35135135135135137
0.36065573770491804
0.1917808219178082
0.19540229885057472
0.30985915492957744
0.36231884057971014
0.3181818181818182
0.3424657534246575
0.36231884057971014
0.22033898305084745
0.2898550724637681
0.24
0.296875
0.2727272727272727
0.31645569620253167
0.33707865168539325
0.49019607843137253
0.3492063492063492
0.2682926829268293
0.2857142857142857
0.3333333333333333
0.1958762886597938
0.2696629213483146
0.28888888888888886
0.30303030303030304
0.273972602739726
0.20454545454545456
0.24324324324324326
0.3522727272727273
0.22972972972972974
0.29069767441860467
0.24210526315789474
0.28
0.2125
0.34285714285714286
0.3448275862068966
0.29545454545454547
0.29545454545454547
0.34210526315789475
0.27941176470588236
0.38461538461538464
0.3709677419354839
0.2125
0.3076923076923077
0.35064935064935066
0.2804878048780488
0.26153846153846155
0.34285714285714286
0.5362318840579711
0.34782608695652173
0.40384615384615385
0.3246753246753247
0.35443037974683544
0.2
0.2714285714285714
0.2872340425531915
0.30666666666666664
0.27631578947368424
0.26153846153846155
0.3108108108108108
0.3150684931506849
0.23880597014925373
0.2112676056338028
0.26744186046511625
0.27906976744186046
0.21518987341772153
0.31343283582089554
0.3333333333333333
0.2714285714285714
0.24528301886792453
0.39705882352941174
0.32142857142857145
0.18181818181818182
0.29411764705882354
0.4117647058823529
0.43243243243243246
0.35
0.32894736842105265
0.36363636363636365
0.27941176470588236
0.3055555555555556
0.25333333333333335
0.35294117647058826
0.30952380952380953
0.22535211267605634
0.4576271186440678
0.24210526315789474
0.34782608695652173
0.2602739726027397
0.34615384615384615
0.5081967213114754
0.25675675675675674
0.2676056338028169
0.27419354838709675
0.36764705882352944
0.26153846153846155
0.3225806451612903
0.23376623376623376
0.36363636363636365
0.17777777777777778
0.34408602150537637
0.24468085106382978
0.36923076923076925
0.2891566265060241
0.32967032967032966
0.3283582089552239
0.3488372093023256
0.22972972972972974
0.32926829268292684
0.2962962962962963
0.4050632911392405
0.2808988764044944
0.2028985507246377
0.3424657534246575
0.29069767441860467
0.3013698630136986
0.37349397590361444
0.21621621621621623
0.3037974683544304
0.2972972972972973
0.26506024096385544
0.2804878048780488
0.3472222222222222
0.3157894736842105
0.36363636363636365
0.4
0.2987012987012987
0.3108108108108108
0.2
0.33962264150943394
0.35135135135135137
0.3448275862068966
0.24691358024691357
0.3333333333333333
0.3058823529411765
0.3424657534246575
0.2077922077922078
0.2111111111111111
0.21782178217821782
0.22535211267605634
0.2676056338028169
0.3548387096774194
0.2028985507246377
0.2972972972972973
0.345679012345679
0.30985915492957744
0.2028985507246377
0.40476190476190477
0.2923076923076923
0.3108108108108108
0.323943661971831
0.3076923076923077
0.2698412698412698
0.373134328358209
0.3582089552238806
0.46153846153846156
0.36764705882352944
0.2289156626506024
0.36666666666666664
0.32142857142857145
0.3698630136986301
0.4393939393939394
0.35443037974683544
0.3333333333333333
0.40350877192982454
0.30952380952380953
0.2891566265060241
0.3333333333333333
0.3563218390804598
0.24468085106382978
0.31313131313131315
0.3582089552238806
0.36363636363636365
0.23529411764705882
0.24615384615384617
0.32142857142857145
0.3384615384615385
0.35294117647058826
0.4126984126984127
0.25
0.25
0.30120481927710846
0.3375
0.21794871794871795
0.3194444444444444
0.36231884057971014
0.2962962962962963
0.265625
0.32
0.30864197530864196
0.3411764705882353
0.32894736842105265
0.39759036144578314
0.27710843373493976
0.509090909090909
0.27941176470588236
0.22413793103448276
0.2857142857142857
0.1797752808988764
0.25301204819277107
0.39705882352941174
0.3684210526315789
0.4166666666666667
0.27941176470588236
0.3220338983050847
0.3522727272727273
0.1839080459770115
0.3442622950819672
0.3584905660377358
0.3
0.46
0.4107142857142857
0.38181818181818183
0.2976190476190476
0.3333333333333333
0.33707865168539325
0.2839506172839506
0.3380281690140845
0.2736842105263158
0.3380281690140845
0.28888888888888886
0.32894736842105265
0.6607142857142857
0.3424657534246575
0.3076923076923077
0.2727272727272727
0.38181818181818183
0.21333333333333335
0.25675675675675674
0.23684210526315788
0.36507936507936506
0.30434782608695654
0.2857142857142857
0.27956989247311825
0.22580645161290322
0.2857142857142857
0.33783783783783783
0.18518518518518517
0.2702702702702703
0.17777777777777778
0.30666666666666664
0.1891891891891892
0.3055555555555556
0.3125
0.36764705882352944
0.3880597014925373
0.2727272727272727
0.3132530120481928
0.30864197530864196
0.23529411764705882
0.4155844155844156
0.3392857142857143
0.29411764705882354
0.3076923076923077
0.3246753246753247
0.41025641025641024
0.27906976744186046
0.36764705882352944
0.32894736842105265
0.32857142857142857
0.33766233766233766
0.3448275862068966
0.21621621621621623
0.3037974683544304
0.358974358974359
0.25675675675675674
0.3291139240506329
0.34782608695652173
0.28378378378378377
0.3
0.18421052631578946
0.43103448275862066
0.1827956989247312
0.34782608695652173
0.26229508196721313
0.3225806451612903
0.3142857142857143
0.27906976744186046
0.3548387096774194
0.18604651162790697
0.3283582089552239
0.3157894736842105
0.3188405797101449
0.2318840579710145
0.2835820895522388
0.26666666666666666
0.33783783783783783
0.2972972972972973
0.3448275862068966
0.3108108108108108
0.3013698630136986
0.2692307692307692
0.26595744680851063
0.328125
0.38461538461538464
0.39622641509433965
0.29411764705882354
0.3
0.3409090909090909
0.3157894736842105
0.35294117647058826
0.27380952380952384
0.23076923076923078
0.3188405797101449
0.4050632911392405
0.3611111111111111
0.3013698630136986
0.40384615384615385
0.24358974358974358
0.3492063492063492
0.3698630136986301
0.22727272727272727
0.3380281690140845
0.38095238095238093
0.2
0.22077922077922077
0.36486486486486486
0.2537313432835821
0.32051282051282054
0.3194444444444444
0.4032258064516129
0.35443037974683544
0.3793103448275862
0.3026315789473684
0.3698630136986301
0.1839080459770115
0.3194444444444444
0.30303030303030304
0.3170731707317073
0.3088235294117647
0.47368421052631576
0.25925925925925924
0.3283582089552239
0.27906976744186046
0.4727272727272727
0.3048780487804878
0.3037974683544304
0.3132530120481928
0.390625
0.3548387096774194
0.26153846153846155
0.2236842105263158
0.18181818181818182
0.373134328358209
0.36231884057971014
0.3142857142857143
0.45348837209302323
0.24705882352941178
0.26153846153846155
0.2054794520547945
0.2875
0.33783783783783783
0.2465753424657534
0.27058823529411763
0.3448275862068966
0.3283582089552239
0.2988505747126437
0.3181818181818182
0.27058823529411763
0.36363636363636365
0.40384615384615385
0.26582278481012656
0.2
0.3392857142857143
0.3142857142857143
0.30434782608695654
0.2535211267605634
0.2558139534883721
0.2840909090909091
0.3488372093023256
0.3392857142857143
0.3114754098360656
0.3673469387755102
0.26506024096385544
0.3380281690140845
0.34285714285714286
0.38333333333333336
0.35443037974683544
0.25925925925925924
0.3484848484848485
0.375
0.3176470588235294
0.3055555555555556
0.25675675675675674
0.27058823529411763
0.34782608695652173
0.2926829268292683
0.390625
0.3235294117647059
0.21428571428571427
0.4126984126984127
0.2857142857142857
0.27692307692307694
0.26506024096385544
0.44155844155844154
0.3013698630136986
0.36
0.3787878787878788
0.31343283582089554
0.3333333333333333
0.3787878787878788
0.2926829268292683
0.3424657534246575
0.3333333333333333
0.2835820895522388
0.27941176470588236
0.2903225806451613
0.3548387096774194
0.3333333333333333
0.36363636363636365
0.4057971014492754
0.3246753246753247
0.3108108108108108
0.3373493975903614
0.37349397590361444
0.31746031746031744
0.3291139240506329
0.17582417582417584
0.25609756097560976
0.2753623188405797
0.36764705882352944
0.2976190476190476
0.25
0.27058823529411763
0.2962962962962963
0.34146341463414637
0.32894736842105265
0.3333333333333333
0.36363636363636365
0.3253012048192771
0.21212121212121213
0.31645569620253167
0.328125
0.3076923076923077
0.352112676056338
0.19753086419753085
0.25
0.3582089552238806
0.367816091954023
0.2077922077922078
0.26153846153846155
0.3132530120481928
0.288135593220339
0.3125
0.3253012048192771
0.47540983606557374
0.3684210526315789
0.3673469387755102
0.3522727272727273
0.19736842105263158
0.2988505747126437
0.25842696629213485
0.373134328358209
0.3076923076923077
0.18181818181818182
0.36065573770491804
0.35294117647058826
0.34375
0.3088235294117647
0.2638888888888889
0.22727272727272727
0.3488372093023256
0.29333333333333333
0.18666666666666668
0.36046511627906974
0.36363636363636365
0.26153846153846155
0.4155844155844156
0.20512820512820512
0.20930232558139536
0.2028985507246377
0.34782608695652173
0.2857142857142857
0.2328767123287671
0.2441860465116279
0.34210526315789475
0.21951219512195122
0.3582089552238806
0.4461538461538462
0.24615384615384617
0.36363636363636365
0.3582089552238806
0.32894736842105265
0.3333333333333333
0.24175824175824176
0.37142857142857144
0.352112676056338
0.2857142857142857
0.35
0.33707865168539325
0.18823529411764706
0.42857142857142855
0.28888888888888886
0.2972972972972973
0.35714285714285715
0.21621621621621623
0.46
0.21794871794871795
0.39622641509433965
0.2926829268292683
0.3380281690140845
0.1927710843373494
0.25806451612903225
0.36923076923076925
0.46153846153846156
0.2786885245901639
0.28378378378378377
0.29508196721311475
0.3194444444444444
0.3058823529411765
0.2028985507246377
0.20689655172413793
0.4057971014492754
0.35
0.3333333333333333
0.3582089552238806
0.28888888888888886
0.27472527472527475
0.3181818181818182
0.36764705882352944
0.38095238095238093
0.29213483146067415
0.2891566265060241
0.3548387096774194
0.23958333333333334
0.26881720430107525
0.32
0.275
0.22033898305084745
0.34146341463414637
0.41818181818181815
0.32894736842105265
0.3026315789473684
0.3448275862068966
0.32051282051282054
0.3424657534246575
0.3037974683544304
0.36486486486486486
0.24285714285714285
0.42
0.33707865168539325
0.4090909090909091
0.3389830508474576
0.2
0.375
0.25757575757575757
0.26229508196721313
0.2987012987012987
0.25301204819277107
0.3132530120481928
0.345679012345679
0.1927710843373494
0.4050632911392405
0.26865671641791045
0.36923076923076925
0.3333333333333333
0.32
0.2988505747126437
0.4461538461538462
0.19540229885057472
0.3380281690140845
0.23943661971830985
0.3103448275862069
0.42857142857142855
0.3170731707317073
0.3275862068965517
0.30612244897959184
0.21428571428571427
0.3673469387755102
0.3048780487804878
0.37777777777777777
0.27941176470588236
0.3230769230769231
0.345679012345679
0.4
0.26881720430107525
0.3125
0.275
0.35185185185185186
0.32432432432432434
0.3108108108108108
0.3333333333333333
0.32941176470588235
0.19480519480519481
0.38333333333333336
0.36
0.35714285714285715
0.25
0.29545454545454547
0.3448275862068966
0.26153846153846155
0.34285714285714286
0.3132530120481928
0.39705882352941174
0.4489795918367347
0.3888888888888889
0.26153846153846155
0.41025641025641024
0.18181818181818182
0.2647058823529412
0.27710843373493976
0.35714285714285715
0.3287671232876712
0.3484848484848485
0.3384615384615385
0.46153846153846156
0.2736842105263158
0.35
0.33783783783783783
0.24324324324324326
0.3409090909090909
0.22535211267605634
0.2028985507246377
0.5
0.28735632183908044
0.38461538461538464
0.35294117647058826
0.3114754098360656
0.2604166666666667
0.3522727272727273
0.2898550724637681
0.3125
0.3230769230769231
0.3333333333333333
0.21621621621621623
0.4050632911392405
0.2823529411764706
0.4426229508196721
0.36486486486486486
0.3698630136986301
0.27941176470588236
0.32051282051282054
0.21428571428571427
0.3157894736842105
0.24675324675324675
0.36046511627906974
0.36585365853658536
0.36764705882352944
0.3472222222222222
0.3384615384615385
0.43103448275862066
0.27710843373493976
0.3484848484848485
0.36231884057971014
0.28
0.18421052631578946
0.358974358974359
0.26153846153846155
0.2692307692307692
0.30158730158730157
0.3055555555555556
0.30434782608695654
0.34782608695652173
0.1797752808988764
0.27941176470588236
0.30864197530864196
0.29850746268656714
0.32786885245901637
0.3972602739726027
0.2835820895522388
0.2923076923076923
0.41025641025641024
0.3023255813953488
0.4583333333333333
0.3050847457627119
0.36065573770491804
0.30985915492957744
0.31343283582089554
0.2125
0.2923076923076923
0.2753623188405797
0.26666666666666666
0.3717948717948718
0.36231884057971014
0.30864197530864196
0.3050847457627119
0.2028985507246377
0.4864864864864865
0.2898550724637681
0.3058823529411765
0.32098765432098764
0.2692307692307692
0.36507936507936506
0.32142857142857145
0.3582089552238806
0.32954545454545453
0.4057971014492754
0.26506024096385544
0.3142857142857143
0.509090909090909
0.38372093023255816
0.29411764705882354
0.4307692307692308
0.39285714285714285
0.36666666666666664
0.24285714285714285
0.3625
0.3283582089552239
0.3108108108108108
0.4117647058823529
0.3333333333333333
0.3902439024390244
0.3055555555555556
0.33962264150943394
0.3058823529411765
0.2808988764044944
0.26582278481012656
0.2875
0.20238095238095238
0.3275862068965517
0.4482758620689655
0.27586206896551724
0.28735632183908044
0.36923076923076925
0.3442622950819672
0.2875
0.35443037974683544
0.2988505747126437
0.36619718309859156
0.30120481927710846
0.3333333333333333
0.36
0.39759036144578314
0.20588235294117646
0.3582089552238806
0.2903225806451613
0.35443037974683544
0.2840909090909091
0.2698412698412698
0.39655172413793105
0.24390243902439024
0.2
0.27058823529411763
0.27058823529411763
0.38461538461538464
0.5660377358490566
0.3384615384615385
0.2823529411764706
0.3246753246753247
0.30864197530864196
0.3023255813953488
0.21739130434782608
0.3013698630136986
0.38181818181818183
0.37662337662337664
0.3333333333333333
0.3333333333333333
0.352112676056338
0.27906976744186046
0.2911392405063291
0.34782608695652173
0.3870967741935484
0.21649484536082475
0.30985915492957744
0.20224719101123595
0.45901639344262296
0.3493975903614458
0.3620689655172414
0.2222222222222222
0.34615384615384615
0.3620689655172414
0.2
0.39436619718309857
0.39622641509433965
0.2833333333333333
0.2876712328767123
0.34285714285714286
0.3013698630136986
0.39622641509433965
0.5342465753424658
0.31746031746031744
0.2727272727272727
0.4
0.3373493975903614
0.27906976744186046
0.42857142857142855
0.19718309859154928
0.3157894736842105
0.4155844155844156
0.2916666666666667
0.3333333333333333
0.3380281690140845
0.35526315789473684
0.19718309859154928
0.3058823529411765
0.358974358974359
0.3472222222222222
0.4339622641509434
0.26229508196721313
0.36764705882352944
0.4050632911392405
0.2638888888888889
0.22826086956521738
0.4
0.2857142857142857
0.3142857142857143
0.32857142857142857
0.26136363636363635
0.43859649122807015
0.29850746268656714
0.352112676056338
0.4262295081967213
0.358974358974359
0.23880597014925373
0.2647058823529412
0.3125
0.4157303370786517
0.39759036144578314
0.34615384615384615
0.2727272727272727
0.36231884057971014
0.35
0.2962962962962963
0.26153846153846155
0.34782608695652173
0.22784810126582278
0.3132530120481928
0.3584905660377358
0.3333333333333333
0.359375
0.21794871794871795
0.28735632183908044
0.42105263157894735
0.2676056338028169
0.27692307692307694
0.3392857142857143
0.38095238095238093
0.43859649122807015
0.3150684931506849
0.3466666666666667
0.4393939393939394
0.30434782608695654
0.41025641025641024
0.39344262295081966
0.36507936507936506
0.2676056338028169
0.3108108108108108
0.38461538461538464
0.3157894736842105
0.3424657534246575
0.25
0.28735632183908044
0.34328358208955223
0.38095238095238093