-0.3080659036691468
-0.3321045386016816
-0.3531062338959072
-0.3791958132313092
-0.37120620188485726
-0.19660826684731636
-0.6616042537589235
-0.3374532852422933
-0.3126021702980901
-0.6438304909570244
-0.6707817633869126
-0.4963047640538811
-0.21338098190615876
-0.5043079014758385
-0.18277714219645227
-0.23677193023171839
-0.27859686310170584
-0.30098536269738047
-0.30770205878242224
-0.17763261654480011
-0.38254181272243226
-0.24126269690436242
-0.28482448048842735
-0.3997128451179925
-0.30239078859540297
-0.34990265069951504
-0.4794618047890157
-0.3603223894349935
-0.3193313409899791
-0.2398469028501028
-0.3578266314538874
-0.18936095831486544
-0.3505595509407533
-0.2726856141052886
-0.3107910512592028
-0.6592190080661869
-0.22346160510571592
-0.2474796046508903
-0.3015152221956864
-0.7209570261751651
-0.37593557529907035
-0.28090177704896485
-0.2990967756815858
-0.4087476355684656
-0.24669966462093726
-0.37536954769434466
-0.4023416311339179
-0.30277136105205876
-0.25217125592967415
-0.34874435059240005
-0.4470842253130681
-0.508195406176533
-0.2538874057278713
-0.2059220059659133
-0.16128505447083274
-0.408636203553606
-0.5236995413127317
-0.42697442963289167
-0.3662117965878825
-0.26194247159631606
-0.41525349496805486
-0.33927476801672185
-0.3721715486535487
-0.3723025558308657
-0.5323147840039643
-0.2856791659439026
-0.2804359370678061
-0.4182846345361191
-0.41392952557563656
-0.2317993065742408
-0.4298010607115949
-0.25904780068253774
-0.32151545435421247
-0.4142444445672077
-0.583152362878576
-0.31456526037252514
-0.36589667056148895
-0.3710617244805431
-0.70520371346323
-0.37192043702513244
-0.29313257966863937
-0.47644169106011497
-0.5140184377603967
-0.4862896738787431
-0.3225844749534417
-0.30951919001081657
-0.2832395406745048
-0.26960894505208854
-0.4081691240165856
-0.3354826054519785
-0.3420542165639138
-0.4230479100531694
-0.36312699655125424
-0.36271077061995854
-0.36399980153942524
-0.49943124299946423
-0.22881342488151393
-0.4077124236698976
-0.3315394639669946
-0.2515740156245039
-0.4028658988545918
-0.48180247752597155
-0.3362068242189252
-0.3709353590466101
-0.27319596803098517
-0.4519748129752565
-0.4083077025294551
-0.515056739166799
-0.2766241441643824
-0.41380302853292245
-0.23940597087670615
-0.5097112829853022
-0.21623391328878758
-0.5214288975112005
-0.31277386500311194
-0.5398436389514242
-0.2757902427961071
-0.3919940840747057
-0.2781262293044018
-0.3959497912104798
-0.20869195202186672
-0.7018447424066142
-0.4040118474709932
-0.3653326310363871
-0.29712231341549716
-0.3599603387052789
-0.2868634594816095
-0.3779971897905424
-0.2566083249462291
-0.1688032580628591
-0.40032534667987374
-0.3467358870858327
-0.3562936209394399
-0.18318065921715063
-0.5745994760750882
-0.2651307417340573
-0.29590821106089105
-0.5488607174670403
-0.22851026710248945
-0.43140875656060007
-0.3026122116381883
-0.6086110386956985
-0.6536362386126712
-0.21638444282576702
-0.42697550843415966
-0.30701514444932815
-0.36963521997063237
-0.3679637385661313
-0.39555645043790894
-0.5051090220648663
-0.3708487397535223
-0.42558625185404936
-0.18803347481923058
-0.45152391601603187
-0.9846209270687215
-0.3533287741982537
-0.4615714147587621
-0.4166216201863586
-0.3499200968284261
-0.2174159439898396
-0.2932433368003424
-0.3433731690818975
-0.6680183074800778
-0.2197211069837006
-0.3852525206175188
-0.35386288202570765
-0.32027731068894033
-0.2580844092595371
-0.31909501906759324
-0.46153246440661616
-0.18197699213206311
-0.3430366943245027
-0.33060761322163235
-0.4900104265849879
-0.4032398655213621
-0.2747904214587484
-0.3329222797534936
-0.35864588380499074
-0.48761193256768015
-0.37503834135261116
-0.38812649848083086
-0.7632667538661821
-0.47125719198515437
-0.3618230797261691
-0.3647448743948047
-0.29705100718365013
-0.3300228795095781
-0.41613259753160886
-0.38088024035762763
-0.3975925786281349
-0.23947817066691737
-0.5025584415378682
-0.34188265754218505
-0.4695484692557676
-0.5392365643071401
-0.30803416875359296
-0.33856832047202307
-0.6171044387551097
-0.34488406538668315
-0.3142683542562869
-0.35023569689577844
-0.3996461827053086
-0.3700764943524305
-0.30044560580105545
-0.2997827536631921
-0.2679497971696445
-0.27528164877260414
-0.606109666484939
-0.41152445352692724
-0.1736186101570638
-0.3295659577956411
-0.2698537815887534
-0.4008683222118168
-0.32185348444721584
-0.36950808579499994
-0.4414128552973157
-0.5859150553744946
-0.24632510473022123
-0.45338970062419454
-0.32255166490921466
-0.3220448188965469
-0.2901393634961176
-0.263531009992257
-0.3699117155999777
-0.24959321075435936
-0.4750043018168595
-0.2953729615144951
-0.27675522393846913
-0.458347230054069
-0.5359668402796258
-0.29760761819493337
-0.363128009183213
-0.24522045294090508
-0.9405490991064819
-0.18891236627164446
-0.2729517737653115
-0.7079648123290165
-0.40019795280232984
-0.30348910185514255
-0.4801370125767678
-0.5477900039784044
-0.2528480817695197
-0.315281524939188
-0.391836871378103
-0.2047509828262264
-0.45329403454027334
-0.5001485637656937
-0.30001812672458283
-0.32736636372636185
-0.4919529533818824
-0.5172987913613042
-0.4773514329726379
-0.29889542619218024
-0.3480956929802812
-0.360497047784054
-0.2879558932451661
-0.3896202198365837
-0.3776337433594832
-0.4156874737850046
-0.48699383129345847
-0.3263039408995808
-0.29932651112982284
-0.4600489621889835
-0.5022803388291363
-0.36304874605079396
-0.2634832212908933
-0.3868266151099853
-0.4826739207425976
-0.2563478656941446
-0.2418818083046783
-0.3074106902223962
-0.27052744228187053
-0.4611110291778301
-0.3171453401228295
-0.2409580841814155
-0.5035983083453667
-0.33106190446354045
-0.32745142400917904
-0.3237850648054653
-0.34306484867393544
-0.45207275933308577
-0.48820260243519137
-0.3395876029637936
-0.35391519266577887
-0.3016960538147872
-0.3801446109366728
-0.300194440299918
-0.2718859605149
-0.29828851374109006
-0.2889713524877308
-0.3714671526047389
-0.36515252914012997
-0.3209956004958147
-0.3079561197486842
-0.24813407781707367
-0.34043119829220725
-0.28218390958935613
-0.2774639722581256
-0.27978510039790905
-0.4063886616654077
-0.44528541226463775
-0.48129182811054816
-0.2803260926979315
-0.23091030754694458
-0.32240437453654425
-0.35176076248520843
-0.5744949488902366
-0.594330402977693
-0.30672776759143766
-0.5355570061010168
-0.32441296148346666
-0.45821017528082003
-0.22812053008260963
-0.4439852747589955
-0.25277766868502405
-0.3161035510979862
-0.36702850891079253
-0.23759349976629243
-0.2755692861969926
-0.23740047630977892