247.25
337.22800000000024
236.3
309.73400000000004
356.3590000000001
233.31099999999995
358.4630000000001
492.4090000000002
445.93200000000024
399.30200000000013
498.6490000000003
254.67299999999997
292.40400000000005
354.57900000000006
249.31300000000002
339.847
441.5050000000002
364.4050000000001
273.38300000000004
378.4530000000002
384.48000000000013
305.4030000000001
380.5360000000002
429.5420000000002
346.50200000000007
451.50100000000015
275.73900000000003
288.34700000000004
347.85200000000003
456.49500000000023
348.39000000000004
258.28499999999997
414.48700000000014
273.2629999999999
415.5110000000001
318.4020000000001
489.4750000000001
447.44400000000013
334.354
330.84
381.4570000000001
376.3240000000001
236.65800000000002
246.33499999999995
398.4840000000001
324.38
271.75100000000003
420.4650000000002
455.5000000000003
293.41
369.4860000000002
365.3930000000001
453.91100000000023
493.41600000000045
453.9440000000001
338.36300000000006
459.5240000000003
370.40900000000005
460.53700000000026
383.5170000000002
474.5610000000003
388.4010000000001
488.5250000000002
303.159
237.32800000000003
284.31500000000005
458.51400000000024
456.31400000000025
410.4340000000002
314.3910000000001
347.4400000000002
405.4980000000002
316.2960000000001
369.42400000000004
379.4380000000001
425.5250000000003
330.2960000000001
523.6120000000003
351.4500000000001
444.58200000000016
345.302
301.411
354.38700000000006
415.35600000000017
556.4350000000002
407.9230000000001
441.55300000000017
405.76000000000005
291.2710000000001
467.5980000000002
413.5220000000002
457.5520000000002
272.329
261.325
431.5100000000001
413.4740000000001
282.317
358.4230000000001
362.34100000000007
472.56700000000023
329.2530000000001
366.3690000000001
303.446
343.42
247.29399999999998
427.76200000000017
295.382
201.25100000000003
361.261
324.38000000000005
382.46000000000015
470.5700000000004
476.94500000000033
389.4480000000001
343.4710000000003
279.347
369.67599999999993
198.226
339.3510000000001
427.54100000000017
270.329
426.4690000000003
224.30399999999997
358.81000000000006
325.40800000000013
518.7050000000004
323.3960000000001
408.57100000000037
224.32899999999995
513.6420000000003
381.4570000000001
315.657
435.56800000000015
526.7850000000003
339.35100000000017
283.322
460.58100000000024
360.3910000000002
404.4910000000001
378.36200000000014
369.85600000000005
404.44400000000013
380.5130000000001
379.36300000000006
478.6140000000002
428.28600000000006
529.5660000000001
447.7200000000001
477.3990000000002
255.252
394.46000000000026
369.44600000000014
216.26899999999998
308.4030000000001
330.34400000000016
295.291
304.37100000000004
326.3040000000001
324.40200000000004
365.43300000000005
345.39500000000004
465.47500000000014
399.47200000000015
298.3860000000001
308.79
418.4320000000001
353.44100000000014
399.47200000000015
218.28500000000003
343.4080000000001
287.35600000000005
430.4820000000003
405.42900000000014
381.4790000000001
464.54700000000037
372.49700000000007
355.3970000000001
318.33600000000007
517.6340000000002
328.3240000000002
244.24999999999994
328.42199999999997
324.38400000000007
423.4910000000001
336.4460000000001
343.33500000000004
247.31899999999996
373.4970000000002
250.257
306.39099999999996
428.4700000000002
221.281
359.40100000000007
286.419
397.4310000000001
409.5340000000002
288.37600000000003
268.14300000000003
450.56000000000023
379.8030000000001
444.02500000000015
319.361
387.5930000000002
266.261
384.4830000000001
340.46700000000016
297.3539999999999
337.42700000000013
305.33299999999997
281.315
219.19600000000003
386.42900000000014
297.745
301.37100000000004
369.4210000000002
278.78300000000013
460.53400000000016
223.23100000000002
407.4480000000002
406.52900000000034
374.3740000000002
421.4780000000001
348.358
473.95700000000033
279.752
389.4330000000001
304.393
388.42000000000013
239.32200000000003
295.3640000000001
384.82300000000015
245.16000000000003
487.6470000000003
479.3200000000004
234.68599999999998
409.4860000000003
387.50500000000005
286.287
512.4260000000002
411.5090000000001
289.122
236.27799999999996
425.4880000000001
337.3450000000001
344.39200000000005
360.4140000000001
387.5050000000001
402.49400000000014
431.6210000000004
354.53800000000007
359.40700000000027
369.4210000000001
364.32300000000004
357.88500000000016
291.307
488.3490000000003
271.25399999999996
350.4180000000001
319.34200000000004
302.355
339.442
417.581
253.714
441.55000000000007
319.38199999999995
446.5100000000001
286.291
321.3180000000001
357.45000000000016
276.29200000000003
310.74
190.15799999999993
496.5490000000002
429.4980000000001
352.1770000000001
425.3200000000001
297.2890000000001
424.48200000000026
488.6580000000003
276.31700000000006
303.19200000000006
459.5270000000002
292.36300000000006
247.29099999999997
460.51500000000016
240.715
457.5920000000004
351.40600000000006
419.5060000000002
392.8860000000001
330.3840000000002
236.227
371.3490000000001
276.3359999999999
499.5450000000002
388.4450000000001
413.4400000000002
536.0750000000003
408.4720000000001
249.269
430.5300000000002
362.38500000000005
295.37100000000004
353.4250000000001
325.773
353.37900000000025
488.58800000000036
395.50300000000027
252.726
392.4840000000001
452.51500000000027
406.8910000000002
399.39400000000023
352.39000000000004
374.50600000000014
282.73400000000004
359.3850000000001
415.55900000000014
488.59200000000027
282.29900000000004
340.445
454.54800000000034
253.21399999999994
333.77100000000013
425.58300000000025
426.44800000000015
298.3419999999999
347.34000000000003
418.8810000000002
319.34600000000006
356.4300000000001
258.32500000000005
439.55900000000014
309.82200000000006
324.40900000000005
258.365
338.4070000000001
451.54500000000036
287.38500000000005
434.5180000000002
385.47100000000023
406.414
260.3809999999999
379.46000000000015
417.46200000000016
499.64000000000027
498.39500000000015
431.5140000000001
349.412
496.59200000000016
326.4180000000001
304.777
311.38100000000003
195.218
276.25600000000003
338.473
385.48900000000026
380.49100000000027
285.229
282.43800000000005
506.4510000000001
380.44400000000013
295.3450000000001
371.3890000000001
301.456
230.242
489.5280000000003
270.267
370.5180000000001
307.353
304.3750000000001
440.49600000000027
369.4870000000001
273.28799999999995
461.6090000000002
383.1980000000001
402.8420000000001
315.332
323.4440000000001
368.4840000000001
342.37000000000006
275.735
314.34800000000007
339.4390000000001
368.38500000000005
498.44300000000015
316.27900000000005
429.49900000000014
285.72700000000003
250.31799999999993
342.4870000000002
407.5360000000003
398.81200000000007
373.2060000000001
391.49700000000007
295.42599999999993
228.25500000000002
412.2980000000002
504.63200000000035
340.3350000000001
368.3410000000001
374.50600000000003
474.3950000000002
403.4600000000001
407.85700000000014
405.8340000000002
375.4530000000001
367.40500000000014
391.8800000000003
353.4440000000002
419.8940000000002
435.2990000000001
295.368
401.8750000000001
271.345
464.50300000000016
530.6250000000003
353.33800000000014
369.42100000000016
294.30600000000004
441.5970000000002
356.0360000000001
403.5480000000003
409.5110000000002
370.4270000000002
421.47500000000014
377.22400000000005
487.5970000000003
334.40400000000005
311.341
304.41100000000006
352.3900000000001
441.5320000000003
384.867
538.6700000000004
350.46300000000025
330.2360000000001
428.8940000000002
294.3140000000001
312.37200000000007
342.3550000000001
300.35800000000006
327.40900000000005
509.8970000000004
399.47600000000017
419.90900000000016
254.28900000000002
256.26500000000004
421.67800000000005
437.5430000000001
450.49100000000016
273.313
287.70300000000003
277.121
406.5580000000002
309.84299999999996
350.41800000000006
311.168
345.4140000000002
419.5260000000003
293.37
368.43700000000007
392.5000000000001
407.38800000000015
410.47400000000016
491.61300000000017
342.826
247.25
267.19699999999995
268.342
445.36100000000016
305.2460000000001
391.92400000000015
546.7780000000004
325.34700000000004
338.8340000000001
442.49300000000017
260.289
338.3630000000001
468.5290000000002
310.3970000000001
309.40900000000005
337.18100000000004
478.5010000000002
296.128
398.4220000000001
184.279
378.5160000000003
393.39500000000004
390.4170000000001
318.3730000000001
413.4360000000001
271.3639999999999
423.4180000000002
297.358
572.7280000000005
362.85700000000026
420.60400000000027
435.5530000000003
377.4650000000001
448.51900000000023
372.42100000000016
383.5170000000001
362.41500000000013
203.28199999999993
453.9700000000001
526.4530000000002
273.33200000000005
427.3800000000001
352.47800000000007
400.8180000000001
294.4380000000001
364.3740000000001
444.53200000000015
274.36700000000013
471.6230000000002
460.6250000000002
214.29300000000003
298.7729999999999
365.4580000000001
467.5510000000004
469.67000000000047
341.32700000000006
262.74
404.86900000000026
394.58100000000024
199.27800000000002
484.5340000000002
440.9310000000004
378.49400000000014
386.398
272.30400000000003
263.326
261.288
270.115
304.77700000000004
460.6000000000004
391.4450000000002
517.6340000000004
425.4040000000001
517.6670000000003
311.38500000000005
275.7789999999999
433.45700000000016
317.772
369.39600000000013
318.417
356.3260000000001
396.49400000000026
493.43100000000044
222.28800000000004
316.361
459.65900000000016
364.4450000000001
375.83700000000005
345.7900000000001
436.9430000000002
212.24799999999996
331.22800000000007
408.4320000000002
323.39500000000004
327.1890000000001
471.0250000000002
376.434
416.4810000000002
354.765
249.09300000000002
335.7910000000002
329.444
449.48500000000007
429.8670000000002
453.4510000000003
421.95400000000006
332.4110000000001
209.17599999999996
394.5440000000002
515.0340000000002
306.3
496.40800000000024
366.288
473.9860000000002
338.7550000000001
476.6060000000002
325.43000000000006
372.4750000000001
354.15999999999997
356.76500000000004
267.35400000000004
343.766
475.93200000000024
394.4960000000001
524.6400000000003
328.00300000000004
297.749
367.367
393.4870000000001
323.35200000000003
320.39200000000005
382.42400000000015
357.20700000000005
390.48600000000016
418.5150000000003
354.4060000000002
443.5510000000002
430.53600000000006
520.0290000000003
375.4530000000001
355.35400000000004
294.236
438.47400000000016
314.36600000000004
498.5830000000003
189.21400000000003
371.4400000000001
482.94200000000023
472.51700000000034
336.43600000000004
383.37900000000013
292.284
397.4750000000003
232.23899999999995
311.38100000000003
324.4650000000001
378.2220000000002
310.78100000000006
416.6110000000001
295.335
333.3910000000001
517.5860000000004
368.79400000000015
371.44100000000003
296.41100000000006
435.5240000000003
474.4730000000002
373.43200000000013
329.42500000000007
383.38200000000006
226.32
385.4670000000001
264.20599999999996
370.361
402.31400000000014
362.451
578.757
315.37300000000005
499.68000000000035
323.7610000000001
296.39500000000004
375.475
397.47500000000025
462.4320000000002
382.8760000000001
372.42400000000004
364.4050000000001
418.99300000000017
461.5840000000001
461.5250000000002
512.5520000000002
351.3880000000001
358.7890000000002
304.321
298.557
405.47300000000007
460.60000000000036
379.46000000000015
350.42200000000014
423.5130000000001
345.39900000000006
389.24900000000014
280.331
394.3800000000001
428.396
198.29099999999997
435.4450000000003
429.5420000000002
415.54000000000025
360.4540000000002
303.43100000000004
569.1260000000002
368.3720000000001
357.38100000000003
302.355
428.53300000000013
371.9340000000001
319.71399999999994
532.7250000000003
391.22100000000006
394.44900000000007
317.2720000000001
464.5840000000003
450.5350000000003
494.63600000000054
324.4710000000002
339.288
371.4870000000001
366.42100000000005
346.427
358.398
389.20900000000006
321.288
441.48700000000014
370.47400000000016
393.50900000000024
416.54700000000025
312.442
504.05200000000025
450.5240000000001
341.43
519.6420000000003
352.3500000000001
372.4460000000002
300.22099999999995
369.4610000000002
486.2380000000001
351.4020000000001
360.37700000000007
428.5350000000001
330.306
352.50000000000017
376.48200000000014
376.47800000000007
480.5840000000003
481.61800000000034
410.5870000000002
245.30700000000002
310.39700000000016
252.31699999999998
362.45400000000006
471.5570000000002
428.52900000000017
379.57400000000007
354.41300000000007
380.51300000000026
226.30099999999996
425.46000000000004
420.9620000000002
230.22299999999998
359.99400000000014
472.58500000000026
364.401
346.43700000000007
388.4230000000001
468.5530000000002
266.3910000000001
484.5120000000002
360.4350000000001
301.39300000000003
298.342
381.4320000000002
491.65700000000027
356.4910000000001
353.4440000000002
379.8290000000001
378.8059999999999
356.44700000000006
484.56300000000033
324.38000000000005
395.48400000000004
297.745
426.66500000000025
396.403
292.3380000000001
414.89300000000014
375.49800000000005
216.28
238.29
352.478
267.672
476.89800000000014
419.4880000000001
406.8760000000001
375.22799999999995
299.765
380.4770000000001
431.49200000000025
291.30600000000004
453.3110000000001
309.749
379.40299999999996
482.5800000000002
330.409
317.388
295.338
264.74100000000004
425.89000000000027
378.18200000000013
409.57700000000017
299.265
304.38900000000007
340.3820000000001
269.077
447.5380000000003
365.4510000000001
328.481
341.3310000000001
341.40700000000015
437.4470000000002
364.46700000000016
214.224
353.33800000000014
294.788
251.28199999999998
403.52300000000025
421.9970000000001
437.4240000000001
321.38000000000005
205.217
356.834
367.4010000000001
431.53600000000034
368.3920000000001
392.48000000000013
453.5030000000002
299.355
353.3550000000001
319.382
238.23200000000003
263.34899999999993
278.337
349.4750000000001
344.392
474.5650000000002
294.43
449.261
378.4240000000002
412.5110000000003
430.50100000000026
530.5780000000002
382.4820000000002
415.51500000000027
285.32099999999997
400.34700000000015
367.37700000000007
459.3800000000001
489.53100000000023
384.8480000000001
446.5880000000002
332.42500000000007
281.355
487.6230000000002
446.5250000000002
398.55100000000016
423.5340000000003
298.34600000000006
319.43399999999997
416.35900000000004
278.37699999999995
555.0600000000002
405.4720000000001
388.50800000000027
467.6160000000001
416.9050000000001
488.99700000000024
446.55400000000014
259.284
262.334
303.387
377.4000000000001
344.4070000000001
323.73199999999997
449.5760000000002
265.316
439.53700000000015
224.329
305.72100000000006
276.29200000000003
371.16200000000003
530.5620000000002
308.366
374.4180000000002
242.303
348.3190000000001
341.3710000000001
459.54900000000015
316.401
418.5340000000003
228.251
300.3620000000001
351.33600000000007
386.51700000000017
430.3020000000002
450.92200000000014
333.387
389.33800000000014
436.4890000000002
440.55000000000024
455.25400000000013
252.27300000000002
253.77299999999997
431.5140000000002
371.4180000000002
344.43600000000004
428.53200000000015
396.3990000000001
391.4710000000002
369.49000000000024
306.38700000000006
328.39
454.4830000000002
414.48100000000017
271.276
475.61000000000024
283.32700000000006
386.45200000000006
384.52400000000034
283.396
342.31500000000017
494.5800000000002
322.38600000000014
392.4520000000002
381.39200000000005
248.71300000000002
403.47900000000004
328.44500000000016
301.4150000000002
499.04000000000025
383.4220000000001
401.8970000000003
336.4420000000001
318.41700000000014
347.37100000000004
300.4020000000001
360.8660000000001
414.4570000000002
416.5250000000002
459.4980000000003
322.41100000000006
519.6010000000002
200.19700000000003
382.5330000000002
314.7320000000001
454.5260000000003
269.728
226.16299999999998
332.78700000000003
351.41300000000007
257.264
444.5200000000002
191.27799999999993
321.295
346.77400000000006
320.8050000000001
406.3940000000001
412.5110000000002
415.4930000000001
438.5490000000001
499.54500000000024
329.581
488.97100000000034
310.4410000000001
418.90900000000016
337.4480000000001
314.42900000000003
271.4039999999999
495.21500000000015
397.5440000000002
443.50300000000027
486.5690000000003
308.41
439.53700000000026
394.28300000000013
460.0240000000001
262.33399999999995
461.5350000000001
293.33000000000004
372.49400000000014
418.4150000000002
309.325
277.4079999999999
496.5680000000002
381.84100000000024
497.7410000000002
429.5310000000001
475.56700000000023
326.7800000000001
368.48400000000004
483.38400000000024
395.5030000000002
311.37800000000004
391.43100000000004
427.57000000000016
342.44300000000015
235.37099999999995
420.51300000000015
375.42900000000026
395.5030000000001
490.6480000000003
417.9180000000001
382.51400000000007
336.3910000000001
258.3169999999999
355.173
274.36400000000003
338.314
303.377
376.909
369.218
229.239
369.42100000000005
379.2350000000002
263.68399999999997
286.287
328.79900000000004
327.4490000000001
510.4170000000003
297.38700000000006
371.31500000000005
395.4840000000001
441.50700000000023
411.7670000000001
481.5960000000003
324.40900000000005
427.5450000000002
411.54600000000016
312.344
289.375
303.314
460.3680000000002
181.23499999999996
455.3780000000001
403.61400000000026
441.4780000000002
379.4610000000001
419.53200000000027
345.3550000000001
338.41100000000006
453.55700000000013
475.4760000000003
362.81300000000016
461.5090000000001
426.5230000000001
421.8840000000001
381.3930000000001
334.37600000000015
415.55900000000014
382.41600000000017
409.19200000000006
475.52300000000025
419.51000000000016
296.33000000000004
378.4530000000001
261.34999999999997
494.54800000000023
443.28300000000024
347.70500000000004
491.5000000000002
270.29599999999994
336.3910000000001
416.4770000000001
296.798
293.77900000000005
360.45700000000016
523.5290000000002
197.18999999999997
392.362
341.46100000000007
384.4130000000001
389.4520000000003
466.4600000000002
299.3740000000001
331.43700000000007
408.545
294.35400000000004
448.42600000000016
174.20700000000002
417.50200000000024
221.26000000000002
223.25300000000001
507.87400000000014
336.4170000000001
440.9790000000002
493.5200000000002
410.4780000000003
397.41800000000006
283.283
350.8270000000001
266.127
270.33200000000005
363.4390000000002
246.265
415.9900000000001
325.36400000000003
336.46100000000007
307.39300000000014
467.59100000000035
315.4170000000001
229.07000000000005
304.84600000000006
314.21999999999997
380.4920000000003
393.4910000000001
428.2460000000001
385.8990000000001
587.6590000000001
425.87200000000007
429.92900000000026
526.4530000000002
372.49
255.42699999999996
381.4980000000002
425.51800000000026
408.50400000000013
399.27700000000016
281.155
305.33400000000006
301.27700000000004
387.21100000000007
364.82200000000006
416.5250000000002
269.22999999999996
422.5540000000001
478.4170000000002
387.41700000000014
451.90900000000016
432.5960000000001
403.9790000000001
429.52100000000024
324.384
278.31100000000004
371.5310000000002
317.3450000000001
328.799
384.48300000000006
417.4870000000002
320.37
365.3890000000001
439.4630000000001
432.52400000000034
421.4940000000002
316.284
386.43300000000005
454.8950000000001
403.3910000000001
542.4810000000001
495.38000000000017
383.48800000000017
263.68
318.4020000000001
358.41500000000013
362.769
284.384
465.4810000000002
374.4290000000001
372.4760000000001
395.8460000000002
402.4760000000001
369.42500000000007
317.41799999999995
342.75400000000013
329.45000000000005
391.3090000000001
422.46000000000015
409.4170000000002
425.5540000000001
358.18100000000015
211.353
236.2899999999999
478.2900000000002
514.9660000000002
494.5440000000002
346.86200000000014
279.72700000000003
446.5070000000002
448.5040000000002
267.33599999999996
414.2880000000001
279.344
428.96300000000014
485.65000000000026
314.40700000000004
221.29999999999995
307.44
327.4090000000001
429.54900000000015
494.61700000000036
337.33500000000004
442.52400000000017
297.398
362.8860000000002
246.31
410.5360000000003
523.85
339.42
308.293
287.3620000000001
247.301
325.41200000000003
509.45200000000017
350.34600000000006
368.39200000000005
489.9810000000004
349.184
379.45300000000015
436.51100000000014
459.5240000000002
298.258
379.5510000000003
437.52500000000015
476.9390000000003
473.5580000000002
480.5460000000003
327.36600000000004
374.4370000000001
497.57000000000016
401.4180000000001
419.50300000000004
342.3209999999999
380.3660000000001
446.95600000000024
262.353
242.68700000000004
278.69500000000005
319.4050000000001
478.5740000000002
476.47000000000037
281.82700000000006
282.278
381.4320000000001
432.5490000000001
482.6280000000003
385.4680000000001
354.3810000000001
481.6370000000003
488.65400000000045
438.45900000000023
476.57600000000025
243.33500000000006
343.35800000000006
300.4710000000001
275.101
400.4340000000001
383.78700000000015
431.5610000000004
206.27000000000004
379.23900000000003
416.4340000000002
441.35500000000013
372.29200000000003
419.355
384.35400000000016
403.90600000000006
280.125
272.284
383.40400000000017
341.802
487.55300000000034
462.5240000000002
276.163
492.4880000000002
352.3710000000001
467.99400000000014
319.426
454.6550000000004
381.39500000000004
340.836
368.4580000000001
358.7850000000001
246.69699999999997
305.399
285.30300000000005
298.367
392.79900000000015
493.6320000000003
427.50400000000013
372.3770000000002
404.5360000000001
456.0080000000003
390.8920000000002
201.229
449.5290000000004
337.81000000000006
348.4720000000002
216.166
267.28799999999995
321.72
463.53000000000037
272.739
430.4760000000001
408.4580000000003
325.434