33
32
29
39
41
29
42
63
49
43
61
38
32
43
30
38
48
54
29
49
47
34
44
54
32
56
28
28
37
61
43
30
51
30
55
38
60
57
42
38
46
58
27
31
49
38
34
47
54
31
43
41
49
58
53
39
58
43
59
40
58
46
54
28
22
32
54
49
44
35
36
55
43
42
43
53
45
64
42
51
40
32
42
46
56
46
54
48
31
54
52
55
31
31
55
48
35
42
51
59
43
44
33
34
29
43
35
23
37
41
42
53
65
47
41
32
35
29
39
46
30
48
27
40
38
65
38
46
22
65
45
36
51
48
40
35
58
45
50
53
44
50
43
41
62
49
65
43
57
26
47
51
24
38
46
36
33
43
35
46
45
55
49
43
37
51
41
51
23
39
31
47
46
42
53
42
44
40
62
46
33
36
35
50
34
39
26
47
32
34
54
25
40
34
47
47
31
26
47
48
46
44
41
37
49
32
35
45
39
35
25
44
30
33
42
32
55
28
50
46
47
55
41
56
27
45
31
42
27
43
41
32
59
58
27
45
48
41
54
47
36
31
51
41
44
43
43
46
53
39
41
43
46
40
36
55
34
47
34
33
39
45
23
57
32
55
34
32
48
35
31
25
62
50
39
49
37
57
56
39
33
56
34
28
52
23
51
43
51
48
39
28
52
32
61
47
49
64
47
30
54
43
33
44
36
43
61
45
27
47
58
47
45
45
41
29
41
50
60
33
41
58
44
36
48
55
34
41
51
44
36
28
49
28
39
30
40
55
34
54
46
48
27
46
52
65
50
49
46
57
39
34
36
25
36
40
45
42
34
30
50
44
30
48
33
24
61
31
42
44
38
55
45
38
57
42
54
38
38
42
43
30
41
40
46
50
42
47
33
32
40
48
46
39
46
33
26
46
65
44
44
44
46
49
47
52
41
53
49
36
49
45
27
42
27
57
66
54
40
35
50
45
45
46
43
55
41
60
39
43
37
38
61
42
70
41
29
51
34
37
49
37
40
50
46
47
32
28
40
55
58
33
39
31
38
28
39
31
40
43
35
43
48
51
49
59
36
31
35
34
44
43
39
68
37
41
55
30
43
57
36
36
40
62
26
50
17
43
48
46
40
49
34
53
36
68
41
45
49
45
57
48
45
46
21
53
55
30
49
40
46
32
42
56
35
55
55
25
33
40
57
57
40
30
47
46
22
58
48
44
47
32
30
34
26
38
60
42
58
70
65
35
30
59
33
48
33
41
43
57
26
40
46
44
42
47
50
27
34
51
39
33
53
45
51
41
22
37
45
54
50
55
48
38
26
39
61
36
53
34
57
42
61
41
44
41
45
33
43
59
46
68
24
33
46
45
36
39
46
35
46
50
41
54
54
58
42
43
36
53
36
61
20
44
56
56
44
47
33
45
32
35
38
34
35
45
38
40
61
43
46
32
54
64
41
39
52
22
46
29
45
42
44
67
37
66
36
30
44
50
47
39
44
46
44
53
63
55
51
42
32
30
48
57
47
42
50
39
38
34
54
46
22
52
52
45
43
36
67
53
44
35
49
40
36
66
38
46
37
59
51
54
33
43
44
49
40
40
40
41
50
46
49
45
39
60
55
42
68
47
44
25
44
65
45
42
49
37
42
47
42
61
58
49
25
37
28
40
57
50
43
43
45
24
48
42
24
35
57
44
39
49
60
28
63
46
34
36
45
58
40
40
40
42
41
55
34
47
32
52
59
35
52
39
26
24
42
39
60
50
51
49
35
42
56
36
49
31
49
61
40
35
35
27
45
44
50
37
33
42
22
53
46
34
39
40
51
47
25
52
29
31
49
44
57
43
28
38
43
52
46
44
54
31
45
35
34
31
31
40
39
55
26
54
47
50
49
66
46
46
34
62
39
48
69
42
50
40
32
56
53
49
46
34
35
51
29
65
48
49
59
43
61
52
32
27
36
48
47
39
52
32
54
22
35
34
37
73
37
46
27
47
43
52
36
48
24
32
47
45
43
54
43
40
53
48
55
30
23
48
43
40
54
47
47
44
34
39
62
51
38
58
34
44
44
31
48
67
40
47
47
29
47
37
37
56
48
43
36
37
38
40
41
54
53
59
37
62
25
43
34
56
28
28
36
41
31
50
22
39
46
33
50
48
51
50
67
27
58
35
48
36
40
32
45
45
59
60
35
56
39
47
31
52
35
45
51
36
28
62
44
50
48
65
34
39
52
46
41
44
50
41
30
49
44
43
60
43
42
40
32
42
30
39
30
41
37
32
41
36
35
37
37
34
57
32
45
48
49
53
58
37
46
46
37
29
35
45
19
44
47
51
44
42
37
39
60
58
40
56
44
51
48
44
52
48
44
55
47
33
43
27
64
45
40
66
32
42
50
36
30
40
70
25
45
38
44
45
59
37
35
47
36
56
22
45
24
25
59
39
48
62
47
45
33
39
26
27
41
28
44
39
37
37
62
35
25
29
34
40
45
44
44
74
50
49
55
45
30
43
49
47
41
35
46
44
42
43
53
32
51
69
48
57
48
43
50
35
35
43
37
35
44
49
37
46
52
52
48
37
47
52
51
51
53
41
34
37
43
44
32
59
40
42
44
50
45
34
38
34
44
51
52
53
40
24
26
51
62
54
37
28
60
59
34
44
35
44
58
36
23
32
36
56
61
42
54
36
41
30
47
63
38
43
33
31
35
50
48
54
59
43
45
50
56
50
41
49
59
55
57
33
48
60
46
52
40
44
58
32
27
36
39
54
53
28
35
45
48
58
43
42
63
60
56
48
26
41
35
25
53
47
53
22
44
53
54
34
42
47
43
30
43
45
36
58
55
28
64
45
54
36
51
51
33
43
41
24
36
31
32
44
56
49
43
50
56
48
25
50
38
46
28
32
34
56
32
55
49
36