63.68
68.29
94.03
84.6
83.68
46.17
66.48
101.55
90.63
53.75
91.72
69.17
62.12
40.620000000000005
22.0
29.96
94.83999999999999
94.09
71.09
72.24
72.96000000000001
61.77
54.18
86.78999999999999
27.05
143.81
54.02
27.05
54.88
138.85
49.410000000000004
119.28
125.2
47.89
83.91
80.37
95.58
159.94999999999996
70.71000000000001
38.92
70.58000000000001
106.82
55.12
53.75
69.15
67.43
30.19
77.10000000000001
126.46
12.47
55.4
90.63
91.16000000000001
95.16
79.12
81.42000000000002
114.04
97.97
141.21999999999997
57.01
104.54
125.82
122.88000000000002
42.32
70.97
63.83
86.22000000000001
93.89
104.38000000000001
51.22
77.25
74.43
97.07
57.010000000000005
106.62
83.94000000000001
107.77000000000001
154.30999999999997
61.440000000000005
82.60999999999999
72.48
38.33
88.52
32.34
123.27
79.37
80.64000000000001
85.61000000000001
143.53
118.29
96.81
100.88
61.36
71.09
106.60999999999999
79.37
69.67
112.86000000000001
90.7
109.65999999999998
61.77
82.81
38.33
120.32000000000001
59.31
75.27
29.54
62.300000000000004
66.48
62.550000000000004
67.87
111.42999999999998
76.67
63.68
61.440000000000005
45.78
59.59
64.19999999999999
85.94
57.230000000000004
95.5
94.17
55.13
76.35
46.61
112.81
52.65
58.120000000000005
46.010000000000005
95.47
65.79
30.19
63.57
64.99000000000001
85.61000000000001
35.580000000000005
101.49
107.72
57.38000000000001
132.68
64.74000000000001
98.81999999999998
49.410000000000004
84.67
83.55000000000001
66.73
104.60999999999999
68.50999999999999
84.5
50.42
105.72000000000001
75.81
43.08
57.690000000000005
92.72
90.92999999999999
63.5
85.97000000000001
87.22
62.21
65.07000000000001
63.25
92.51
73.94
72.52
108.7
35.580000000000005
81.5
55.04
80.4
81.70000000000002
85.07000000000002
65.38
40.43000000000001
97.67000000000002
92.26
67.49000000000001
72.95
68.70000000000002
81.91
66.48
52.31
69.03999999999999
135.38000000000002
82.0
85.30000000000001
52.82000000000001
63.91
73.98
100.27
114.20000000000002
46.17
71.53
23.550000000000004
103.54
62.11
62.45
22.0
69.68
80.32
36.440000000000005
107.82000000000002
44.7
126.33
59.81
33.730000000000004
47.56
72.7
55.73
67.00999999999999
79.65
97.64
58.900000000000006
63.25
59.230000000000004
23.550000000000004
65.54
37.38
106.94
75.71
114.62000000000002
89.76999999999998
74.45
88.18
54.88
117.52
34.15
82.73
37.28
84.27000000000001
88.74
67.49000000000001
78.0
103.17000000000002
55.980000000000004
79.12
79.37
83.68
100.04
63.050000000000004
71.63
43.6
144.66
38.25
83.55000000000001
85.91
71.62
58.64
70.67
23.550000000000004
82.11
80.75
73.13
35.580000000000005
110.52000000000001
114.90000000000002
117.42
60.660000000000004
83.29
64.24
89.02000000000001
62.300000000000004
54.02
39.34
64.63
76.47
82.18
140.82
68.54
87.99000000000001
48.03
57.38000000000001
145.63
106.09
87.24
168.97000000000003
52.96
97.6
82.11000000000001
72.24
25.78
89.77
38.92
69.39
102.41
52.89
73.86
82.86
92.08
51.22
88.41999999999999
87.99000000000001
127.63000000000001
58.64
132.05999999999997
92.77999999999999
71.53
118.47999999999999
99.13000000000001
38.66
102.31000000000002
70.00999999999999
55.96
46.92
83.47
97.18999999999998
104.54
61.88000000000001
41.99
72.80000000000001
103.39999999999999
83.55000000000001
66.74000000000001
81.31
67.43
50.17
68.54
69.72
77.53
64.35
78.87
96.69
98.75
56.790000000000006
67.08000000000001
87.63999999999999
68.28999999999999
56.92
116.31
92.47
86.11999999999999
84.06
101.74000000000001
50.95
66.91
34.03
66.65
100.36999999999999
77.25
113.62
65.28
79.53
24.5
84.22
113.26
81.13
82.14
107.47999999999999
88.62
80.48
86.71000000000001
51.22
40.05
83.55
100.74
57.690000000000005
64.55000000000001
75.71000000000001
85.95
99.74
100.35000000000001
66.15
73.34
109.75000000000001
73.39
41.99
118.92000000000002
59.81
49.410000000000004
53.459999999999994
81.81
86.66000000000001
104.37
63.68
78.0
77.10000000000001
107.88000000000002
68.02000000000001
45.980000000000004
88.33
49.85
49.33
107.99000000000001
44.81
71.06000000000002
82.97
66.04
126.73000000000002
75.63
35.53
50.160000000000004
86.78999999999999
32.78
75.32
90.21000000000001
21.259999999999998
56.22
72.39
143.92999999999998
90.51
92.03999999999999
60.85
67.79
121.53000000000002
71.53
94.91000000000003
60.92
101.25999999999999
71.75
73.34
99.0
89.27
85.84
65.38000000000001
50.95
119.38999999999999
97.23
132.98000000000002
74.61
55.760000000000005
69.72
55.5
69.72
73.22
75.71000000000001
127.64000000000001
93.73
104.37
56.74
62.620000000000005
60.69
51.22
91.35999999999999
59.39
92.16
82.08000000000001
42.24
94.16999999999999
83.97999999999999
35.010000000000005
110.30999999999999
71.35
63.99
52.57000000000001
93.38
71.11000000000001
57.42
62.06
65.7
119.30000000000001
85.24000000000001
56.24
105.36
38.96
69.9
20.310000000000002
62.66000000000001
51.22
55.730000000000004
88.91
46.92
86.94000000000001
72.19
81.78000000000002
99.77000000000001
95.58000000000001
17.3
63.68
29.1
61.82
64.68
124.57
30.19
91.71999999999998
67.94
26.3
97.13000000000001
48.67
59.08000000000001
87.78999999999999
32.78
29.54
48.910000000000004
94.55999999999999
72.7
96.59
26.3
32.78
94.83999999999999
111.64
84.5
67.79
39.07
134.3
92.16000000000001
128.28
54.71000000000001
69.04
88.08
51.47
84.16
84.94
55.29
121.03999999999999
58.56
69.72
100.04
29.1
28.8
35.940000000000005
89.80000000000001
68.28
88.0
116.06000000000002
16.130000000000003
86.78999999999999
74.57000000000001
36.68
44.1
71.09
113.4
69.72
110.87
48.38
55.57
75.27000000000001
26.02
129.1
76.46000000000001
71.78
58.64
63.83
86.69
48.010000000000005
42.24
61.96
85.95
75.25000000000001
103.35000000000001
126.99000000000001
133.82999999999998
71.09
16.380000000000003
128.23
47.56
76.24
58.64
102.44000000000001
101.49
66.92
64.52
107.11000000000001
38.56
58.97
85.09
75.92000000000002
60.68000000000001
26.3
70.67
103.39999999999999
29.96
78.87
93.19999999999999
95.94000000000001
78.27
75.71000000000001
46.53
77.25
75.43
131.10999999999999
73.57000000000001
115.76
78.42999999999999
60.040000000000006
66.49000000000001
43.18000000000001
66.48
70.71000000000001
106.5
21.700000000000003
96.66
139.23000000000002
95.38
63.68
83.98
87.25999999999999
75.71000000000001
49.620000000000005
55.84
90.29
59.92
98.31
20.23
67.93
33.120000000000005
63.57000000000001
77.25
40.620000000000005
128.07
51.22
77.73
84.94
60.03
81.81
95.16
81.71000000000001
63.99
112.14
52.31
58.64
64.36
74.35
48.39
78.27000000000001
111.24000000000001
92.36999999999999
93.57
96.44000000000001
150.76999999999998
80.76
69.97
33.120000000000005
64.01
56.790000000000006
58.64
68.28
56.260000000000005
60.050000000000004
108.97000000000001
78.9
105.57
66.48
90.27
135.51
79.26
52.650000000000006
131.99
24.06
54.46
46.010000000000005
111.49
79.46000000000001
75.71000000000001
128.28
64.43
55.63
80.12
41.99
89.02
54.34
62.72
56.74
55.45
87.31999999999998
75.27
96.97000000000001
131.54000000000002
182.56
123.04000000000002
85.90999999999998
41.13
78.1
55.510000000000005
75.09
46.400000000000006
79.11
78.94999999999999
76.83
67.42999999999999
59.290000000000006
129.77
107.96
32.34
72.91000000000001
95.58000000000001
72.27
84.5
53.49
57.690000000000005
90.50000000000001
46.260000000000005
70.59
71.26
52.65
44.370000000000005
66.92
69.15
132.14000000000001
78.63000000000001
101.06
77.07000000000001
84.86
41.57
38.33
71.42
84.78
49.410000000000004
76.14
99.41
87.82
89.42
70.5
86.78999999999999
94.56000000000002
52.54
86.78999999999999
92.93
46.92
104.03000000000002
98.76
76.66000000000001
21.59
56.790000000000006
149.86
66.84
107.84
78.87
58.64
49.85000000000001
84.3
84.5
82.61
90.04
59.81
54.35
36.69
30.96
54.6
55.32
77.1
7.12
66.91
50.27
44.120000000000005
83.92000000000002
67.43
61.31
52.06
70.08000000000001
81.42999999999999
77.74000000000001
81.43
75.71000000000001
33.2
115.88999999999999
75.71000000000001
37.28
62.550000000000004
79.12
60.93000000000001
40.620000000000005
63.27000000000001
101.64
49.410000000000004
61.190000000000005
124.07999999999998
56.510000000000005
78.84
53.49
18.46
146.57
53.33
85.99000000000001
72.28
37.3
45.15
49.410000000000004
84.6
140.52999999999997
133.39
98.02000000000001
60.92
48.0
85.59
88.48
69.89
49.410000000000004
42.24
64.63000000000001
63.4
66.48
38.33
54.620000000000005
43.07
82.14
93.83
65.37
92.41
33.370000000000005
46.64
43.07
97.83
76.82
32.34
125.19
56.790000000000006
70.59
88.26
52.08
132.98000000000002
41.99
68.54
62.32000000000001
29.33
97.30000000000001
52.980000000000004
65.69
58.2
66.76
71.5
72.19
51.129999999999995
130.82
71.09
80.75
75.96
123.62
74.41
80.9
69.31
82.29
84.11
50.7
108.38
65.74000000000001
79.62
95.12000000000002
154.61999999999998
84.94
88.69000000000001
92.7
152.93
71.62
104.21000000000001
145.04000000000002
72.95
68.31
58.970000000000006
38.33
79.95
102.01
56.75000000000001
67.79
61.940000000000005
63.39000000000001
93.21
34.59
118.66000000000001
98.76999999999998
84.5
39.92
67.87
105.4
104.62
47.370000000000005
62.22
71.42
86.81
69.67
99.76
80.32
49.03
99.60000000000001
33.29
81.17999999999999
73.58
70.30000000000001
147.51
55.21
106.77
38.92
165.53
116.15
97.83
66.65
75.27
51.22
76.88
104.97000000000001
49.85
73.22
67.87
48.300000000000004
47.56
103.78000000000002
107.19999999999999
123.9
58.620000000000005
12.47
104.81
93.36999999999999
58.64
55.650000000000006
99.03
67.6
59.91
66.48
76.15
123.91999999999999
90.54
77.63
63.68
38.769999999999996
97.56
64.68
20.310000000000002
128.98000000000002
107.67000000000002
74.76
85.38000000000001
119.23
41.46
78.51
74.23
46.09
75.74000000000001
31.35
80.97
62.89
60.85000000000001
81.16
49.410000000000004
24.940000000000005
65.74000000000001
74.13
75.99000000000001
89.25999999999999
139.89999999999998
63.08
50.160000000000004
80.05000000000001
102.45000000000002
29.1
77.49
41.99
113.08000000000001
46.17
106.14000000000001
32.5
51.91000000000001
79.58
66.38
117.86999999999999
76.66000000000001
67.6
75.71000000000001
128.08
54.27
130.08
15.71
52.18
49.09
36.690000000000005
20.310000000000002
52.650000000000006
49.17
80.23
102.19999999999999
33.09
75.88
68.00999999999999
45.67
55.13
71.33000000000001
85.83
72.68
49.85000000000001
91.22
21.700000000000003
106.15
88.6
98.83
110.60999999999999
116.84999999999997
59.08
92.26
76.15
54.040000000000006
60.77000000000001
86.28
79.37
76.02000000000001
23.47
59.81
146.53000000000003
71.53
56.33000000000001
77.25
69.88
62.660000000000004
35.53
73.58000000000001
58.2
80.89999999999999
21.700000000000003
49.410000000000004
58.2
74.85
79.9
59.59
68.06
126.64
49.410000000000004
29.54
68.58000000000001
69.62
90.28999999999999
76.12
81.51
78.51
136.82
60.67
74.27
48.41000000000001
52.900000000000006
29.1
91.93
67.79
29.54
114.18
27.63
69.72
105.56
99.00000000000001
72.48
69.03999999999999
37.38
91.56
64.80000000000001
71.09
81.35000000000001
80.32000000000001
194.65999999999997
87.94999999999999
60.93000000000001
92.81
107.77000000000001
114.47999999999999
75.66000000000001
83.45
83.21000000000001
39.94
90.35999999999999
95.98
67.49
129.36
77.23
71.19
142.03
58.2
54.88
45.480000000000004
109.77
103.78000000000002
83.98
54.02
89.80000000000001
96.97000000000001
87.38000000000001
63.13
46.61000000000001
82.36
54.120000000000005
101.03999999999999
53.6
77.46000000000001
38.67
55.37
114.9
85.26
75.42
115.95000000000002
89.52000000000001
46.61000000000001
61.56
82.45
43.09
25.78
93.89
30.21
48.13
57.650000000000006
83.98
29.540000000000003
108.13
54.34
53.6
24.06
37.190000000000005
79.11
79.6
91.49000000000001
54.69
160.26999999999998
99.5
74.08
100.04
57.690000000000005
20.310000000000002
87.74000000000001
88.53
75.93
58.2
33.120000000000005
95.71000000000001
87.76
105.48
127.40000000000002
50.60000000000001
67.93
76.02000000000001
180.88
89.79
52.33
74.66
37.27
80.97999999999999
43.6
55.24
45.230000000000004
82.45
53.33
41.8
86.92000000000002
79.62
79.79
85.84
67.67
87.74
61.83000000000001
114.19
116.72999999999999
161.07
112.66000000000001
113.33000000000001
59.0
55.730000000000004
67.35000000000001
53.99000000000001
98.54
53.22
76.24000000000001
82.52
67.66
72.37
107.60999999999999
83.08000000000001
72.7
84.5
47.78
72.19
81.91000000000001
77.69
76.30000000000001
84.67
18.84
32.34
70.58000000000001
105.4
106.56000000000002
48.470000000000006
70.14
87.38
112.22999999999999
55.11
55.4
84.71000000000001
84.5
104.37
84.50000000000001
38.33
46.17
75.11
64.59
67.25000000000001
93.79
80.75999999999999
38.33
30.03000000000001
49.410000000000004
84.94000000000001
96.76
88.24000000000001
82.33
29.1
38.67
53.6
67.46
98.54
63.449999999999996
97.71000000000001
72.24
74.30000000000001
107.73
105.24999999999999
111.0
66.89
91.49
58.440000000000005
110.00000000000001
92.28
110.0
114.95
77.73
77.77
71.74
78.25
53.010000000000005
74.76
41.57000000000001
65.97999999999999
65.27
78.51
92.78999999999999
69.72
21.259999999999998
59.81
82.45
61.08
47.10000000000001
63.050000000000004
42.010000000000005
75.02000000000001
91.72
98.82
110.80000000000001
50.08
65.38
24.39
30.21
92.33
88.74
77.98000000000002
45.150000000000006
84.71000000000001
139.48
75.71000000000001
29.1
89.25999999999999
84.5
59.0
57.78
76.11999999999999
94.17
64.86
84.25000000000001
122.41000000000001
49.33
138.33
79.2
69.72
46.61000000000001
49.85
94.38
80.03999999999999
67.43
78.27
41.99
55.4
94.81
55.13
103.72000000000001
105.66999999999999
77.25
91.93
93.57
86.79
71.33
35.91
98.69000000000001
68.00999999999999
61.650000000000006
54.46
61.040000000000006
90.41
105.83999999999999
52.81
75.27
81.76
54.88