-0.3431039582491004
-0.24759702078539275
-0.21368814178767456
-0.3910131038417323
-0.2383556094610526
-0.1532956693681518
-0.13974557974173388
-0.25574891640314024
-0.16837109546107715
-0.1736782661418348
-0.26453502055573813
-0.21758340496808334
-0.3252023744430633
-0.15385016806798235
-0.159055531535088
-0.2603965684299644
-0.2110592419248462
-0.4869523338557089
-0.22210360790193376
-0.40558365485015013
-0.21346623037307585
-0.332056417919743
-0.31756521131238613
-0.18012296182815762
-0.3076524825916991
-0.2503249763717463
-0.21334873988615422
-0.107575170781938
-0.2711755420968984
-0.17432592146682105
-0.29905363602253254
-0.3609333443730119
-0.26753152229211846
-0.34137397762335153
-0.3428250753994186
-0.18922372146377914
-0.20093183607115683
-0.20447966254676309
-0.21468185138587614
-0.2743261010581648
-0.18277430313357965
-0.19184283615546435
-0.19595512578897203
-0.15872957389717818
-0.2694177417379398
-0.4154889485924059
-0.20810862127091684
-0.2972111037609665
-0.2892705940776455
-0.2521081450657334
-0.24850902733574518
-0.3049759906765005
-0.1850664949540462
-0.20182395077448262
-0.24261267023579447
-0.2867576078165044
-0.2302790923843806
-0.25695065594943195
-0.16345304840812827
-0.3433440767919675
-0.15857566381630617
-0.12927723634028063
-0.2405300818730767
-0.19588514708675303
-0.1941374904263827
-0.08712185243197913
-0.21021183274972752
-0.11801449926616218
-0.21795818960037158
-0.24909166109433378
-0.27520344267427566
-0.2129151141427883
-0.27719689430857314
-0.27064685860313914
-0.10586544065641211
-0.24390375137382408
-0.3529866671871508
-0.2466451783627637
-0.14201710980219673
-0.20676704722567543
-0.15973072436310676
-0.260763634153894
-0.4304723242270484
-0.3286907203103112
-0.19116146058957803
-0.30776458960054953
-0.1851057701935994
-0.249875230467048
-0.2618374915960265
-0.1735383070059413
-0.27234361913906413
-0.20706690464213234
-0.2794261802964244
-0.27879572409308584
-0.37014154458235926
-0.1933904806724415
-0.3008162261651664
-0.5092391075431806
-0.1472698774197954
-0.2526370534221023
-0.2587972770618487
-0.236235096944807
-0.17842575260679455
-0.2800619141867005
-0.21846678101898878
-0.1664540551149969
-0.18772250259664247
-0.3375174470188268
-0.1774741130257098
-0.2718719371678524
-0.21211680479847408
-0.13036531230119655
-0.423031119196194
-0.19715155560062367
-0.3519895082708504
-0.16430604892651798
-0.1959206362963515
-0.47593686756691955
-0.2086806024378814
-0.20716507197019685
-0.36174502325973107
-0.18447505763713076
-0.2311223899831426
-0.2730746335194542
-0.20537782662230233
-0.2301036364706934
-0.33628669099804637
-0.2032167101237864
-0.1165006404808614
-0.2900754947660909
-0.25248817439457455
-0.2372355072938345
-0.27532293116029505
-0.2206095741706013
-0.3520991546736537
-0.3100457904155498
-0.2630768816557093
-0.19660156845813864
-0.22723743601098398
-0.22191193737968865
-0.31790649883230404
-0.3265041376528513
-0.2797000900034232
-0.2648188250735315
-0.1492450406602883
-0.24988893215511288
-0.21010212339288872
-0.21076896991498492
-0.15339206338251876
-0.23285328970656624
-0.35510324844980884
-0.22832250347506336
-0.2847406402345482
-0.13498719738393936
-0.2661030134974344
-0.3940100769624613
-0.31002855359881376
-0.17252252895297732
-0.1438652932197685
-0.27139750893895453
-0.2347587544128748
-0.259187086194288
-0.3222461486085022
-0.3847899471049972
-0.16162395395593127
-0.22489383936717197
-0.2080735028903291
-0.22763638867037794
-0.18684830602293523
-0.22799440265311494
-0.26562425524325056
-0.2169318442229531
-0.22345556305460307
-0.2549876829461811
-0.22213530733924927
-0.2329397786154414
-0.2413608397658167
-0.31376158620568684
-0.16946849698254376
-0.3525016821260341
-0.23512949771010686
-0.3028457754483464
-0.29066807784376936
-0.28678077251028394
-0.18773281757188195
-0.30728787987456413
-0.3970606905187863
-0.2708406664661037
-0.25274460589512077
-0.2443081668251303
-0.18440623251483315
-0.17942463120289176
-0.20089724939880885
-0.14631801934276908
-0.3715684678003359
-0.20069252307651897
-0.3194493943556705
-0.40805255814120756
-0.21771524435350478
-0.2414406311286762
-0.21347441489867613
-0.2398341388116245
-0.20704063538943002
-0.23494800013336414
-0.24067532118426752
-0.24864684208315904
-0.24910792159046993
-0.18242855494075863
-0.4287638376457647
-0.31958253787483465
-0.27268295692902894
-0.2651032624942205
-0.26929050665967225
-0.33085473208508726
-0.40181739532999927
-0.22982965949258635
-0.19876650820904532
-0.2263120240530725
-0.20055093845911431
-0.1322054061973624
-0.17880191769983597
-0.22066848262219488
-0.3740190592226874
-0.3792139107871194
-0.30642126848613316
-0.2680534555176273
-0.19420860585523556
-0.2252189757213133
-0.2552160016486174
-0.13385999362744525
-0.3456319240142113
-0.17444006251213381
-0.4014585852754204
-0.23495672318716362
-0.24714858493297823
-0.23825693693973707
-0.12217003970653878
-0.25832835772358465
-0.2393543438775633
-0.2402330648014134
-0.17837563768893747
-0.2817909351364506
-0.26928671046559993
-0.2544686513690569
-0.22705180916332005
-0.2672258550757674
-0.16226978094574548
-0.17787363551819652
-0.36601965719651514
-0.18459025252835132
-0.2787182807429122
-0.1800327986496268
-0.2975560032311847
-0.21176410893556372
-0.26531736539710793
-0.1806416526602561
-0.2749946631867434
-0.2515883030842976
-0.21470248076340998
-0.33587254250247495
-0.07665000526962705
-0.2608033979982537
-0.15579789815031259
-0.38154643649967485
-0.23697103282712398
-0.13313247392091984
-0.17625035260784433
-0.3066575645503057
-0.19031260166667027
-0.20991347135827165
-0.30340232792741056
-0.13942442500217342
-0.14272007002560747
-0.291771714764064
-0.20371388518780328
-0.19877749503615544
-0.26590764914603177
-0.23466961120963817
-0.16962006413194086
-0.2316435500457273
-0.2192734746110735
-0.23368274640060077
-0.2712571271313095
-0.24244200644884503
-0.35998785065698563
-0.1996647346333197
-0.2569376817541228
-0.17008163844769797
-0.295840169104243
-0.23241017162417635
-0.18334754879646595
-0.26147621463080495
-0.19523528243881905
-0.3232783974243001
-0.2172744014820283
-0.31461919967791296
-0.1557703062783159
-0.2762121364816318
-0.19542766329491315
-0.25993941730064524
-0.1943395676288397
-0.1554488827897949
-0.1523144937455544
-0.2561116612958546
-0.32082212481375905
-0.2085360483561485
-0.3355928322745378
-0.23780070202293904
-0.19482213933752837
-0.18932249839089796
-0.18207941091880614
-0.1731040439885923
-0.18588021297968435
-0.16769400984036004
-0.3387018137474787
-0.2925087296509094
-0.28591224250762987
-0.15520281575916095
-0.32378735586826224
-0.1953226309079471