356.834
386.51700000000017
413.4740000000001
369.4870000000001
484.56300000000033
386.398
339.288
392.5000000000001
330.3840000000002
382.41600000000017
403.9790000000001
280.125
362.451
276.25600000000003
316.2960000000001
422.46000000000015
338.314
447.44400000000013
349.4750000000001
432.5490000000001
304.393
476.94500000000033
339.35100000000017
397.47500000000025
461.5350000000001
195.218
372.3770000000002
569.1260000000002
378.8059999999999
340.46700000000016
403.4600000000001
216.166
480.5840000000003
233.31099999999995
309.84299999999996
386.45200000000006
305.2460000000001
288.34700000000004
377.4650000000001
341.40700000000015
276.29200000000003
328.3240000000002
364.82200000000006
298.258
328.00300000000004
374.4370000000001
437.4240000000001
336.3910000000001
318.3730000000001
309.749
246.31
408.4720000000001
272.739
214.29300000000003
272.284
340.3350000000001
434.5180000000002
214.224
381.4570000000001
302.355
324.38
442.52400000000017
418.4320000000001
435.5240000000003
460.6000000000004
320.37
427.3800000000001
416.4770000000001
376.47800000000007
431.53600000000034
356.76500000000004
408.545
341.43
368.79400000000015
479.3200000000004
351.33600000000007
383.48800000000017
339.4390000000001
390.48600000000016
381.4790000000001
298.3419999999999
464.54700000000037
387.21100000000007
517.6340000000004
317.388
369.4210000000002
284.31500000000005
275.101
305.72100000000006
430.5300000000002
319.4050000000001
285.229
295.382
350.8270000000001
378.36200000000014
287.38500000000005
222.28800000000004
321.72
425.4880000000001
198.29099999999997
294.236
337.33500000000004
351.40600000000006
383.38200000000006
295.368
304.321
344.392
446.5250000000002
234.68599999999998
263.326
310.39700000000016
254.67299999999997
296.41100000000006
438.5490000000001
389.4520000000003
230.22299999999998
481.61800000000034
419.90900000000016
349.184
304.84600000000006
358.4630000000001
431.5100000000001
445.36100000000016
368.48400000000004
411.54600000000016
371.3490000000001
430.4820000000003
376.3240000000001
269.728
369.4610000000002
356.4910000000001
374.50600000000003
385.48900000000026
405.47300000000007
380.51300000000026
324.38400000000007
380.5130000000001
282.73400000000004
253.21399999999994
467.6160000000001
308.41
410.5870000000002
397.4310000000001
419.50300000000004
467.99400000000014
388.50800000000027
334.37600000000015
319.382
371.5310000000002
295.291
381.4570000000001
450.49100000000016
414.48700000000014
403.5480000000003
211.353
236.227
372.49
482.5800000000002
376.48200000000014
506.4510000000001
488.97100000000034
417.46200000000016
473.9860000000002
372.42100000000016
224.30399999999997
407.9230000000001
381.39200000000005
460.51500000000016
466.4600000000002
270.33200000000005
297.745
439.53700000000026
275.735
419.5260000000003
444.5200000000002
356.3590000000001
423.5130000000001
221.281
355.35400000000004
357.45000000000016
446.5070000000002
338.3630000000001
555.0600000000002
465.47500000000014
460.53400000000016
357.88500000000016
250.31799999999993
287.3620000000001
448.5040000000002
283.396
384.52400000000034
276.31700000000006
406.52900000000034
439.55900000000014
201.229
280.331
316.361
344.39200000000005
289.122
295.3640000000001
275.73900000000003
368.3920000000001
338.7550000000001
495.38000000000017
421.4780000000001
294.30600000000004
408.50400000000013
420.4650000000002
310.3970000000001
394.3800000000001
370.4270000000002
476.89800000000014
414.2880000000001
407.85700000000014
410.47400000000016
235.37099999999995
338.4070000000001
221.29999999999995
385.4680000000001
237.32800000000003
375.4530000000001
350.46300000000025
239.32200000000003
457.5520000000002
488.58800000000036
446.55400000000014
352.3900000000001
244.24999999999994
278.69500000000005
229.07000000000005
440.55000000000024
355.3970000000001
441.5320000000003
323.73199999999997
350.34600000000006
236.2899999999999
440.9790000000002
529.5660000000001
418.4150000000002
384.35400000000016
323.4440000000001
351.41300000000007
387.5050000000001
398.55100000000016
292.284
449.48500000000007
359.40700000000027
358.7890000000002
488.65400000000045
216.28
334.354
278.78300000000013
523.5290000000002
360.3910000000002
351.4020000000001
476.57600000000025
425.89000000000027
392.4520000000002
345.3550000000001
496.5490000000002
364.32300000000004
488.6580000000003
273.313
304.37100000000004
240.715
255.42699999999996
494.5440000000002
347.34000000000003
343.33500000000004
446.95600000000024
306.38700000000006
360.45700000000016
388.4010000000001
400.34700000000015
494.5800000000002
276.29200000000003
347.37100000000004
262.353
354.4060000000002
212.24799999999996
330.2360000000001
426.44800000000015
320.39200000000005
382.46000000000015
345.7900000000001
297.2890000000001
336.4460000000001
418.5340000000003
417.4870000000002
252.31699999999998
350.41800000000006
301.411
410.4780000000003
380.3660000000001
398.4840000000001
366.42100000000005
465.4810000000002
473.95700000000033
308.4030000000001
348.3190000000001
281.355
279.752
526.4530000000002
464.5840000000003
372.49400000000014
517.5860000000004
287.35600000000005
350.42200000000014
325.40800000000013
441.35500000000013
439.53700000000015
362.8860000000002
406.3940000000001
308.79
514.9660000000002
394.44900000000007
474.4730000000002
443.50300000000027
429.92900000000026
327.36600000000004
467.5980000000002
365.3930000000001
356.4300000000001
435.2990000000001
405.4720000000001
360.4350000000001
357.20700000000005
371.31500000000005
379.4380000000001
475.61000000000024
453.4510000000003
483.38400000000024
472.51700000000034
306.3
391.4710000000002
518.7050000000004
487.6470000000003
273.38300000000004
358.398
387.50500000000005
379.4610000000001
273.33200000000005
206.27000000000004
369.85600000000005
333.3910000000001
370.47400000000016
394.58100000000024
254.28900000000002
392.4840000000001
330.409
370.40900000000005
286.291
356.0360000000001
265.316
446.5880000000002
384.48000000000013
488.3490000000003
422.5540000000001
386.42900000000014
342.44300000000015
429.5310000000001
304.41100000000006
431.6210000000004
238.29
397.41800000000006
419.4880000000001
374.50600000000014
367.367
419.5060000000002
453.55700000000013
346.86200000000014
315.332
330.306
378.49400000000014
472.56700000000023
377.4000000000001
354.53800000000007
452.51500000000027
449.5760000000002
346.50200000000007
526.4530000000002
430.4760000000001
450.5240000000001
309.40900000000005
266.3910000000001
359.40100000000007
324.38000000000005
392.79900000000015
325.434
199.27800000000002
270.329
287.70300000000003
307.353
425.4040000000001
223.23100000000002
274.36400000000003
328.42199999999997
333.387
438.47400000000016
441.55000000000007
229.239
367.37700000000007
295.42599999999993
363.4390000000002
378.4240000000002
491.5000000000002
345.39500000000004
347.85200000000003
375.475
405.4980000000002
492.4880000000002
311.38100000000003
343.42
247.31899999999996
317.2720000000001
273.28799999999995
409.4170000000002
385.47100000000023
338.473
277.4079999999999
368.38500000000005
382.8760000000001
356.44700000000006
250.257
339.42
347.70500000000004
343.4710000000003
286.287
362.85700000000026
394.46000000000026
252.27300000000002
369.49000000000024
437.5430000000001
428.53300000000013
327.4490000000001
441.5970000000002
456.0080000000003
491.65700000000027
230.242
379.2350000000002
267.28799999999995
444.53200000000015
413.5220000000002
391.22100000000006
374.4290000000001
253.77299999999997
368.3720000000001
512.5520000000002
362.41500000000013
297.358
423.5340000000003
382.42400000000015
459.5240000000003
407.38800000000015
268.14300000000003
308.366
285.72700000000003
293.33000000000004
416.4810000000002
411.7670000000001
478.6140000000002
336.4170000000001
428.8940000000002
425.51800000000026
493.5200000000002
429.52100000000024
429.49900000000014
337.22800000000024
371.4870000000001
427.57000000000016
397.5440000000002
380.49100000000027
368.4580000000001
261.288
300.4710000000001
381.4320000000002
421.67800000000005
189.21400000000003
278.37699999999995
381.4980000000002
367.4010000000001
478.5740000000002
357.38100000000003
435.56800000000015
474.3950000000002
425.58300000000025
308.293
497.7410000000002
298.7729999999999
494.54800000000023
421.95400000000006
556.4350000000002
419.355
451.90900000000016
410.5360000000003
190.15799999999993
298.342
428.53200000000015
281.315
375.83700000000005
578.757
408.4320000000002
267.33599999999996
381.3930000000001
342.31500000000017
418.8810000000002
458.51400000000024
359.99400000000014
372.49700000000007
253.714
283.322
337.4480000000001
481.5960000000003
269.22999999999996
499.68000000000035
246.69699999999997
402.4760000000001
301.27700000000004
445.93200000000024
407.4480000000002
417.581
486.2380000000001
343.35800000000006
409.5340000000002
249.31300000000002
453.91100000000023
378.2220000000002
344.43600000000004
461.5840000000001
297.3539999999999
415.4930000000001
353.33800000000014
515.0340000000002
259.284
386.43300000000005
303.43100000000004
275.7789999999999
354.41300000000007
494.63600000000054
247.25
373.2060000000001
459.3800000000001
499.5450000000002
279.72700000000003
226.16299999999998
393.50900000000024
393.39500000000004
418.90900000000016
358.4230000000001
374.4180000000002
542.4810000000001
468.5530000000002
303.377
321.295
426.66500000000025
296.128
496.59200000000016
340.3820000000001
454.8950000000001
451.50100000000015
436.51100000000014
391.43100000000004
475.52300000000025
435.5530000000003
252.726
412.2980000000002
321.288
329.2530000000001
447.7200000000001
263.34899999999993
294.3140000000001
300.35800000000006
384.4830000000001
311.38500000000005
499.04000000000025
320.8050000000001
402.49400000000014
433.45700000000016
311.341
394.5440000000002
271.345
409.5110000000002
255.252
441.48700000000014
499.54500000000024
453.9700000000001
443.5510000000002
517.6670000000003
404.4910000000001
496.5680000000002
310.74
369.42100000000005
394.4960000000001
271.3639999999999
378.5160000000003
328.44500000000016
282.317
437.52500000000015
455.5000000000003
353.33800000000014
488.5250000000002
406.8760000000001
191.27799999999993
526.7850000000003
267.19699999999995
329.42500000000007
362.34100000000007
352.39000000000004
493.43100000000044
341.3710000000001
396.3990000000001
353.44100000000014
409.19200000000006
236.3
322.41100000000006
351.4500000000001
396.49400000000026
270.267
484.5340000000002
441.5050000000002
238.23200000000003
489.9810000000004
407.5360000000003
428.4700000000002
288.37600000000003
460.58100000000024
419.8940000000002
499.64000000000027
477.3990000000002
331.43700000000007
264.20599999999996
405.76000000000005
300.4020000000001
409.57700000000017
536.0750000000003
382.5330000000002
261.325
319.38199999999995
218.28500000000003
476.47000000000037
415.54000000000025
385.4670000000001
360.8660000000001
324.38000000000005
463.53000000000037
471.5570000000002
330.34400000000016
325.43000000000006
388.42000000000013
373.43200000000013
415.9900000000001
447.5380000000003
294.788
423.4180000000002
420.51300000000015
319.71399999999994
364.4050000000001
350.4180000000001
226.32
520.0290000000003
519.6010000000002
462.4320000000002
467.5510000000004
471.0250000000002
492.4090000000002
314.7320000000001
403.52300000000025
425.87200000000007
309.82200000000006
305.33400000000006
460.6250000000002
475.4760000000003
268.342
395.50300000000027
425.5540000000001
342.826
421.4940000000002
409.4860000000003
372.4460000000002
304.38900000000007
353.3550000000001
383.4220000000001
260.3809999999999
425.5250000000003
383.5170000000001
272.30400000000003
408.57100000000037
432.5960000000001
369.4860000000002
392.362
390.4170000000001
341.3310000000001
345.39900000000006
401.4180000000001
487.55300000000034
297.398
310.78100000000006
416.5250000000002
449.5290000000004
538.6700000000004
460.0240000000001
368.3410000000001
314.21999999999997
375.42900000000026
490.6480000000003
245.30700000000002
395.5030000000001
247.29399999999998
430.50100000000026
429.5420000000002
319.43399999999997
365.3890000000001
291.2710000000001
384.48300000000006
271.25399999999996
342.75400000000013
232.23899999999995
341.32700000000006
311.168
315.4170000000001
523.85
453.5030000000002
318.4020000000001
474.5650000000002
283.32700000000006
391.3090000000001
419.51000000000016
258.32500000000005
325.34700000000004
319.426
338.8340000000001
266.127
478.4170000000002
314.36600000000004
395.48400000000004
498.44300000000015
247.25
450.5350000000003
572.7280000000005
309.73400000000004
203.28199999999993
498.39500000000015
291.307
269.077
421.47500000000014
510.4170000000003
249.09300000000002
461.6090000000002
299.765
318.33600000000007
314.3910000000001
454.6550000000004
417.9180000000001
375.49800000000005
311.38100000000003
418.5150000000003
368.43700000000007
451.54500000000036
246.265
337.18100000000004
337.42700000000013
267.35400000000004
389.24900000000014
415.5110000000001
389.20900000000006
369.42500000000007
368.4840000000001
416.9050000000001
495.21500000000015
377.22400000000005
306.39099999999996
454.54800000000034
316.27900000000005
332.42500000000007
481.6370000000003
197.18999999999997
456.49500000000023
323.7610000000001
365.43300000000005
383.78700000000015
270.115
317.41799999999995
298.367
478.2900000000002
326.7800000000001
318.41700000000014
223.25300000000001
352.3500000000001
316.401
362.45400000000006
430.53600000000006
299.265
371.44100000000003
420.9620000000002
317.3450000000001
380.4920000000003
408.4580000000003
373.4970000000002
431.5140000000001
460.60000000000036
272.329
380.4770000000001
487.6230000000002
459.4980000000003
395.8460000000002
251.28199999999998
336.3910000000001
431.5140000000002
286.287
494.61700000000036
365.4580000000001
181.23499999999996
388.4230000000001
370.361
201.25100000000003
317.772
369.42400000000004
304.3750000000001
449.261
379.45300000000015
429.5420000000002
507.87400000000014
314.40700000000004
410.4340000000002
301.39300000000003
323.35200000000003
379.5510000000003
436.4890000000002
338.41100000000006
439.4630000000001
378.18200000000013
400.4340000000001
395.5030000000002
271.276
271.75100000000003
382.4820000000002
236.65800000000002
315.657
431.5610000000004
415.55900000000014
421.8840000000001
219.19600000000003
487.5970000000003
425.46000000000004
365.4510000000001
348.358
489.53100000000023
271.4039999999999
370.5180000000001
297.745
332.4110000000001
416.6110000000001
498.6490000000003
369.39600000000013
216.26899999999998
356.3260000000001
263.68
372.42400000000004
324.40900000000005
379.8030000000001
324.4650000000001
330.2960000000001
379.46000000000015
509.45200000000017
424.48200000000026
344.4070000000001
384.82300000000015
380.44400000000013
315.37300000000005
352.47800000000007
228.251
322.38600000000014
198.226
360.37700000000007
402.8420000000001
372.4750000000001
426.5230000000001
448.42600000000016
427.76200000000017
338.36300000000006
412.5110000000002
339.847
441.55300000000017
455.25400000000013
297.749
509.8970000000004
342.3550000000001
311.37800000000004
416.5250000000002
428.96300000000014
391.4450000000002
298.34600000000006
289.375
366.288
278.337
429.4980000000001
294.43
224.329
406.414
369.218
260.289
546.7780000000004
304.77700000000004
382.51400000000007
342.4870000000002
380.5360000000002
353.4250000000001
387.5930000000002
497.57000000000016
329.581
379.36300000000006
399.27700000000016
328.481
327.1890000000001
328.39
364.3740000000001
476.6060000000002
471.6230000000002
347.4400000000002
459.54900000000015
279.344
379.8290000000001
383.1980000000001
468.5290000000002
374.3740000000002
277.121
299.3740000000001
379.40299999999996
478.5010000000002
415.55900000000014
283.283
174.20700000000002
399.47600000000017
200.19700000000003
243.33500000000006
493.41600000000045
270.29599999999994
524.6400000000003
523.6120000000003
476.9390000000003
304.777
329.45000000000005
352.50000000000017
354.3810000000001
258.28499999999997
369.67599999999993
307.44
319.34600000000006
273.2629999999999
358.81000000000006
416.35900000000004
348.4720000000002
305.4030000000001
297.38700000000006
464.50300000000016
395.4840000000001
334.40400000000005
371.4400000000001
360.4140000000001
532.7250000000003
461.5250000000002
298.3860000000001
276.3359999999999
327.40900000000005
346.427
242.68700000000004
427.5450000000002
284.384
367.40500000000014
314.42900000000003
513.6420000000003
414.48100000000017
384.4130000000001
587.6590000000001
428.28600000000006
318.4020000000001
403.3910000000001
358.41500000000013
282.278
454.4830000000002
354.15999999999997
278.31100000000004
428.2460000000001
296.798
472.58500000000026
312.442
257.264
346.77400000000006
303.387
418.99300000000017
342.3209999999999
440.9310000000004
381.4320000000001
475.93200000000024
371.9340000000001
485.65000000000026
429.8670000000002
496.40800000000024
406.5580000000002
262.334
184.279
488.99700000000024
226.30099999999996
414.4570000000002
361.261
402.31400000000014
405.8340000000002
391.92400000000015
327.4090000000001
399.30200000000013
428.5350000000001
336.43600000000004
397.4750000000003
247.29099999999997
489.5280000000003
292.36300000000006
436.9430000000002
282.43800000000005
224.32899999999995
387.41700000000014
355.173
389.4330000000001
358.7850000000001
438.45900000000023
245.16000000000003
340.445
340.836
324.4710000000002
267.672
328.799
383.37900000000013
294.4380000000001
354.765
263.68399999999997
339.3510000000001
292.40400000000005
291.30600000000004
351.3880000000001
441.4780000000002
209.17599999999996
371.16200000000003
428.52900000000017
262.33399999999995
300.3620000000001
400.8180000000001
393.4910000000001
352.3710000000001
416.4340000000002
469.67000000000047
292.3380000000001
379.46000000000015
364.4450000000001
325.41200000000003
413.4360000000001
489.4750000000001
450.92200000000014
491.61300000000017
493.6320000000003
435.4450000000003
460.53700000000026
430.3020000000002
326.4180000000001
316.284
437.4470000000002
354.38700000000006
264.74100000000004
309.325
314.34800000000007
443.28300000000024
345.4140000000002
362.81300000000016
352.478
323.39500000000004
388.4450000000001
427.54100000000017
401.8970000000003
303.314
299.355
390.8920000000002
228.25500000000002
341.802
354.57900000000006
369.42100000000016
417.50200000000024
384.867
324.40200000000004
414.89300000000014
399.47200000000015
302.355
248.71300000000002
295.335
205.217
325.36400000000003
293.37
346.43700000000007
256.26500000000004
369.44600000000014
512.4260000000002
286.419
261.34999999999997
399.39400000000023
274.36700000000013
285.32099999999997
375.4530000000001
258.3169999999999
391.49700000000007
428.396
396.403
453.3110000000001
486.5690000000003
403.61400000000026
348.39000000000004
412.5110000000003
405.42900000000014
345.302
375.22799999999995
453.9440000000001
530.5620000000002
530.6250000000003
381.84100000000024
360.4540000000002
488.59200000000027
246.33499999999995
459.65900000000016
413.4400000000002
441.50700000000023
498.5830000000003
517.6340000000002
401.8750000000001
325.773
368.39200000000005
389.4480000000001
353.4440000000002
461.5090000000001
332.78700000000003
282.29900000000004
366.3690000000001
281.82700000000006
364.401
298.557
398.81200000000007
296.33000000000004
415.35600000000017
369.4210000000001
475.56700000000023
416.54700000000025
276.163
425.3200000000001
324.40900000000005
482.6280000000003
337.81000000000006
285.30300000000005
431.49200000000025
249.269
362.769
221.26000000000002
336.4420000000001
372.29200000000003
319.361
296.39500000000004
432.52400000000034
455.3780000000001
385.8990000000001
442.49300000000017
404.5360000000001
342.37000000000006
371.3890000000001
392.48000000000013
321.38000000000005
242.303
362.38500000000005
392.8860000000001
333.77100000000013
258.365
484.5120000000002
303.19200000000006
300.22099999999995
279.347
457.5920000000004
379.57400000000007
312.344
318.417
262.74
427.50400000000013
301.4150000000002
303.446
343.766
349.412
391.8800000000003
473.5580000000002
376.909
341.46100000000007
359.3850000000001
383.40400000000017
301.456
444.58200000000016
324.384
329.444
389.33800000000014
448.51900000000023
247.301
404.86900000000026
321.3180000000001
305.399
470.5700000000004
336.46100000000007
456.31400000000025
294.35400000000004
295.3450000000001
293.77900000000005
384.8480000000001
295.338
335.7910000000002
319.34200000000004
372.4760000000001
236.27799999999996
450.56000000000023
504.05200000000025
307.39300000000014
420.60400000000027
459.5270000000002
305.33299999999997
398.4220000000001
378.4530000000002
530.5780000000002
467.59100000000035
339.442
301.37100000000004
519.6420000000003
353.37900000000025
323.3960000000001
419.53200000000027
504.63200000000035
403.47900000000004
266.261
444.02500000000015
293.41
426.4690000000003
303.159
364.4050000000001
312.37200000000007
337.3450000000001
379.23900000000003
454.5260000000003
406.8910000000002
394.28300000000013
326.3040000000001
415.51500000000027
371.4180000000002
462.5240000000002
459.5240000000002
440.49600000000027
381.39500000000004
378.4530000000001
411.5090000000001
352.1770000000001
364.46700000000016
474.5610000000003
295.37100000000004
376.434
353.4440000000002
429.54900000000015
328.79900000000004
480.5460000000003
482.94200000000023
423.4910000000001
330.84
460.3680000000002
343.4080000000001
331.22800000000007
310.4410000000001
404.44400000000013
403.90600000000006
393.4870000000001
421.9970000000001
281.155
446.5100000000001
399.47200000000015
358.18100000000015
383.5170000000002