38
45
48
45
55
47
43
48
39
48
43
30
44
36
43
51
39
57
40
48
31
65
40
50
52
25
43
67
42
32
49
28
61
29
28
44
43
28
45
40
35
46
43
50
24
48
57
40
40
31
30
47
32
25
43
44
54
25
46
35
38
54
51
54
60
37
49
50
42
52
45
47
42
43
58
47
41
40
46
42
34
53
42
58
35
42
32
25
35
54
39
34
35
39
53
34
26
34
51
22
36
42
43
52
27
32
39
53
27
30
37
38
32
50
45
24
58
47
43
29
42
55
44
39
46
52
47
58
28
44
40
44
45
48
45
35
43
29
44
59
35
49
47
52
54
49
44
35
43
36
45
58
51
45
24
28
45
61
47
50
58
52
57
48
27
46
47
52
59
27
30
56
30
43
50
41
50
25
43
48
60
43
65
55
55
40
32
33
59
31
44
39
46
49
25
34
40
44
36
43
28
46
42
53
55
35
47
47
36
54
43
60
44
47
49
30
40
23
43
22
42
41
27
55
61
52
38
33
36
25
48
44
61
39
48
26
48
65
51
47
38
41
43
49
33
54
41
42
60
26
42
32
70
45
45
48
45
47
37
62
46
56
33
33
23
30
54
41
39
58
34
40
46
62
67
34
38
32
41
27
29
55
39
42
47
37
34
48
49
28
39
32
47
44
49
49
59
56
38
47
32
27
55
59
45
61
31
42
38
54
54
41
50
37
62
46
64
59
49
33
54
41
36
45
48
46
35
45
43
58
55
52
56
36
47
65
59
29
40
48
44
30
22
44
40
46
46
32
47
40
43
34
45
32
50
47
55
51
44
41
48
37
53
24
45
50
41
46
51
60
37
38
37
44
59
48
39
58
52
32
55
55
55
36
28
40
41
44
36
22
30
39
44
70
28
30
36
43
53
57
32
39
33
41
47
66
45
37
44
55
64
36
34
26
37
38
52
46
40
28
46
39
41
32
38
40
41
41
41
47
30
44
55
49
34
50
56
58
24
36
32
56
52
38
40
23
53
55
46
36
46
46
58
51
26
37
33
35
51
53
62
39
51
49
62
50
47
32
44
50
45
42
43
34
35
45
40
20
29
43
43
54
44
51
46
48
43
50
33
64
48
56
42
57
47
25
36
54
35
42
67
51
34
48
48
51
54
35
42
23
35
36
58
32
66
24
50
44
49
50
45
65
41
47
30
49
34
40
53
35
51
54
61
32
47
36
30
43
54
31
39
48
61
28
28
49
48
48
42
46
51
60
30
39
52
26
57
42
52
56
50
44
55
49
27
46
41
43
43
31
34
37
49
35
56
33
46
59
43
39
27
46
26
50
67
53
54
65
50
62
31
41
46
34
43
37
35
49
54
52
54
51
22
48
35
39
51
45
57
43
47
41
44
29
37
42
43
31
58
48
34
59
48
54
31
58
49
65
57
35
29
48
40
50
64
43
31
32
23
53
45
46
41
34
56
57
46
41
42
41
44
53
29
53
49
36
46
47
22
58
62
47
57
53
63
34
49
50
28
46
55
58
34
45
53
36
48
45
44
33
45
48
27
53
45
32
46
48
43
45
46
39
39
46
58
36
35
53
50
70
47
44
34
44
60
25
43
29
49
54
35
46
31
44
34
38
32
40
31
35
63
54
38
55
34
44
47
28
37
36
41
26
69
36
47
50
33
51
68
39
21
50
36
22
55
57
22
57
35
40
35
51
43
39
35
50
43
55
28
40
45
33
38
55
40
45
42
43
45
41
34
58
42
40
63
25
61
36
46
47
26
34
32
51
34
37
25
47
36
40
54
37
46
42
37
40
49
47
49
57
31
42
56
59
44
31
42
48
37
61
40
19
49
45
23
33
42
38
54
45
52
59
36
44
34
36
41
53
39
52
44
53
46
38
34
46
27
36
53
52
51
25
60
48
46
41
69
32
42
32
38
45
61
48
24
41
34
44
39
48
38
45
47
50
57
47
41
44
37
40
24
40
29
42
54
44
44
56
43
39
48
38
54
55
33
50
49
41
53
44
42
34
29
34
31
50
26
22
48
37
30
68
38
42
40
44
44
41
60
27
41
41
34
33
39
42
61
55
36
52
35
40
42
57
47
31
37
49
62
50
33
22
46
25
26
58
32
68
64
59
34
34
42
42
30
35
32
44
30
40
51
46
34
32
57
48
39
44
43
66
63
43
32
40
40
27
46
32
53
40
65
51
44
74
49
37
51
43
35
62
41
35
44
36
57
39
31
46
36
44
40
48
45
59
40
58
50
53
38
27
17
61
24
54
37
42
52
39
36
43
49
44
45
28
61
34
50
30
22
48
42
45
41
56
32
41
33
33
39
35
47
32
41
35
39
32
36
51
51
26
37
50
31
32
46
45
45
53
57
35
46
44
35
49
60
54
59
56
52
59
43
39
37
51
42
27
36
41
45
40
40
42
39
47
46
43
35
31
48
26
36
43
40
45
42
35
52
49
33
29
38
28
39
35
39
28
51
54
34
27
45
35
34
41
32
46
46
59
49
60
47
43
50
46
40
49
53
73
66
44
43
60
31
46
49
49
61
62
42
36
54
47
40
56
36
33
44
28
44
30
46
33
46
43
65
45
28
49
37
58
38
31
56
30
44
24
36
34
44
30
52
44
44
55
50
43
48
44
43
27
43
48
36
30
63
33
25
32
51
43
37
33
30
49
37
33
43
46
49
55
41
38
41
45
33
51
35
45
40
57
31
47
32
36
53
37
49
36
30
30
42
35
37
34
42
31
47
60
37
45
56
39
50
49
66
62
39
33
68
43
38
42
65
47
37
46
31
48
28
54
37
41
44
56
47
39
43
46
43
55
56
55
51
43
47
39
47
58
33
45
36
56
37
57
56
50
38
45
39
34
35
50
43
45
44
35
55
51
40
40