58.2
49.85
79.37
104.37
124.07999999999998
58.64
38.33
72.19
88.41999999999999
92.81
37.27
57.78
75.71000000000001
100.74
97.07
81.91000000000001
80.89999999999999
159.94999999999996
69.31
61.08
34.15
76.67
85.61000000000001
54.34
71.33000000000001
83.55
91.93
57.690000000000005
49.410000000000004
33.730000000000004
121.53000000000002
54.46
82.61
46.17
20.310000000000002
97.56
124.57
27.05
51.47
56.790000000000006
87.99000000000001
81.91
127.40000000000002
111.0
20.23
114.95
97.30000000000001
62.660000000000004
84.5
42.24
49.410000000000004
99.13000000000001
52.81
36.68
76.11999999999999
90.51
113.62
52.08
70.58000000000001
70.59
67.43
80.75999999999999
108.7
90.27
85.95
79.62
28.8
142.03
84.5
71.5
75.71000000000001
82.36
46.92
78.9
103.17000000000002
104.97000000000001
59.0
44.81
77.73
40.43000000000001
68.28999999999999
97.67000000000002
105.48
103.35000000000001
38.33
59.230000000000004
63.83
30.21
81.17999999999999
102.31000000000002
78.51
85.95
29.54
82.45
132.68
77.25
64.52
90.41
144.66
32.34
52.31
93.79
82.86
131.99
85.84
41.13
82.29
102.01
55.980000000000004
86.69
36.69
69.17
66.48
75.71000000000001
96.97000000000001
61.31
90.04
71.11000000000001
72.24
24.06
66.48
106.60999999999999
64.68
92.26
48.41000000000001
127.63000000000001
85.07000000000002
106.82
29.1
56.790000000000006
40.620000000000005
60.85
64.55000000000001
55.510000000000005
50.27
69.03999999999999
49.410000000000004
50.17
98.75
39.92
33.09
59.81
103.54
71.74
69.72
84.5
87.94999999999999
75.96
45.230000000000004
90.92999999999999
65.79
85.24000000000001
125.2
69.72
18.84
87.99000000000001
57.690000000000005
63.4
84.3
100.35000000000001
130.08
113.26
96.66
84.94
55.13
79.37
119.23
102.41
87.38000000000001
25.78
58.900000000000006
75.88
49.33
88.91
106.14000000000001
83.68
78.94999999999999
46.17
112.14
68.54
87.38
59.08000000000001
118.66000000000001
63.25
65.54
35.580000000000005
35.53
29.1
112.22999999999999
20.310000000000002
64.68
72.24
75.71
101.74000000000001
35.91
59.290000000000006
107.11000000000001
83.55000000000001
71.63
84.27000000000001
54.02
72.19
139.23000000000002
113.33000000000001
89.76999999999998
55.760000000000005
75.93
77.10000000000001
32.78
129.77
75.71000000000001
140.52999999999997
55.4
71.53
99.77000000000001
23.47
66.65
38.33
63.050000000000004
70.97
63.99
82.08000000000001
37.28
100.88
104.54
104.62
51.22
66.48
65.27
53.6
107.19999999999999
67.49000000000001
91.35999999999999
99.76
98.54
32.34
75.42
104.60999999999999
49.85000000000001
84.5
45.980000000000004
113.08000000000001
71.62
56.75000000000001
150.76999999999998
131.10999999999999
82.11
85.90999999999998
91.72
37.3
70.71000000000001
23.550000000000004
109.77
107.72
66.84
110.80000000000001
82.14
85.38000000000001
72.48
145.63
73.13
82.11000000000001
56.24
63.5
52.89
20.310000000000002
106.56000000000002
56.92
85.30000000000001
74.76
66.48
45.480000000000004
125.82
152.93
107.67000000000002
73.58
81.16
41.57000000000001
60.03
26.3
42.24
87.63999999999999
40.620000000000005
67.87
75.92000000000002
52.96
82.0
75.27
86.92000000000002
30.96
62.66000000000001
38.33
89.52000000000001
53.010000000000005
69.15
84.78
76.24000000000001
88.18
57.690000000000005
165.53
38.33
54.88
100.04
101.06
72.68
108.97000000000001
81.70000000000002
79.11
46.61
75.71000000000001
99.60000000000001
30.03000000000001
117.86999999999999
72.52
105.4
132.14000000000001
135.51
80.23
74.08
110.0
118.29
90.63
86.11999999999999
89.27
98.76999999999998
75.71000000000001
51.22
90.28999999999999
106.62
63.68
115.76
76.15
92.36999999999999
70.71000000000001
67.6
112.81
78.0
71.09
76.14
79.37
105.56
29.1
45.150000000000006
64.74000000000001
60.050000000000004
70.5
75.27000000000001
57.42
72.80000000000001
66.48
97.97
82.18
55.5
49.03
68.31
72.96000000000001
114.90000000000002
76.02000000000001
97.64
76.02000000000001
110.60999999999999
60.69
70.67
45.15
46.61000000000001
133.39
67.43
33.120000000000005
92.08
37.38
48.470000000000006
68.02000000000001
58.64
71.78
109.65999999999998
86.81
23.550000000000004
103.39999999999999
80.32
27.05
100.04
75.27
92.93
29.54
33.2
71.53
62.550000000000004
103.72000000000001
54.88
26.02
95.5
105.36
53.459999999999994
126.99000000000001
37.38
58.2
52.31
48.300000000000004
58.64
39.34
74.85
71.62
21.259999999999998
93.89
65.74000000000001
129.36
65.07000000000001
54.88
89.02
74.43
138.33
40.05
120.32000000000001
52.82000000000001
78.63000000000001
63.68
77.69
65.28
57.690000000000005
21.700000000000003
71.06000000000002
56.74
61.190000000000005
73.98
88.24000000000001
67.49
61.440000000000005
83.68
54.71000000000001
105.72000000000001
58.620000000000005
59.91
119.30000000000001
71.26
29.54
69.72
86.79
60.93000000000001
41.99
59.59
61.040000000000006
116.06000000000002
96.81
69.15
82.52
12.47
90.50000000000001
182.56
121.03999999999999
92.16000000000001
67.79
128.07
114.04
81.78000000000002
22.0
55.21
75.63
85.83
78.27
78.51
83.55000000000001
85.26
94.16999999999999
88.53
115.95000000000002
80.97999999999999
126.73000000000002
68.29
71.42
79.37
49.17
75.71000000000001
67.43
48.010000000000005
24.39
79.12
65.7
48.39
34.59
87.74000000000001
66.76
92.78999999999999
46.260000000000005
63.57
67.79
67.08000000000001
82.33
98.83
44.1
90.35999999999999
78.42999999999999
123.27
89.25999999999999
52.33
84.94000000000001
57.38000000000001
62.550000000000004
55.650000000000006
67.00999999999999
85.09
128.28
103.39999999999999
55.11
194.65999999999997
128.98000000000002
116.31
86.22000000000001
52.06
92.26
54.02
35.580000000000005
49.09
136.82
67.93
55.63
41.99
107.60999999999999
87.76
90.63
106.94
62.300000000000004
149.86
65.38
62.11
22.0
91.16000000000001
56.790000000000006
58.64
96.97000000000001
47.56
67.6
132.98000000000002
66.48
47.370000000000005
114.19
53.49
16.380000000000003
66.91
84.86
63.68
75.32
104.21000000000001
132.05999999999997
70.14
77.49
86.78999999999999
94.83999999999999
52.18
112.86000000000001
106.77
112.66000000000001
75.71000000000001
21.700000000000003
51.91000000000001
18.46
72.7
80.48
46.64
116.72999999999999
143.81
107.73
86.28
114.47999999999999
88.08
41.99
72.39
87.82
61.77
68.50999999999999
74.41
83.97999999999999
71.35
59.81
71.09
75.74000000000001
66.38
58.64
128.23
62.620000000000005
43.18000000000001
50.95
73.22
50.42
89.42
128.08
69.72
81.81
133.82999999999998
57.38000000000001
106.15
48.03
79.9
59.92
39.07
32.78
74.23
69.67
91.49
126.46
132.98000000000002
122.88000000000002
98.02000000000001
32.5
64.99000000000001
29.1
52.650000000000006
90.7
81.31
66.92
116.15
99.03
35.580000000000005
107.77000000000001
94.03
89.25999999999999
61.440000000000005
101.49
59.81
129.1
94.83999999999999
123.62
97.71000000000001
86.78999999999999
114.20000000000002
62.45
101.49
99.0
81.13
84.5
46.61000000000001
46.010000000000005
85.61000000000001
49.410000000000004
65.37
118.47999999999999
50.160000000000004
71.09
64.63
55.04
69.72
72.27
54.46
24.940000000000005
56.510000000000005
105.83999999999999
55.32
92.72
63.68
82.73
79.26
48.13
97.83
41.99
134.3
59.81
44.370000000000005
87.31999999999998
60.660000000000004
24.06
81.71000000000001
139.89999999999998
62.72
113.4
93.19999999999999
101.55
80.05000000000001
62.32000000000001
99.5
50.95
95.71000000000001
74.57000000000001
91.56
61.82
61.88000000000001
76.30000000000001
17.3
87.74
79.12
76.66000000000001
33.370000000000005
80.75
31.35
24.5
83.94000000000001
55.29
63.83
58.120000000000005
74.66
55.4
83.98
111.64
125.19
76.83
77.77
84.25000000000001
38.33
58.64
50.60000000000001
98.69000000000001
92.16
45.67
92.03999999999999
37.190000000000005
146.53000000000003
56.33000000000001
54.35
71.53
59.31
95.12000000000002
86.78999999999999
63.39000000000001
79.79
143.53
41.8
117.42
84.5
69.97
110.87
51.22
54.34
96.76
130.82
80.37
84.11
38.769999999999996
72.19
75.66000000000001
84.06
67.94
46.61000000000001
26.3
43.09
180.88
64.36
78.84
82.97
63.68
77.07000000000001
128.28
84.6
58.56
82.14
110.52000000000001
43.07
127.64000000000001
68.58000000000001
46.53
78.0
48.0
72.95
51.22
49.85
77.25
72.28
33.120000000000005
84.94
86.94000000000001
100.36999999999999
30.21
48.910000000000004
72.7
49.620000000000005
67.42999999999999
83.91
99.41
83.08000000000001
88.33
67.87
52.650000000000006
93.73
100.27
96.69
66.04
58.970000000000006
75.02000000000001
103.78000000000002
138.85
80.12
62.21
88.74
42.24
72.7
55.13
70.58000000000001
59.08
60.85000000000001
55.37
98.76
66.65
54.6
95.16
92.41
105.57
67.43
82.45
79.11
81.76
63.91
107.47999999999999
75.09
61.36
85.59
79.95
75.99000000000001
72.37
68.54
71.19
104.81
126.64
67.25000000000001
71.09
29.54
81.43
111.49
62.300000000000004
47.56
57.010000000000005
81.81
108.38
74.30000000000001
95.58000000000001
114.9
84.50000000000001
104.38000000000001
37.28
77.25
66.89
103.78000000000002
69.03999999999999
85.84
93.83
92.33
54.040000000000006
77.63
30.19
84.94
55.12
30.19
77.98000000000002
60.93000000000001
80.32000000000001
79.65
104.37
83.92000000000002
76.82
74.45
145.04000000000002
20.310000000000002
49.410000000000004
53.49
60.040000000000006
68.28
91.72
76.24
43.08
102.44000000000001
55.730000000000004
55.45
66.91
80.32
64.01
107.77000000000001
46.400000000000006
67.46
97.6
69.67
88.74
66.15
64.43
35.940000000000005
51.22
74.76
64.19999999999999
107.84
107.88000000000002
83.98
81.35000000000001
101.03999999999999
75.27
81.42000000000002
76.66000000000001
29.96
80.64000000000001
123.9
67.93
52.57000000000001
110.30999999999999
60.77000000000001
74.13
84.5
75.25000000000001
61.940000000000005
29.1
21.700000000000003
80.9
106.09
50.7
33.29
79.53
58.2
48.67
91.71999999999998
61.96
69.88
50.160000000000004
54.18
46.92
44.7
77.73
54.27
84.67
58.2
32.34
78.87
76.15
88.0
95.38
86.78999999999999
77.25
97.83
84.71000000000001
101.64
77.10000000000001
87.78999999999999
114.62000000000002
38.96
63.13
64.63000000000001
94.55999999999999
69.72
61.56
53.6
93.38
63.08
50.08
95.16
77.23
98.31
154.30999999999997
58.440000000000005
51.22
47.78
49.85000000000001
42.010000000000005
119.28
59.59
46.17
92.47
47.89
76.35
93.21
61.650000000000006
61.77
69.62
119.38999999999999
76.12
56.74
78.27000000000001
85.91
66.92
131.54000000000002
73.94
58.64
63.99
49.410000000000004
65.97999999999999
74.27
53.22
101.25999999999999
36.690000000000005
95.47
90.54
89.80000000000001
160.26999999999998
66.73
67.35000000000001
161.07
53.99000000000001
59.81
123.91999999999999
87.25999999999999
55.24
91.49000000000001
58.2
70.08000000000001
52.54
46.17
79.58
71.42
75.27
78.25
76.46000000000001
82.45
90.29
52.65
104.37
73.57000000000001
106.5
69.9
62.22
26.3
105.4
44.120000000000005
65.74000000000001
66.48
79.46000000000001
94.91000000000003
30.19
75.11
53.75
78.87
93.57
80.76
69.39
118.92000000000002
38.92
60.68000000000001
99.74
46.010000000000005
89.79
73.58000000000001
117.52
78.27
98.82
67.49000000000001
78.87
80.03999999999999
41.57
84.6
53.33
96.44000000000001
68.28
75.71000000000001
68.06
85.94
62.12
69.89
123.04000000000002
69.72
66.49000000000001
70.30000000000001
77.1
55.13
76.88
89.80000000000001
79.6
79.2
139.48
69.72
53.33
84.22
58.97
53.6
67.79
95.58
67.87
95.58000000000001
105.66999999999999
72.91000000000001
141.21999999999997
73.22
86.71000000000001
61.83000000000001
70.59
88.52
43.07
91.22
107.99000000000001
95.98
55.730000000000004
64.80000000000001
49.410000000000004
29.96
92.77999999999999
57.230000000000004
80.97
91.93
71.09
71.33
56.22
64.86
40.620000000000005
74.61
77.46000000000001
59.39
87.22
85.99000000000001
92.51
64.24
41.46
56.260000000000005
65.69
57.650000000000006
46.92
77.74000000000001
62.06
75.81
100.04
23.550000000000004
39.94
66.74000000000001
16.130000000000003
92.7
60.92
35.53
90.21000000000001
107.96
146.57
49.410000000000004
102.19999999999999
27.63
49.410000000000004
79.62
65.38
72.48
60.92
79.12
147.51
97.23
88.6
84.5
77.53
53.75
38.56
71.53
81.51
74.35
68.70000000000002
65.38000000000001
83.47
63.449999999999996
63.68
63.27000000000001
71.09
41.99
64.35
82.81
21.259999999999998
81.42999999999999
78.1
32.78
83.45
32.34
80.75
116.84999999999997
94.56000000000002
49.33
168.97000000000003
60.67
47.10000000000001
68.00999999999999
94.81
88.48
38.66
98.54
38.67
62.89
29.1
107.82000000000002
41.99
67.67
114.18
54.69
97.13000000000001
93.57
49.85
109.75000000000001
51.129999999999995
52.980000000000004
38.92
70.00999999999999
51.22
56.790000000000006
34.03
115.88999999999999
25.78
21.59
45.78
73.86
7.12
52.900000000000006
58.64
48.38
77.25
46.09
38.33
55.84
88.62
71.75
110.00000000000001
49.410000000000004
54.02
68.54
94.17
73.39
82.60999999999999
43.6
75.43
47.56
84.16
38.67
55.57
140.82
55.4
111.42999999999998
83.98
93.89
54.120000000000005
73.34
54.88
72.95
54.620000000000005
77.25
83.29
67.66
43.6
69.68
86.78999999999999
29.540000000000003
69.04
89.77
55.73
96.59
72.24
154.61999999999998
108.13
89.02000000000001
63.25
104.03000000000002
97.18999999999998
52.65
99.00000000000001
143.92999999999998
78.51
126.33
36.440000000000005
12.47
94.17
42.32
94.09
35.010000000000005
38.25
84.71000000000001
102.45000000000002
83.55000000000001
68.00999999999999
85.97000000000001
88.69000000000001
93.36999999999999
122.41000000000001
105.24999999999999
86.66000000000001
94.38
83.21000000000001
63.050000000000004
87.24
88.26
104.54
55.96
95.94000000000001
73.34
64.59
49.410000000000004
92.28
111.24000000000001
135.38000000000002
38.92
67.79
80.4
70.67
15.71
98.81999999999998
59.0
63.57000000000001
29.33
33.120000000000005
76.47
81.5
84.67
57.01