-0.4134218288415873
-0.2534277359902996
-0.2547315510531861
-0.35235876176113246
-0.20991834208637034
-0.37037919197454633
-0.576868313469213
-0.28674503016041436
-0.48862054421462925
-0.4207879635539477
-0.5227552198510753
-0.4722471195979886
-0.44834023471706724
-0.2443295944189182
-0.2113081431701664
-0.5241800151037493
-0.2789525157554244
-0.339625066397379
-0.3147194637593416
-0.3809013793137585
-0.6503644411233822
-0.5765114954695492
-0.45962350863451956
-0.1733348018581644
-0.34000218361588697
-0.4950925172999556
-0.2666646064861205
-0.5694091149042684
-0.47460283392411823
-0.30626889402052365
-0.3971876554492976
-0.3040473998328553
-0.49650562695693434
-0.4177588400354034
-0.6321982566812288
-0.29535131740225223
-0.2930933409854348
-0.27200511519485565
-0.34223100990112426
-0.37857132085036915
-0.4608154445338612
-0.2841980363410108
-0.6485830159408915
-0.4897040087377283
-0.47387534750833443
-0.24254455131103275
-0.3268456759669122
-0.34964514580321643
-0.45170381637482826
-0.5148879218857314
-0.40727076331147566
-0.3144858176376404
-0.23557843685128432
-0.3886315642190079
-0.43853872103408464
-0.40723026512053995
-0.37851420615977577
-0.3686698209124091
-0.39675359789214876
-0.6076051943178493
-0.34657933998009505
-0.4356126320796504
-0.5961260937577941
-0.26590999756994416
-0.24345605658005165
-0.9608103885709498
-0.3939852992693075
-0.44896589175097246
-0.2555866496711982
-0.40057870008749885
-0.2776475215076263
-0.4502619471761651
-0.40495974111399835
-0.2500007773205287
-0.545669711660593
-0.40433797553043244
-0.45507885018400346
-0.5751358572188868
-0.4648533360850706
-0.3443368307506552
-0.3298042634533407
-0.7121763188014206
-0.4397848766420407
-0.4623952991588905
-0.5306234914886903
-0.4201791261940838
-0.3619660098661466
-0.4018298197893372
-0.39176062481220925
-0.39887707059969746
-0.20743095936622646
-0.23050246160451437
-0.4313582966122057
-0.2907282197203983
-0.64173948627055
-0.6446063053620037
-0.4957161872539148
-0.42183090907721116
-0.3356555514259879
-0.32183555704152544
-0.27019500048005207
-0.45686886826583467
-0.3342968318886649
-0.32105462285953335
-0.41694501907164955
-0.31434157598311796
-0.3983605134215719
-0.5630653995913537
-0.47803039450314283
-0.39411084587123696
-0.27395242187066754
-0.3190963291340165
-0.353208315471711
-0.3196308347051227
-0.2987808988224709
-0.35636728487862906
-0.44234788094073785
-0.2320129425073521
-0.4712241096144896
-0.25872925533335706
-0.24524230375535522
-0.3782670767776024
-0.34768345647590837
-0.3568803735090205
-0.4768592077315016
-0.35359577976649675
-0.25250547971406306
-0.506441572980423
-0.3570469269221591
-0.23693355088819268
-0.37827833724254717
-0.502153079038726
-0.44387762227403926
-0.4911949861001803
-0.3752396289413629
-0.3310508329101138
-0.7392731451781429
-0.36377378521578135
-0.2711851243992697
-0.41154465045358124
-0.30830642486755705
-0.4370862093461543
-0.33217865056030843
-0.3271278580329118
-0.32587910733564046
-0.38392221483816313
-0.37954174987659384
-0.31795084596596773
-0.4347070560077498
-0.5977600081201757
-0.45742144507396254
-0.35046341656194396
-0.3525481249952765
-0.4938618913988912
-0.5887704254493134
-0.32969761255519625
-0.41065187063563924
-0.5452984046073794
-0.357966945417846
-0.6921848686564032
-0.3702711266736646
-0.47350368775763246
-0.5279465608145744
-0.2157126045650557
-0.30420909118856526
-0.3575813168939703
-0.38827608712104694
-0.35032913969131774
-0.6926146733943268
-0.3825983649499384
-0.34518135244712744
-0.4804963038153249
-0.5156110447521008
-0.40140264876123966
-0.24210008085719842
-0.2375152458007827
-0.37363761522098704
-0.2362733075954223
-0.3633636697190011
-0.3298557142281509
-0.4034186340483388
-0.4084356824519674
-0.34507944928397344
-0.5181552351603043
-0.48085497863307236
-0.6275582380196062
-0.27828943064619305
-0.27391424423750654
-0.4074146013110884
-0.2361521526519614
-0.45346676268087693
-0.38416736543767716
-0.5942157946042511
-0.32177681439860933
-0.38483224727526627
-0.48443434721735895
-0.49120994439344207
-0.32973465345554237
-0.3973266360177722
-0.3431393614949525
-0.5452397311467105
-0.21010351863351617
-0.3907181452190773
-0.34303857206061994
-0.29045846043477974
-0.31568611538219526
-0.33520285116918397
-0.3232270478726347
-0.5157004073671464
-0.2804904948490627
-0.3609218638351738
-0.25751423641024923
-0.307850612844035
-0.21959354856720684
-0.34684488111157047
-0.4024881512460513
-0.26484295564542004
-0.23539990861839408
-0.3573986554830801
-0.574265001013179
-0.3610237203850488
-0.3358553007644066
-0.5497812449062952
-0.24146308616408255
-0.39849351256525606
-0.6010723470526177
-0.5023556521811514
-0.37710774701227623
-0.44211485173131915
-0.5022386897720139
-0.524524392824414
-0.37268547979189454
-0.22399202180896027
-0.6346187708570907
-0.6018430854295397
-0.19319360286478382
-0.2592884191626398
-0.2514206682389324
-0.3754998468470507
-0.28331863752515474
-0.3410567330005937
-0.4846692377512907
-0.27693703044147877
-0.6098293124562
-0.36255498183738794
-0.29349927180185953
-0.4351368565838081
-0.2729325443135824
-0.18888734927662046
-0.34394017563323465
-0.3533530018013473
-0.43371700425022097
-0.4685424941009842
-0.5377308710375598
-0.28513642787771365
-0.35668095573981357
-0.41900744585230615
-0.28347430212571373
-0.5512835121889802
-0.2628064123355813
-0.3737926891308234
-0.1877580581095947
-0.5376251239946938
-0.29556048450095834
-0.3386835205709571
-0.31104907232157997
-0.33913307255562136
-0.2496759247461176
-0.3459667717792097
-0.33852777286778696
-0.43534821406782787
-0.3316337168353395
-0.28044689449805965
-0.2625413691161454
-0.3949680041850713
-0.4600091895354917
-0.29744239399998335
-0.2711475757683974
-0.2508512171729066
-0.4058163878792281
-0.3956416387066993
-0.44654771032373947
-0.517540530778057
-0.38958836461107144
-0.3728300399802904
-0.28302565290815357
-0.3199833042293823
-0.2939780411856007
-0.40406756396192867
-0.8748926750003275
-0.2834566359986814
-0.39486208150695323
-0.2985058732101488
-0.3245593153348276
-0.3183269405744295
-0.8404236159266926
-0.3016966741058738
-0.5144448886114732
-0.6275184317159334
-0.47469373101259965
-0.48208566128211355
-0.3053733775963933
-0.4134163817806474
-0.46458086462432896
-0.48698552397933476
-0.27159553239008494
-0.45755099111615544
-0.36607139018827956
-0.3528785165295918
-0.3384368300790628
-0.24865042346670765
-0.30144968029829516
-0.23372853126748913
-0.7859411545090755
-0.6285509995660887
-0.23625183031485342
-0.263724586581304
-0.25052687209467667
-0.4207055702799726
-0.32863218033585434