0.27586206896551724
0.27956989247311825
0.32857142857142857
0.40298507462686567
0.3275862068965517
0.25
0.26666666666666666
0.37333333333333335
0.2682926829268293
0.34146341463414637
0.45
0.42028985507246375
0.3620689655172414
0.4666666666666667
0.25757575757575757
1.0
0.2876712328767123
0.3684210526315789
0.352112676056338
0.3698630136986301
0.33707865168539325
0.3333333333333333
0.2962962962962963
0.35294117647058826
0.44047619047619047
0.32857142857142857
0.37735849056603776
0.4342105263157895
0.29213483146067415
0.2692307692307692
0.30434782608695654
0.47435897435897434
0.3116883116883117
0.5189873417721519
0.3283582089552239
0.36507936507936506
1.0
0.45
0.328125
0.3146067415730337
0.47368421052631576
0.25806451612903225
0.3218390804597701
0.5
0.27848101265822783
0.410958904109589
0.27941176470588236
0.36231884057971014
0.2777777777777778
0.2982456140350877
0.3246753246753247
0.3157894736842105
0.26136363636363635
0.4
0.3333333333333333
0.2875
0.34146341463414637
0.27941176470588236
0.34545454545454546
0.3815789473684211
0.5178571428571429
0.2911392405063291
0.423728813559322
0.47297297297297297
0.3333333333333333
0.3026315789473684
0.5238095238095238
0.345679012345679
0.4084507042253521
0.44047619047619047
0.38666666666666666
0.3888888888888889
0.42528735632183906
0.30985915492957744
0.2911392405063291
0.4166666666666667
0.2602739726027397
0.34375
0.2857142857142857
0.47368421052631576
1.0
0.36
0.5384615384615384
0.42857142857142855
0.2413793103448276
0.2542372881355932
0.3333333333333333
0.27058823529411763
0.5
0.4342105263157895
0.3611111111111111
0.24074074074074073
0.4027777777777778
0.42857142857142855
0.3103448275862069
0.45121951219512196
0.27380952380952384
0.30666666666666664
0.2903225806451613
0.3333333333333333
0.30337078651685395
0.2807017543859649
0.30337078651685395
0.3225806451612903
0.4444444444444444
0.4457831325301205
0.30303030303030304
0.2857142857142857
0.2727272727272727
0.5466666666666666
0.6935483870967742
0.25
0.34285714285714286
0.45454545454545453
0.352112676056338
0.35135135135135137
0.25925925925925924
0.3170731707317073
0.34210526315789475
0.4457831325301205
0.38271604938271603
0.2835820895522388
0.84375
0.27058823529411763
0.3026315789473684
0.2647058823529412
0.3333333333333333
0.6266666666666667
0.29850746268656714
0.3466666666666667
0.3142857142857143
0.31645569620253167
0.41818181818181815