0.6440677966101694
0.4166666666666667
0.345679012345679
0.6666666666666666
0.6395348837209303
0.45977011494252873
0.35135135135135137
0.6376811594202898
0.35454545454545455
0.39759036144578314
0.4027777777777778
0.4430379746835443
0.59375
0.43661971830985913
0.4819277108433735
0.3626373626373626
0.38666666666666666
0.6666666666666666
0.35802469135802467
0.3493975903614458
0.6571428571428571
0.78
0.3625
0.5
0.4925373134328358
0.36046511627906974
0.6714285714285714
0.5151515151515151
0.9107142857142857
0.4025974025974026
0.38666666666666666
0.37333333333333335
0.75
0.4027777777777778
0.36363636363636365
0.3835616438356164
0.5125
0.4305555555555556
0.2647058823529412
0.37333333333333335
0.4942528735632184
0.5636363636363636
0.45
0.5443037974683544
0.3493975903614458
0.4788732394366197
0.35443037974683544
0.2621359223300971
0.676923076923077
0.3469387755102041
0.6911764705882353
0.704225352112676
0.8448275862068966
0.3875
0.35051546391752575
0.2524271844660194
0.7586206896551724
0.44155844155844154
0.6865671641791045
0.7719298245614035
0.8490566037735849
0.6764705882352942
0.8870967741935484