2.5216400000000005
0.49660000000000004
1.4161
4.929400000000002
3.373300000000002
4.320600000000003
3.6259200000000025
2.0450999999999997
4.020600000000002
2.6248000000000005
3.963300000000002
4.984430000000003
2.697300000000001
3.6223000000000027
3.5900000000000025
3.7715000000000023
3.8267700000000033
2.3385999999999996
3.4552000000000014
4.961180000000005
4.642320000000003
4.901680000000004
3.4876000000000023
3.120300000000001
2.7221400000000004
1.9911
2.6263999999999994
3.193600000000001
3.0604000000000013
4.164000000000003
2.2884400000000014
2.9757000000000007
1.9288399999999999
3.2207000000000017
2.8375000000000012
2.866200000000002
3.046820000000001
0.8521000000000001
4.319100000000003
2.6725200000000005
-0.8352999999999962
3.152400000000002
4.257880000000004
3.236600000000001
3.799100000000002
4.954740000000004
2.6298000000000004
3.2536000000000014
3.199880000000001
3.7721000000000027
3.2524000000000015
4.469400000000004
1.8310000000000004
4.1342000000000025
3.6963000000000026
2.834500000000001
2.7976
3.1868000000000007
0.7746999999999999
3.7936000000000014
2.31644
2.6765000000000008
2.947300000000001
3.510600000000003
1.8892
3.7970000000000024
0.8279000000000004
2.992700000000002
3.988120000000003
2.4224000000000006
2.926400000000001
4.521000000000004
2.948100000000001
4.229000000000003
3.594000000000002
3.5409000000000024
2.3282
3.4019200000000023
4.347400000000003
-0.6309
1.6078199999999998
3.583800000000002
2.1860999999999997
2.914300000000001
3.241500000000001
4.468020000000003
2.3029
1.0447199999999996
4.4776000000000025
0.5966999999999996
2.309
2.2676000000000007
4.7913400000000035
3.8075000000000028
3.6206000000000023
4.632400000000002
2.08648
3.8842000000000025
3.6628000000000025
4.937440000000004
3.048800000000001
3.447000000000002
3.9798000000000027
1.8508
2.200199999999999
1.0695
0.057499999999999885
1.2780199999999997
3.564600000000002
1.8295
4.746800000000002
1.2744700000000018
5.129940000000004
3.964900000000001
4.738000000000002
5.614980000000005
2.802200000000001
1.7992999999999997
1.1855000000000002
2.492000000000001
3.6758200000000025
3.7238000000000024
3.4228000000000014
3.094940000000001
1.3536999999999992
2.1371
6.353700000000006
0.6547999999999999
2.0155000000000003
3.867300000000003
5.589900000000004
4.315700000000004
3.3778000000000024
3.5566400000000016
2.1206999999999994
1.1785199999999993
3.0912000000000015
1.5852199999999999
4.322000000000004
1.9594
1.1222999999999992
3.1689000000000016
0.3013999999999998
3.399840000000002
1.7258399999999998
1.7173999999999998
2.5166000000000004
4.106600000000003
0.6198199999999998
7.108600000000007
1.8134999999999994
2.844240000000001
0.6099999999999999
1.5478999999999994
2.982120000000001
4.402820000000002
2.9761000000000015
2.7813
3.838300000000003
2.947700000000001
0.8962000000000008
2.20568
1.8489999999999998
3.8292200000000034
4.928800000000005
4.302920000000004
2.655220000000001
3.6819400000000018
0.47529999999999983
2.748100000000001
4.228420000000003
1.4763499999999998
3.267620000000001
3.523200000000002
4.619660000000004
2.7636000000000016
2.7319200000000006
3.5924000000000014
1.9529199999999993
1.3596999999999997
4.229420000000003
4.1727200000000035
1.032
3.0437400000000014
4.404600000000002
2.5071000000000003
4.351100000000004
2.809100000000001
2.734400000000001
2.5115000000000007
1.0799999999999992
4.1776000000000035
5.927640000000006
1.6985999999999997
3.118900000000002
2.551400000000001
4.167800000000003
1.7546999999999997
2.4775
4.8049000000000035
1.9474199999999995
1.2564999999999995
2.6212
4.422300000000004
3.609420000000002
0.6882
6.301420000000005
3.668800000000002
1.8133
2.8604000000000003
2.1206999999999994
2.763740000000001
3.860000000000003
0.7736999999999999
2.9159200000000016
2.3253200000000005
3.0831000000000017
2.6762000000000015
2.7569000000000017
2.449300000000001
2.0197199999999995
1.6689999999999998
3.7652000000000028
4.687920000000003
2.9862400000000013
3.8142000000000014
3.8141000000000016
1.5508
4.340820000000002
2.8198000000000008
2.1902999999999997
2.4153200000000004
0.2594999999999998
4.083500000000003
4.411500000000004
3.073800000000001
1.8074
1.4445399999999997
4.412200000000004
3.5751000000000026
3.7836900000000027
4.008920000000003
1.8893999999999997
2.3746400000000003
5.419300000000004
2.899700000000001
2.599780000000001
2.5174200000000004
2.819140000000001
4.125500000000003
3.5943000000000023
2.4250999999999996
3.636800000000002
1.978499999999999
3.700420000000002
0.06409999999999993
2.722600000000001
2.5501000000000005
3.119220000000002
4.510320000000004
3.629800000000003
3.0508200000000016
3.4891000000000005
2.36864
3.5084000000000017
1.1304999999999998
4.437700000000003
3.008440000000002
5.003000000000004
3.2509000000000023
2.3778000000000006
3.4213000000000013
3.973240000000003
3.894400000000002
4.196400000000002
4.445400000000003
1.7808199999999996
3.573400000000002
3.249520000000002
4.016200000000003
3.488520000000002
2.7657000000000007
3.0435000000000008
2.804120000000001
4.4349200000000035
4.6008400000000025
1.9728
2.3468999999999998
4.573420000000004
1.53234
4.8796000000000035
6.160000000000004
4.0656000000000025
4.2493200000000035
1.9796999999999998
3.0062000000000015
3.575680000000002
2.7849000000000013
3.740000000000002
3.256800000000001
3.9711200000000018
5.918440000000005
2.6136000000000017
3.292200000000001
3.2124000000000015
3.4873000000000025
1.0371999999999997
2.6589
2.7476200000000013
4.082500000000003
2.04702
0.5146000000000004
3.461800000000002
2.40648
3.37652
0.8753999999999995
1.7400000000000002
2.7342000000000004
5.012600000000003
4.955800000000004
2.8420200000000015
5.0206900000000045
3.491900000000002
2.0268999999999995
2.7309
0.8886999999999994
1.5703
3.243900000000001
2.7560200000000012
3.5573400000000026
3.2394200000000017
5.396900000000005
4.544520000000003
4.4547000000000025
4.8442000000000025
4.216000000000004
2.3701000000000008
2.6781000000000006
3.6058800000000018
2.5587800000000005
5.308100000000004
2.14792
4.119420000000003
2.7187200000000002
1.3393799999999998
2.8743000000000016
2.4651200000000006
3.881800000000003
3.3999200000000007
2.504200000000001
3.511800000000002
4.125820000000004
4.415600000000002
3.068220000000002
2.583000000000001
2.4358000000000004
4.366300000000003
4.869720000000004
2.9805400000000013
4.336400000000003
2.633800000000001
3.2067200000000016
3.2903200000000012
2.659420000000001
1.2266
2.8932
2.05544
2.9620000000000006
3.512500000000002
0.36250000000000027
3.9244200000000022
2.534620000000001
4.696300000000003
2.4937000000000005
5.400680000000005
0.9863
3.051100000000001
2.8004000000000016
2.3323
1.0860800000000002
4.324810000000004
2.6099000000000006
5.403400000000003
3.0851000000000006
4.474020000000004
3.7108000000000025
1.9919800000000003
1.5657999999999996
2.668100000000001
4.806820000000004
4.777300000000004
3.6420200000000005
3.677800000000003
2.5415
2.8202000000000016
3.6397000000000013
6.4352000000000045
4.4760000000000035
1.9202999999999992
5.063200000000005
2.650500000000001
3.8515400000000026
4.093200000000002
4.566300000000004
3.4187200000000013
2.0782
3.1776
1.67712
3.114600000000001
2.5753000000000004
4.582120000000003
2.19412
1.9335999999999998
2.6187000000000005
1.4752999999999998
2.1974799999999997
3.817180000000003
4.116000000000003
5.545000000000004
4.062600000000003
2.914600000000001
5.401020000000002
3.185100000000001
3.7573200000000027
2.951500000000001
4.344600000000003
2.9821000000000013
3.3484000000000025
2.3732000000000006
3.422500000000002
5.635400000000004
3.4551000000000016
3.5210000000000026
1.5255999999999996
2.6466400000000005
2.784320000000001
3.3387600000000006
1.2245199999999994
2.9307000000000007
4.283300000000004
3.4292200000000017
2.9405400000000013
2.07022
2.2466
2.25518
3.9239000000000024
2.4095000000000004
3.140600000000002
1.9818
4.686000000000003
2.882600000000001
3.0334000000000017
3.708400000000003
5.941000000000006
3.520240000000002
2.3041
4.222000000000002
3.366600000000002
1.8708999999999996
3.162320000000001
2.138299999999999
2.2323999999999993
3.256170000000002
4.524700000000003
3.1305000000000014
5.0991000000000035
1.8152999999999997
3.277000000000001
3.5744000000000025
3.3366000000000016
2.6556000000000006
6.7518000000000065
0.2394199999999993
3.9657000000000027
2.251499999999999
2.664900000000001
2.1476999999999995
3.2417000000000016
2.2455999999999996
1.0116999999999996
3.993520000000002
3.3950200000000006
3.619900000000003
2.4982000000000006
3.482000000000002
2.32618
3.055900000000001
2.3297999999999996
4.697320000000003
2.8758000000000017
3.4443600000000023
3.5126000000000017
3.850520000000002
3.5406000000000013
4.610120000000003
3.7746000000000013
3.0791000000000013
1.5147999999999997
2.36317
4.209620000000002
2.3319
2.0265
3.240400000000002
5.621020000000005
0.5046999999999995
1.3485
3.855400000000003
1.9922199999999999
3.522940000000003
2.6343200000000007
5.986200000000005
3.6597000000000017
1.4882999999999997
1.5383999999999998
3.945700000000003
2.3577000000000004
1.8201999999999998
4.788000000000005
4.640500000000002
2.2901
3.8988000000000023
2.8760000000000012
3.345720000000002
3.4893000000000027
1.1880999999999995
4.501800000000004
4.842500000000004
4.672400000000003
0.2023000000000002
3.811320000000003
3.0039000000000016
3.4548000000000023
1.0150000000000001
2.44742
1.8214999999999995
3.3902100000000015
4.683180000000004
3.8725000000000023
3.3541000000000016
4.235040000000003
3.784600000000002
4.267640000000003
0.8085999999999991
4.249800000000003
3.966400000000003
4.498500000000002
1.6034
3.351700000000002
5.056200000000004
5.487220000000004
2.781600000000001
2.2657999999999996
2.9731000000000005
2.817400000000001
4.233700000000003
2.2156
3.4788200000000025
3.2857000000000007
3.7402000000000006
2.7052200000000006
2.3154199999999996
4.2266600000000025
1.8059199999999997
4.564000000000004
1.2755000000000003
2.1533000000000007
3.297900000000001
4.540800000000003
4.166920000000002
4.870000000000004
3.878840000000002
3.120820000000002
2.4807000000000006
3.532700000000002
3.3302000000000023
2.0156
3.3937000000000017
1.9785
3.1735000000000015
3.3767200000000015
1.6774999999999998
-0.48609999999999925
1.7591799999999995
1.3563200000000002
3.5634000000000023
1.3241199999999997
3.914500000000003
2.1869199999999998
2.1881999999999993
3.4528000000000025
3.4788200000000025
2.2736
4.953920000000004
2.1216199999999996
2.829440000000001
2.9644600000000016
3.986640000000003
6.2382200000000045
3.6482000000000023
3.003700000000001
2.4164200000000005
3.0721000000000016
3.6042000000000023
4.5526000000000035
6.887800000000003
2.6820000000000004
2.889900000000001
3.9387000000000016
2.0667999999999997
3.0067000000000013
4.215520000000003
3.348700000000002
6.006200000000004
3.1475000000000017
4.397740000000002
2.315900000000001
2.008399999999999
1.629
3.325400000000002
2.2248
0.10329000000000005
2.3357
2.2296200000000006
2.4374200000000004
3.1635000000000018
4.3110000000000035
4.388700000000004
1.4533999999999998
2.0777
2.5484
1.6696
5.034540000000004
2.657140000000001
1.8824
4.202600000000003
2.23492
1.1367699999999996
2.6050200000000006
5.1132200000000045
4.400520000000002
4.114640000000003
2.8519000000000005
1.9058
2.5299400000000007
3.3671000000000024
1.8425
5.521840000000005
4.869800000000003
3.2891000000000012
2.1676
2.9834000000000014
3.405400000000002
3.6636000000000024
2.9937000000000014
3.526200000000001
3.247200000000002
3.3020000000000014
4.128540000000003
2.88152
3.893900000000003
1.3130199999999999
2.512600000000001
4.830600000000002
2.987160000000002
3.9116200000000036
1.6316
0.9978999999999991
1.45411
3.4178000000000024
2.4994000000000005
2.1924
3.0941
2.29742
-0.1167999999999999
4.757800000000003
4.296300000000002
4.676600000000001
4.568300000000003
2.1030999999999995
5.010300000000004
3.3992000000000013
3.1087200000000017
1.2741999999999998
2.778920000000001
2.4097
1.8323
1.9547199999999993
2.7588
1.7531999999999996
4.284840000000003
2.878000000000001
4.552740000000003
2.8416000000000015
5.488900000000003
3.3028000000000013
2.770620000000001
3.1914900000000017
1.4796
5.3251200000000045
2.109
1.7683
2.1363000000000003
4.2612200000000025
3.9613000000000023
4.780500000000005
1.63348
3.267800000000002
3.426400000000002
2.708400000000001
3.341700000000002
2.3179
5.3449000000000035
3.8038200000000026
2.6545000000000005
6.085900000000005
4.896440000000002
3.4864000000000024
4.158300000000003
2.3240599999999993
4.075000000000002
2.37
4.9272000000000045
2.2753000000000005
0.7441000000000002
2.726000000000001
2.17492
-2.2263
3.842900000000003
1.9116999999999995
2.0374
3.8835200000000025
1.095
2.890600000000002
2.519100000000001
4.1582000000000034
3.730170000000002
1.3169
1.9861199999999999
3.4913000000000025
3.445400000000002
4.772700000000004
3.5267800000000014
4.050780000000003
4.4764000000000035
4.725940000000004
2.2004
3.8902000000000028
0.8734
1.7364999999999997
1.8104
2.7654000000000014
4.144400000000003
1.6811
2.1531000000000002
3.1088200000000015
2.7519000000000013
2.0307999999999997
2.40602
2.9297000000000013
2.8007000000000017
2.862100000000002
4.186040000000003
5.047200000000003
3.3899000000000026
4.473920000000004
4.6849000000000025
4.957900000000003
3.314800000000001
3.1172200000000014
1.6406999999999998
1.6675
2.1208
3.352120000000002
2.36362
3.5257000000000014
2.7996000000000008
2.5047000000000006
1.3930999999999998
4.6275600000000034
5.2774000000000045
2.9373000000000014
2.8952000000000018
3.214200000000001
4.343100000000003
2.7459000000000007
2.1900199999999996
5.883900000000005
3.907320000000003
2.9098000000000015
2.7040000000000006
1.5999999999999996
-0.5389000000000004
3.085300000000002
2.733640000000001
3.6076000000000015
3.1150400000000023
2.2191
3.503540000000002
1.4861199999999997
2.382320000000001
2.3916200000000014
3.1861000000000015
2.652120000000001
6.443300000000005
3.3359000000000023
4.658920000000005
3.588540000000002
1.6226999999999998
-0.01700000000000018
2.7286800000000015
3.3001600000000018
0.22139000000000375
2.1546000000000003
2.7182200000000005
4.668900000000003
2.3385
3.0413000000000014
4.679840000000004
3.096300000000001
3.7893000000000026
4.789420000000004
3.354800000000002
2.0671999999999997
4.033020000000003
2.0685999999999996
3.3153200000000016
2.0368999999999997
2.59032
4.186900000000004
1.5606999999999998
2.2516999999999996
4.352500000000003
1.8689999999999998
3.1461000000000015
1.1061999999999999
3.2672000000000017
3.836000000000002
2.4772000000000007
3.5698200000000018
2.5607000000000006
4.670520000000003
5.951000000000005
2.8454000000000015
4.589220000000004
0.35060000000000013
2.269119999999999
2.756220000000001
1.4020999999999997
2.07
4.372940000000004
2.472200000000001
3.5257200000000024
3.458990000000001
2.1073
3.3458200000000007
3.8697000000000026
2.1319999999999997
2.2000200000000003
3.7174000000000014
3.913190000000002
0.2746999999999995
3.900100000000003
2.5854800000000004
2.00519
4.976500000000005
3.0901200000000015
4.351100000000003
4.073300000000002
2.9960000000000013
5.106200000000004
4.811200000000005
3.9266400000000035
2.8281
4.588000000000003
4.3626600000000035
3.5257600000000027
2.4872199999999998
3.390900000000002
3.4251400000000007
0.79862
5.383300000000002
-0.2292000000000003
3.8706000000000023
3.232500000000001
4.283920000000004
3.347100000000001
5.6254200000000045
4.440000000000004
3.277300000000002
2.1547
2.4092200000000004
1.9460000000000002
4.195220000000004
1.3337999999999999
1.1771999999999998
4.020000000000002
0.84822
3.5458200000000017
0.36362000000000017
3.472550000000001
3.0805000000000007
1.63722
5.285040000000005
2.923800000000001
2.995700000000002
4.637300000000002
1.7523199999999994
1.9428
4.2528000000000015
4.666600000000003
2.2540200000000006
4.7486200000000025
4.7832000000000034
2.1372
3.8144800000000023
2.2241999999999997
2.409700000000001
1.7911
4.526520000000004
1.9329999999999998
5.116900000000004
3.614820000000002
3.997100000000003
2.2168300000000003
5.797720000000006
2.588
4.511400000000004
2.680900000000001
1.4132899999999995
3.0297
2.37462
1.94884
3.4972100000000017
3.1698000000000013
2.9362000000000013
3.265460000000002
4.0958200000000025
1.3423999999999996
3.421800000000002
3.954500000000003
4.677800000000001
1.3820000000000001
0.39819999999999994
4.527820000000004
4.652200000000003
0.5574999999999999
4.206700000000002
1.0755000000000001
3.5604400000000016
3.444700000000002
3.747040000000002
1.5111999999999999
3.1780000000000017
2.60892
2.4198000000000004
1.60434
4.731000000000003
2.4557400000000005
1.4956999999999994
2.2234800000000003
5.890900000000006
4.119600000000003
3.4540200000000016
2.6035000000000013
3.238500000000001
3.0756000000000014
2.1423999999999994
2.351639999999999
3.0239200000000013
4.400840000000003
2.836100000000001
2.3675999999999995
3.9684000000000026
3.5145000000000017
3.0469000000000017
2.5428000000000006
1.62674
3.5838000000000028
4.077300000000004
1.0641999999999994
2.5388
1.69098
2.4918400000000007
3.2238000000000016
4.532300000000003
4.403000000000003
1.5937000000000001
0.9655999999999997
5.381800000000004
2.7654200000000007
4.239900000000002
3.928200000000002
2.740000000000001
1.1455
4.482320000000003
2.555340000000001
0.7662999999999998
0.29710000000000103
2.8138000000000005
4.681700000000004
2.4644000000000004
2.8215200000000005
2.2587
2.613100000000001
2.1603000000000003
1.3355199999999994
4.180920000000002
4.502100000000003
3.422410000000002
0.498800000000003
4.725440000000005
2.663520000000001
2.1209
4.245280000000003
1.8329999999999995
3.753400000000002
2.8359000000000005
1.3848
5.224700000000004
2.5340000000000007
2.1135200000000003
0.6392199999999999
5.235300000000005
2.3217
3.449600000000001
2.27276
3.560220000000003
3.525100000000002
4.812620000000004
3.5959200000000022
0.8086
4.550800000000003
1.9299000000000004
3.4247000000000023
2.6252000000000013
-0.1364000000000003
3.506400000000001
4.695200000000003
-0.9188999999999978
1.9522199999999998
3.3303400000000014
5.917600000000004
2.3276000000000003
6.416940000000004
2.864600000000001
3.049400000000001
1.0264999999999995
3.908400000000002
4.509400000000004
1.9219999999999997
4.230400000000003
2.229499999999999
4.477820000000003
7.492700000000006
4.1514200000000026
2.0265
4.400320000000002
3.884800000000002
1.0611999999999997
5.268800000000004
4.2119000000000035
3.8811000000000018
4.972100000000004
1.7285
2.9034400000000007
1.2856000000000007
3.2323000000000013
1.7755999999999996
2.8885400000000008
3.7055000000000025
3.787340000000003
3.8908000000000023
4.843300000000005
3.569440000000003
3.989900000000003
3.7870000000000017
1.6231399999999998
3.311320000000002
4.560200000000004
1.0837699999999995
2.568600000000001
1.9155999999999997
3.048420000000001
2.746200000000001
4.605700000000004
4.541840000000004
3.2300000000000026
0.5441
3.4160000000000013
3.162600000000001
1.8453199999999998
4.155020000000003
3.4445200000000025
2.975240000000001
1.5881999999999998
4.688100000000003
2.2098000000000004
-0.2621999999999989
3.731600000000003
2.3647
2.3782200000000007
1.6643999999999999
3.4453000000000014
1.0379000000000005
1.9107
3.646040000000003
4.2298000000000044
1.2973
5.924600000000006
4.836700000000004
1.0200999999999998
3.0401000000000016
3.2070000000000016
2.629600000000001
1.7551
0.9916
4.112140000000003
5.1492800000000045
3.9300000000000033
5.174620000000003
2.6001200000000004
3.502900000000002
3.9497000000000027
2.8715800000000016
6.114320000000006
2.068
2.7901000000000007
4.853900000000003
2.9647400000000017
0.8832899999999999
2.9975000000000005
0.6361000000000001
4.684800000000004
0.6908999999999998
3.064140000000001
3.1023000000000014
3.237870000000002
3.603500000000002
3.655240000000001
1.77284
0.6314
4.531000000000004
1.1268000000000002
5.678300000000004
2.3510999999999997
2.7104000000000017
3.448900000000002
4.799440000000004
1.7647999999999988
3.1525000000000016
2.7387200000000007
3.0223200000000014
2.8278000000000008
4.659000000000002
3.813320000000002
2.2165
3.1837000000000018
3.5116600000000027
2.7342200000000014
4.119420000000003
0.26070000000000015
2.8473000000000006
3.0717000000000017
3.4316000000000004
3.3712000000000018
1.234799999999999
2.2531
1.8121999999999998
1.7098
3.3904400000000026
3.9490200000000026
2.024
5.404720000000003
0.3630000000000002
2.6145200000000006
0.9884999999999995
2.5322500000000012
2.8797200000000007
2.6237000000000013
4.442900000000003
0.3150199999999998
3.9334000000000024
4.991100000000004
3.2474000000000016
2.9740400000000013
4.817500000000001
3.5310000000000024
5.842440000000005
2.6260000000000012
3.7138000000000027
0.3811200000000003
4.471200000000004
2.1700000000000004
3.6369200000000026
-0.034000000000000474
5.694400000000004
2.3591000000000006
3.146700000000002
2.1639999999999997
3.1803000000000017
5.639720000000006
2.2935999999999996
4.256920000000003
4.133900000000002
3.4578000000000015
3.6419400000000017
2.8020200000000006
4.297200000000005
-1.424299999999999
0.4808199999999996
3.4917000000000016
3.604300000000003
3.690240000000003
4.098200000000002
4.270500000000003
3.4112000000000027
2.983600000000001
3.774320000000003
4.357800000000004
1.4891199999999998
2.1776
3.608120000000002
5.6562000000000054
2.2117000000000004
4.007800000000003
0.7473199999999998
4.547480000000003
2.4412000000000003
4.333100000000003
3.7299200000000026
2.3414
2.7726000000000006
3.478900000000002
1.43712
3.6593800000000014
1.0909999999999997
4.967640000000003
2.772520000000001
3.8545400000000036
4.548100000000004
1.7729999999999997
2.2762000000000002
1.744599999999999
3.5139000000000022
2.0032
5.075740000000004
3.7382200000000028
3.482920000000002
2.1312999999999995
7.029200000000006
5.167060000000005
3.248800000000001
3.320100000000002
3.8460000000000027
3.7951000000000037
2.4657
2.2230000000000008
3.9723000000000024
3.9087000000000014
4.448540000000003
1.6910999999999996
4.083000000000003
2.1812199999999997
3.682400000000003
3.460320000000002
2.561600000000001
5.330300000000004
1.9650999999999998
2.8950200000000015
6.483200000000006
0.6234000000000002
3.7516200000000026
3.748300000000003
2.473700000000001
3.3311400000000013
2.9320000000000013
3.468300000000002
4.564300000000003
2.6402600000000005
2.6864