255.74499999999998
255.25099999999995
394.9030000000003
376.8940000000001
279.42999999999995
400.4780000000002
582.6830000000003
340.2950000000001
456.34400000000016
328.35100000000006
311.38100000000003
443.3700000000003
410.4260000000002
405.4450000000004
317.41200000000003
323.8200000000002
291.39799999999997
256.28999999999996
245.303
396.4500000000001
446.37400000000014
416.5020000000001
416.4300000000002
301.396
364.45300000000003
347.4650000000001
329.3810000000001
510.5680000000003
359.451
402.5120000000003
545.6580000000002
317.37000000000006
337.4010000000002
458.35600000000017
486.5790000000002
275.29799999999994
369.4210000000001
327.3580000000001
342.3980000000001
384.4360000000002
526.5930000000003
328.39300000000003
330.45300000000003
474.56100000000026
343.793
303.365
254.33299999999997
422.46000000000026
334.4260000000001
371.5500000000001
357.797
322.4560000000001
227.26
318.829
343.3790000000001
384.4960000000002
312.398
390.18600000000015
182.223
327.43
347.3960000000001
205.326
445.5220000000002
265.372
172.187
284.334
273.33599999999996
345.3580000000001
496.56400000000025
383.4290000000001
324.17800000000005
386.4950000000003
269.30400000000003
272.39799999999997
206.32899999999998
389.9520000000001
461.51600000000013
346.33900000000006
371.4480000000001
355.35800000000006
299.28600000000006
500.01700000000034
292.338
316.3570000000001
356.3380000000001
435.03700000000015
417.53100000000006
345.42800000000005
327.83600000000007
299.334
354.38700000000006
338.4540000000001
492.57200000000023
393.55300000000045
437.4520000000002
409.4580000000001
347.42200000000014
270.28400000000005
417.4940000000002
454.5920000000003
422.5510000000003
384.50100000000015
489.6220000000002
277.349
419.50300000000016
192.22200000000004
280.236
243.226
482.5120000000003
300.694
331.20199999999994
577.6850000000003
446.95600000000036
284.34000000000003
348.28000000000003
422.5200000000001
364.45200000000006
304.415
387.50200000000024
233.31099999999995
285.372
449.5360000000002
259.74
317.4410000000001
315.329
488.5660000000003
466.62900000000013
195.17399999999998
329.35200000000003
363.2440000000001
421.84000000000003
488.50000000000017
373.5660000000001
400.4850000000002
348.44300000000015
369.4280000000001
428.5730000000002
249.26599999999993
353.46200000000005
207.27299999999997
413.39000000000027
374.3370000000001
197.19400000000002
208.26399999999998
364.4270000000001
314.345
341.346
354.47499999999997
312.391
443.61200000000036
400.4790000000001
312.32900000000006
303.36600000000004
303.362
385.4450000000003
303.33000000000004
362.83800000000014
241.25
329.783
300.196
333.49800000000016
315.192
382.3920000000001
279.34299999999996
467.67900000000026
407.5390000000002
243.31000000000003
311.4100000000001
228.292
283.375
428.54000000000025
293.29
227.18499999999995
323.42100000000016
352.47800000000024
356.81300000000016
383.49900000000014
242.23800000000003
362.4510000000001
278.30799999999994
260.381
422.53500000000014
258.281
305.186
464.57600000000014
365.47000000000014
485.58400000000034
342.42400000000004
221.25999999999993
434.51800000000037
317.34900000000016
432.5010000000001
427.57300000000015
250.23899999999998
330.38400000000007
218.3
433.4390000000002
347.7620000000001
379.3320000000001
282.38700000000006
405.5050000000002
458.54000000000013
449.47000000000014
412.9420000000001
306.749
221.28
527.4220000000001
267.284
343.7700000000001
174.247
376.49700000000024
446.5100000000001
339.39100000000013
328.37100000000004
435.54600000000033
188.226
445.54100000000017
258.229
278.27099999999996
275.329
397.5230000000001
244.298
455.5990000000003
394.4520000000001
372.4400000000001
379.48900000000015
365.26300000000003
348.38000000000005
296.157
437.49600000000027
335.366
316.4010000000001
249.19000000000003
499.6330000000003
425.53500000000025
378.4100000000001
252.26999999999995
313.31
368.89300000000014
462.5750000000003
478.5740000000003
463.5590000000002
338.42900000000014
275.308
408.52700000000027
410.28700000000015
325.3200000000001
258.23300000000006
340.427
506.62800000000016
339.222
389.4590000000001
282.84000000000003
433.5550000000003
443.5030000000002
425.4050000000002
375.4280000000001
545.6390000000004
358.4630000000001
438.5490000000002
321.37600000000003
297.35400000000004
448.5080000000001
302.4220000000001
290.577
175.195
312.413
355.43800000000016
494.3450000000002
445.4040000000002
326.35900000000004
286.11400000000003
399.87400000000014
490.5890000000002
307.34900000000005
371.43600000000015
291.351
457.5300000000002
390.5310000000002
516.6020000000002
377.40000000000015
518.5300000000004
232.23499999999996
414.48700000000014
484.6890000000002
274.75100000000003
294.37600000000003
250.298
469.5630000000001
181.19099999999997
365.43600000000004
460.83900000000017
345.358
370.47400000000005
415.5150000000002
357.38100000000003
375.4280000000001
326.799
279.698
370.8250000000001
360.4170000000001
458.9930000000003
473.59500000000025
470.5950000000001
255.296
303.387
422.2830000000001
239.28200000000004
310.353
369.874
301.29799999999994
438.89300000000003
453.52400000000017
229.23899999999992
311.41400000000004
464.93100000000015
280.2990000000001
243.26600000000002
346.8210000000001
354.4710000000002
350.48400000000015
492.1130000000001
271.4039999999999
462.48400000000026
426.5170000000003
362.3420000000001
478.47000000000014
397.86200000000025
356.3820000000001
327.40900000000005
336.43500000000006
491.54600000000016
256.73199999999997
327.4530000000002
427.3380000000002
393.4050000000001
313.78499999999997
394.8400000000002
359.47600000000006
300.3390000000001
381.54500000000013
387.4800000000002
336.4350000000001
434.54000000000013
286.291
401.4880000000001
371.4370000000002
525.8520000000003
390.41700000000014
261.365
340.3750000000002
320.43600000000004
456.73
334.4410000000001
395.50700000000023
242.23800000000003
348.8050000000001
450.29700000000014
301.3710000000001
403.3940000000001
271.316
321.46700000000004
331.71900000000005
415.44200000000023
275.352
313.288
403.4600000000002
428.91900000000015
239.25300000000001
372.4040000000001
265.312
395.3900000000001
461.8740000000001
323.352
435.52400000000017
286.35299999999995
424.5690000000001
345.4240000000002
315.285
244.24999999999994
315.4420000000001
318.32700000000006
426.9250000000002
435.25300000000004
461.99600000000027
430.9320000000003
315.354
372.42100000000016
264.34999999999997
401.46200000000005
319.404
404.8540000000001
431.49200000000025
275.289
304.3710000000001
394.2320000000001
488.4440000000002
425.435
428.4850000000002
415.4490000000001
305.359
380.4440000000002
330.24
338.79400000000004
368.43300000000016
377.4000000000001
395.4840000000001
328.32800000000003
300.383
416.45500000000015
430.46400000000017
323.39599999999996
291.28200000000004
227.24200000000005
292.20700000000005
394.8360000000001
432.54900000000015
319.41200000000003
508.6210000000002
340.398
402.79000000000013
479.9240000000002
415.5370000000002
437.4920000000003
385.42
403.41300000000007
313.3570000000001
319.719
486.5690000000003
408.296
383.8750000000001
368.418
421.4970000000002
320.37
252.11500000000004
283.34900000000005
309.369
359.42600000000016
304.762
535.6370000000005
352.8430000000001
299.378
233.34
318.2040000000002
401.5130000000002
449.2120000000001
343.40799999999996
331.1990000000001
203.14399999999998
329.403
400.4270000000002
292.77000000000004
356.853
362.5100000000003
425.53300000000013
457.4300000000002
356.38500000000005
337.84700000000004
465.5060000000003
315.20700000000005
423.44400000000024
332.42500000000007
466.9060000000002
304.374
355.25300000000004
433.50800000000015
376.4570000000002
273.33599999999996
382.5040000000001
391.39700000000005
402.47200000000015
471.60700000000014
286.33900000000006
327.40900000000005
315.46100000000007
315.35
338.363
241.29
427.54800000000034
264.23699999999997
251.28500000000003
375.38800000000003
358.46700000000016
327.456
479.92000000000013
349.4340000000001
306.3910000000001
444.5280000000004
444.48700000000025
350.48400000000015
383.44800000000015
282.27
399.5010000000001
302.761
491.4940000000002
308.353
351.3620000000002
391.4490000000001
256.714
420.49800000000016
479.98600000000033
352.4410000000001
420.8780000000001
487.0440000000005
282.34000000000003
313.785
477.6300000000003
520.6770000000004
420.53800000000024
315.3730000000001
484.9430000000002
304.35300000000007
453.54200000000026
315.373
497.5980000000002
302.15700000000004
339.37300000000005
486.5190000000002
410.44900000000007
339.399
357.5040000000001
285.37200000000007
314.7320000000001
420.3430000000002
432.4140000000001
458.4840000000002
434.53600000000023
463.3970000000003
237.21499999999997
370.25699999999995
368.4120000000001
361.39700000000005
251.31099999999998
398.53100000000023
452.56200000000035
381.4390000000001
241.35899999999998
328.43700000000007
408.4980000000001
353.4470000000002
341.37000000000006
484.6000000000004
365.45500000000027
459.8890000000001
430.348
418.88700000000006
237.25899999999996
496.5240000000002
366.31300000000005
519.0300000000002
382.51200000000034
450.4240000000003
441.51300000000015
367.47800000000007
280.371
254.30699999999996
209.35799999999998
307.14300000000003
449.9390000000001
257.33699999999993
243.245
489.59700000000026
382.42000000000013
549.6600000000002
440.5180000000002
316.74800000000005
247.68099999999998
425.9150000000002
435.46500000000015
385.92000000000024
326.421
381.45700000000005
339.253
382.89900000000034
398.4880000000003
270.37299999999993
337.36
210.24000000000004
284.359
373.5030000000001
357.3620000000002
234.32099999999994
276.72700000000003
258.281
392.543
339.3990000000001
283.327
293.32300000000004
354.4530000000001
395.2860000000002
209.35799999999995
359.4070000000001
384.43100000000004
364.4050000000001
396.5160000000001
379.50800000000027
464.5950000000003
347.487
472.58900000000017
283.35600000000005
280.327
245.303
353.4950000000001
370.4740000000001
432.8540000000001
434.55800000000016
473.55100000000033
326.18300000000005
405.43200000000013
317.751
324.40900000000005
449.4590000000002
478.3420000000001
391.5000000000001
281.73900000000003
282.384
381.43200000000013
211.192
404.25300000000004
285.229
265.316
337.305
377.4180000000001
342.355
379.5070000000002
364.37600000000003
451.56700000000023
420.4870000000002
465.5970000000004
396.49100000000027
489.57900000000024
415.4890000000001
313.3860000000001
234.28000000000003
407.47400000000016
432.52700000000027
388.3760000000001
400.47500000000025
365.5020000000003
350.80500000000006
378.2910000000001
431.54300000000023
313.28500000000014
316.357
398.50300000000016
278.3519999999999
449.3480000000002
421.25000000000017
465.4930000000001
289.331
312.29999999999995
397.4750000000002
458.52200000000016
349.39000000000016
312.347
554.0650000000003
249.27300000000002
328.48100000000017
391.80600000000004
401.4660000000001
266.34700000000004
414.48700000000014
310.344
375.49400000000014
385.51400000000007
352.38700000000006
356.29400000000004
256.265
471.6080000000004
396.51500000000004
467.58800000000036
246.12199999999999
264.30600000000004
207.193
403.40900000000016
371.618
397.5250000000001
326.77900000000005
330.36300000000017
504.58700000000033
365.4510000000002
289.35999999999996
462.48000000000025
373.5400000000003
216.284
389.8860000000001
358.41700000000003
320.399
313.40500000000003
392.4840000000001
286.356
355.488
353.46600000000007
413.8570000000001
270.284
282.299
333.48199999999997
398.2570000000001
386.54200000000014
376.3900000000001
272.30400000000003
307.41900000000015
321.40500000000003
471.6040000000003
462.5750000000002
294.31
311.38100000000003
380.4290000000002
448.5220000000001
314.366
410.51800000000026
366.4670000000001
369.42100000000016
450.52400000000017
477.87000000000006
328.774
313.38100000000003
447.4870000000002
402.49100000000027
345.42400000000004
371.39300000000014
429.52000000000015
434.2900000000001
393.4650000000001
445.5410000000003
319.38599999999997
325.2730000000001
477.5170000000002
441.4840000000003
451.52000000000027
344.48000000000013
280.305
376.363
339.4640000000001
406.43200000000013
505.6190000000002
260.318
399.42800000000017
495.6010000000003
404.55100000000033
406.4380000000001
301.367
390.5120000000001
406.4930000000001
361.40100000000007
447.51300000000026
364.28300000000013
278.184
243.4199999999999
352.43300000000005
344.4360000000001
396.46800000000013
294.6940000000001
281.27099999999996
359.4510000000002
274.295
412.26500000000004
351.3660000000001
396.3400000000002
525.6240000000003
316.3760000000001
351.4500000000001
503.6060000000003
458.9640000000002
459.54600000000033
432.4760000000001
482.9050000000002
247.68900000000002
413.43300000000016
172.18699999999998
287.3
396.5090000000002
348.7420000000001
351.41
461.31600000000026
466.49000000000024
368.3890000000001
321.35800000000023
339.39100000000013
356.84900000000016
372.303
372.49000000000007
335.40700000000004
411.9140000000001
373.47800000000007
415.56600000000014
416.9080000000001
322.4080000000001
365.4370000000001
465.4590000000002
275.352
464.3790000000002
299.374
381.4320000000002
403.5110000000001
344.1900000000001
298.346
204.29800000000003
279.321
339.44200000000006
407.5170000000001
336.43500000000006
387.54900000000015
414.50500000000017
260.318
340.42600000000004
412.55900000000014
283.28999999999996
434.3970000000001
250.72900000000004
407.51800000000026
509.61100000000044
346.47100000000023
288.41600000000005
366.2440000000001
333.36500000000007
344.3670000000001
413.53900000000016
416.5430000000002
311.33700000000005
393.487
392.253
306.7090000000001
354.4750000000001
397.5160000000003
243.28100000000003
477.5020000000002
400.47500000000025
371.3960000000001
355.3690000000001
348.51600000000013
354.3810000000001
403.52300000000025
425.8720000000001
366.4390000000002
439.5410000000002
325.759
364.45300000000003
312.34400000000005
247.33799999999994
466.5630000000003
511.3910000000001
365.38900000000007
353.4210000000001
183.207
492.60500000000025
354.15999999999997
279.34000000000003
265.3089999999999
407.48900000000026
309.413
301.411
346.7950000000001
294.314
300.314
354.83700000000005
271.276
407.4630000000001
315.272
371.2340000000001
343.3870000000001
301.36699999999996
434.4270000000002
332.4290000000001
534.6570000000003
455.99300000000034
345.4020000000001
366.387
349.434
464.5720000000002
434.48300000000023
497.5990000000003
399.472
347.4430000000001
483.5460000000002
424.49700000000024
380.4220000000001
403.5480000000001
378.45700000000005
283.353
412.06600000000003
200.23799999999994
373.37800000000004
492.39900000000034
477.9700000000002
338.36300000000006
362.86000000000007
440.54400000000015
494.59600000000034
363.3950000000001
251.30699999999993
282.255
491.5990000000003
245.23800000000003
218.212
233.31400000000002
248.238
426.51300000000015
241.20299999999995
291.354
350.24100000000004
289.36
355.43700000000007
388.4450000000001
500.45600000000036
350.38300000000004
330.3880000000001
344.3420000000001
308.815
402.4250000000001
310.4
347.80500000000006
472.68000000000023
263.297
439.42800000000017
376.3810000000001
285.303
262.33399999999995
449.55100000000033
173.171
477.61100000000016
353.4220000000002
424.5050000000002
197.30299999999994
404.59900000000016
340.42300000000023
305.83399999999995
261.369
400.46400000000017
291.314
428.4660000000002
235.33099999999996
485.6100000000002
417.4120000000001
254.33299999999997
297.3830000000001
453.83800000000014
260.25300000000004
429.94800000000015
470.6200000000002
383.58400000000006
217.228
222.248
411.889
265.331
348.39900000000017
524.6210000000002
254.24900000000002
283.35600000000005
390.9110000000003
355.48200000000014
303.31800000000004
421.3960000000001
325.16200000000003
287.344
332.42900000000014
460.5340000000002
355.8470000000001
326.35600000000005
247.279
418.5620000000001
411.41700000000014
378.4570000000001
351.2550000000002
411.59000000000043
298.298
316.401
480.5650000000003
249.379
408.57100000000014
314.29300000000006
360.4100000000001
290.366
386.5020000000001
258.385
423.4890000000002
336.3880000000001
428.57300000000043
316.203
321.663
333.271
281.315
387.5050000000003
297.27
301.798
469.8830000000002
328.324
391.4490000000001
385.35600000000017
450.52400000000017
334.80300000000005
311.34000000000003
295.342
239.27499999999998
303.47100000000006
353.37800000000004
246.33199999999997
296.37500000000006
357.4830000000002
368.50200000000007
266.366
456.9620000000001
315.279
395.82000000000005
419.45300000000015
363.439
368.458
493.9220000000002
279.3860000000001
470.5920000000005
524.6140000000004
380.4950000000003
386.3930000000001
290.32200000000006
353.85
469.50500000000017
220.29700000000003
325.4340000000001
391.33900000000006
354.21
321.4270000000001
198.182
400.497
448.5890000000003
382.87300000000005
409.4900000000002
442.62800000000027
469.4750000000002
542.4990000000001
424.5450000000002
220.25700000000003
382.803
309.318
352.3900000000001
475.3680000000002
190.19499999999996
414.41800000000023
360.548
542.5770000000002
268.32000000000005
372.47500000000014
366.87300000000005
350.3960000000001
402.8810000000001
273.263
271.276
314.305
422.5290000000002
342.5270000000001
250.323
405.47900000000004
346.4750000000002
281.739
429.6290000000003
352.41500000000013
237.28
498.243
342.4200000000001
271.276
367.44000000000005
284.35499999999996
334.379
452.37000000000023
299.3550000000001
282.343
411.5060000000002
360.5840000000001
352.38700000000006
352.39000000000004
404.4700000000002
498.57100000000037
416.84600000000006
345.44200000000006
440.93100000000015
440.5360000000002
281.271
429.5500000000002
384.5490000000001
345.752
405.4070000000001
344.43600000000004
321.337
309.369
327.1670000000001
336.5230000000001
420.50900000000007
344.4210000000001
312.3910000000001
262.312
441.5530000000001
244.29700000000003
317.34800000000007
356.49100000000016
323.35200000000003
352.391
326.346
337.33500000000004
270.33299999999997
397.54400000000015
425.48800000000017
439.55900000000014
395.4590000000003
368.41400000000004
449.5040000000002
382.51100000000025
267.328
376.7220000000001
237.29899999999998
469.5410000000002
316.4080000000001
251.69499999999996
297.41999999999996
436.5370000000001
376.44900000000007
310.7810000000001
281.38500000000005
463.8770000000002
424.9530000000002
412.5110000000001
414.94300000000015
356.45100000000014
405.4540000000002
383.47300000000007
459.3800000000002
454.59200000000027
427.4820000000002
313.4410000000002
434.38400000000007
393.36500000000007
433.51500000000016
295.298
218.21600000000004
514.2210000000001
365.37100000000004
315.40200000000016
303.70500000000004
472.6150000000001
463.9870000000004
450.4470000000002
231.255
276.3000000000001
443.5470000000002
212.24899999999997
427.4510000000001
258.277
370.23600000000005
364.44500000000005
458.9670000000001
481.6000000000003
320.41400000000004
433.5050000000001
255.27300000000002
342.3950000000001
366.83300000000014
485.9490000000001
302.33
347.41400000000004
367.4450000000001
427.48200000000014
409.5110000000002
314.3630000000001
481.5050000000003
325.3640000000001
505.5560000000002
300.74500000000006
289.33099999999996
377.30300000000005
298.346
273.336
311.40600000000006
297.3790000000001
386.4960000000002
371.362
332.154
409.48600000000016
256.269
304.37100000000015
449.64600000000036
355.463
404.4380000000003
222.204
459.5250000000002
445.0130000000001
282.318
435.9770000000002
384.572
402.87800000000016
388.49200000000013
257.33699999999993
432.5420000000002
365.38500000000016
416.5000000000001
461.52900000000017
284.40299999999996
382.4260000000001
447.95100000000014
245.36899999999997
247.33799999999994
264.756
265.26800000000003
373.49600000000004
374.48500000000024
395.4400000000001
463.5190000000001
356.2410000000001
328.4370000000001
317.77600000000007
401.5570000000002
213.24099999999993
378.41400000000016
313.83200000000005
341.4800000000001
416.52500000000015
343.27099999999996
403.8910000000001
458.44000000000017
339.3760000000001
374.366
408.38000000000005
432.4980000000003
246.31
380.4950000000001
536.6940000000004
237.28000000000003
329.5130000000001
200.263
322.79200000000003
347.4150000000001
318.78499999999997
475.54500000000013
392.45900000000006
302.15700000000004
364.351
252.29500000000002
329.78700000000003
472.49400000000037
365.2600000000001
264.43799999999993
474.5610000000003
547.6770000000002
304.31300000000005
347.3670000000001
481.6000000000004
261.708
386.4290000000001
317.38800000000003
497.5920000000003
485.4260000000001
308.09499999999997
483.5890000000003
326.4360000000001
331.76300000000003
385.42700000000013
343.4230000000001
359.4760000000001
308.179
371.7980000000001
423.4720000000002
352.232
389.4800000000001
399.4130000000002
351.368
428.98600000000033
370.4930000000001
450.5390000000002
225.294
484.5030000000001
234.299
378.41300000000007
568.4430000000002
238.33099999999996
337.42300000000006
455.3410000000001
400.4850000000002
314.414
184.27899999999994
355.3940000000001
330.387
451.97600000000034
201.254