26
23
41
37
28
48
71
48
49
39
35
48
50
46
43
36
33
27
26
55
43
49
49
31
40
41
39
62
43
45
65
34
37
46
60
31
47
38
39
52
63
37
36
59
42
38
30
54
32
43
38
40
29
34
41
44
36
47
23
37
40
23
50
29
22
36
36
42
63
48
32
50
29
30
29
41
54
47
45
44
37
61
35
42
58
44
51
41
35
41
41
38
63
44
52
45
44
32
46
52
50
44
61
30
43
25
40
29
54
32
35
69
51
33
42
54
42
35
44
32
31
50
27
44
37
55
54
24
36
39
60
69
40
51
37
40
51
32
43
24
52
38
25
24
44
39
39
37
38
46
47
40
41
35
47
34
43
33
31
26
37
31
51
36
51
45
27
33
25
37
48
38
28
39
41
45
43
34
42
33
26
49
30
34
51
44
62
39
31
46
37
50
50
33
40
27
56
41
59
34
44
56
59
46
38
33
63
33
44
24
50
51
35
41
52
22
55
34
35
30
48
29
55
47
45
44
38
40
32
52
39
41
39
59
53
55
32
37
41
52
63
52
43
39
47
42
38
37
42
64
39
47
27
49
53
49
45
66
46
53
38
33
53
37
27
22
33
45
54
43
43
35
46
56
34
44
33
57
42
64
44
58
27
53
51
32
30
30
55
28
44
42
44
47
52
43
46
32
30
38
45
52
59
55
33
33
46
29
39
37
37
49
55
27
36
54
34
27
37
41
41
56
34
50
56
43
59
48
44
37
39
56
30
38
42
47
37
51
39
33
46
47
41
55
37
50
50
57
50
28
41
37
62
40
46
34
39
50
40
62
31
33
46
55
32
37
52
51
26
48
33
48
50
39
50
34
45
37
46
29
37
36
45
44
50
48
37
49
28
48
32
44
56
31
39
41
54
54
49
46
34
41
30
35
43
51
46
37
30
53
52
37
36
25
53
47
50
36
60
40
56
55
49
56
44
51
34
40
62
42
37
43
54
34
23
34
39
47
34
68
39
33
28
32
49
48
42
33
23
39
47
30
39
34
53
55
43
37
59
46
52
38
56
33
36
44
51
30
43
48
46
51
34
41
36
39
40
30
47
41
28
42
40
34
56
42
38
55
49
43
48
36
46
35
58
32
42
54
26
51
55
40
60
59
33
37
57
66
48
36
58
36
54
43
55
31
46
60
44
41
37
33
38
44
53
54
54
53
33
43
42
43
29
44
54
54
31
39
46
42
41
63
47
56
54
53
36
75
33
55
43
44
51
42
30
27
20
29
53
28
26
62
48
65
50
36
26
46
63
41
37
46
38
41
44
33
38
25
38
43
44
18
33
32
46
43
35
33
40
44
18
44
47
43
47
45
49
42
53
32
37
24
37
42
49
49
57
34
49
36
39
56
51
45
29
30
45
25
46
34
36
45
45
40
47
42
52
53
53
48
59
48
36
26
56
49
51
47
41
41
36
49
35
39
44
29
45
44
59
36
38
47
56
44
38
60
31
36
43
49
31
48
37
49
47
42
42
35
53
45
58
25
29
22
47
37
43
42
35
64
52
32
56
40
28
49
47
35
35
43
32
40
37
48
32
35
39
41
45
48
31
31
37
53
52
36
34
46
57
36
48
40
45
48
58
36
33
50
47
37
51
52
42
51
53
39
44
55
54
55
37
35
42
38
52
64
29
50
60
48
54
35
42
45
46
54
28
50
21
42
40
46
35
34
38
31
44
44
49
60
33
42
64
51
60
56
64
26
51
23
30
46
47
42
58
57
45
36
42
41
32
43
35
47
38
45
46
37
43
56
30
61
35
45
44
41
36
22
32
41
52
43
45
53
30
39
46
32
54
27
51
60
38
31
38
39
39
57
48
39
46
38
38
37
46
29
60
49
47
43
35
42
49
53
45
52
37
40
38
29
56
53
44
43
21
58
41
33
27
53
34
30
43
35
36
42
31
48
37
37
43
32
56
39
66
50
40
45
41
49
49
59
46
39
68
50
48
42
46
38
40
21
45
46
57
44
40
53
56
45
32
37
57
28
27
26
33
53
35
36
32
33
52
45
69
37
39
43
33
55
35
41
46
30
59
45
41
30
50
20
56
39
59
20
49
44
33
30
50
32
50
28
58
51
24
35
53
28
44
50
40
24
28
49
31
42
67
31
33
44
46
39
47
30
30
41
59
39
43
30
52
51
48
40
46
44
35
55
25
47
40
44
32
45
35
56
48
48
35
36
45
31
48
42
30
55
37
52
42
55
36
38
32
26
33
45
25
38
35
37
30
49
43
46
54
42
43
60
30
49
69
44
49
34
41
52
23
34
47
43
33
30
52
51
42
48
56
62
60
51
23
42
38
39
53
21
53
33
65
30
42
38
41
50
34
34
46
51
42
29
45
44
29
51
42
30
66
37
32
44
34
41
45
31
36
52
36
43
44
52
66
56
41
52
63
39
52
40
36
52
42
42
37
33
35
52
38
35
29
53
27
40
40
43
46
38
40
33
44
52
49
46
45
51
44
38
29
26
57
35
30
32
48
50
31
32
63
56
51
43
45
50
42
48
51
49
34
39
50
57
34
26
45
47
38
43
55
50
59
29
34
52
28
53
28
40
43
56
51
37
52
31
41
41
57
32
42
45
53
44
36
55
40
54
37
39
50
37
32
36
35
42
44
31
47
32
39
50
43
47
27
57
47
34
50
40
44
46
29
47
46
46
53
37
46
49
25
27
29
32
45
45
49
55
31
36
34
40
23
47
31
35
50
31
44
56
38
43
55
52
29
45
63
27
42
21
33
38
37
59
47
31
44
31
37
66
38
24
60
61
37
45
56
33
47
38
60
51
28
60
43
39
43
44
37
25
46
53
28
44
46
40
49
45
57
21
58
26
48
67
26
38
43
43
34
19
42
38
53
26