29.54
79.23
65.12
66.38
20.310000000000002
42.010000000000005
126.28999999999999
120.27000000000001
88.91
67.91000000000001
20.310000000000002
100.85999999999999
88.02000000000001
58.81
24.19
66.39999999999999
30.330000000000005
67.77000000000001
42.24
72.44
63.050000000000004
80.05000000000001
104.44000000000001
47.78
84.73
75.75999999999999
94.31
111.24000000000001
72.39
64.99000000000001
122.31999999999996
70.67
84.67
78.51
130.17
29.1
91.65
105.09000000000002
62.22
87.95
174.2
51.54
73.44999999999999
90.52999999999999
68.75999999999999
42.47
55.120000000000005
84.30000000000001
79.53
35.580000000000005
77.25
33.09
71.69
32.34
66.35000000000001
44.760000000000005
72.97
120.06
58.2
40.54
101.41
12.03
89.99000000000001
23.47
45.75
35.83
66.64000000000001
72.81
126.91
94.22000000000001
56.150000000000006
50.69
60.18
36.15
17.07
27.740000000000002
126.73000000000002
111.79000000000002
71.76
116.16999999999999
92.51
127.64000000000001
49.410000000000004
82.63
127.74000000000001
34.89
95.58000000000001
86.69
20.310000000000002
75.92000000000002
87.66000000000001
49.85
85.24000000000001
81.99999999999999
108.01000000000002
54.88
73.12
52.58
77.05
80.57000000000001
107.94
62.550000000000004
57.00000000000001
88.24000000000001
93.9
70.14
104.7
85.32000000000001
96.39000000000001
71.06
46.010000000000005
149.41
79.61999999999999
65.38
64.36
51.42
88.66000000000001
49.410000000000004
61.88000000000001
29.540000000000003
43.85
84.06
37.28
80.55
89.55
146.19000000000003
57.260000000000005
65.49000000000001
84.86000000000001
41.57
101.28
132.65
39.6
100.72999999999999
67.87
127.19000000000001
62.24000000000001
66.84
49.769999999999996
29.54
145.39
27.740000000000002
84.08000000000001
25.78
105.4
89.49000000000001
81.92999999999999
49.410000000000004
66.92
21.700000000000003
96.7
99.16
65.06
70.99999999999999
82.45
29.96
66.48
70.92
51.58
29.54
69.72
70.28999999999999
88.39
58.900000000000006
52.650000000000006
54.34
46.06
46.400000000000006
69.64
54.35
79.96000000000001
111.02000000000001
33.120000000000005
82.0
41.57
77.62
110.01
93.88
75.71000000000001
84.5
41.13
66.4
62.470000000000006
51.96
101.80000000000001
72.91
78.03
62.47
68.06
106.79
88.83
75.71
47.78
98.02
72.64
32.11
80.23
91.9
131.74
41.13
104.28999999999999
144.11999999999998
175.62
49.410000000000004
74.68
64.03999999999999
79.9
51.46000000000001
78.83999999999999
28.68
75.71000000000001
120.37
49.81
129.54999999999998
99.27000000000001
26.3
104.81
90.15
76.45
47.56
81.33
64.15
64.01
85.34
58.64
85.83
75.27000000000001
94.06
54.02
88.50999999999999
109.25
58.64
142.22000000000003
113.6
62.21
124.32000000000002
59.080000000000005
112.41000000000001
41.910000000000004
80.22
102.25000000000001
82.32999999999998
83.55000000000001
70.19
73.07000000000001
48.72
77.78
82.33
62.470000000000006
107.61000000000001
49.74
73.85
24.06
109.56999999999998
82.45000000000002
155.84
73.22
122.32
57.690000000000005
66.15
55.73
38.769999999999996
110.51
58.120000000000005
33.120000000000005
79.62
33.730000000000004
54.78
78.93
58.64
61.92
46.61
68.53999999999999
103.07
58.56
42.68000000000001
81.17999999999999
70.16
44.53
98.34
86.36
126.11000000000003
59.67
100.42999999999999
73.22
41.13
59.5
58.64
79.37
70.16
54.88
50.94
81.16000000000001
63.410000000000004
70.16
72.47
91.54999999999998
57.42
38.33
89.61
74.67
45.400000000000006
104.81000000000002
93.41
62.699999999999996
70.31
94.08000000000001
66.49000000000001
58.64
77.25
76.82000000000001
117.69999999999999
102.49000000000001
66.2
68.76
119.27000000000001
49.85
63.25
50.7
35.53
66.48
78.59
35.25
137.95
114.09
121.64
93.22
83.36000000000001
102.41
57.010000000000005
49.410000000000004
98.76999999999998
17.07
53.839999999999996
86.61
38.769999999999996
93.45
91.86
74.47999999999999
72.21000000000001
44.370000000000005
70.16
49.410000000000004
72.96
87.28
87.28999999999999
79.08
83.55000000000001
129.76999999999998
29.54
72.83000000000001
34.03
96.30000000000001
67.43
61.800000000000004
80.42
41.57000000000001
73.22
74.85
114.03
47.56
46.17
99.35
106.28
70.23
77.25
110.41000000000003
98.15
37.81
79.16
42.35
90.29
74.69
83.29
78.39
68.61000000000001
92.34
84.34
114.48
70.4
46.92
58.120000000000005
67.43
90.54
71.0
67.87
88.14
84.94
41.9
72.47
30.49
80.05
88.48
74.06
82.28
72.7
72.17
75.02
97.33000000000001
86.48
73.34
73.59
50.95
51.22
69.15
87.11999999999999
93.78
87.84
50.69
94.5
92.25999999999999
70.56
97.35000000000001
30.71
130.4
105.82
69.46000000000001
47.67
107.72
54.26
115.61000000000001
88.39
43.86000000000001
98.0
88.16
75.44
86.44000000000001
55.400000000000006
82.92999999999999
78.51
50.72
97.98
73.66
76.66
30.71
72.47
67.49000000000001
92.94000000000001
73.8
110.21000000000001
58.64
85.42
39.849999999999994
63.99
81.47999999999999
84.5
87.63
67.42999999999999
62.05000000000001
49.25000000000001
75.61000000000001
70.93
49.410000000000004
52.60000000000001
90.64
114.46000000000001
77.0
55.4
104.33
98.27000000000001
80.64
75.27000000000001
110.42999999999999
33.2
54.37
64.11
90.52999999999999
67.27000000000001
42.010000000000005
61.36000000000001
77.10000000000001
61.040000000000006
75.94
71.78
35.580000000000005
65.37
75.71
33.45
101.73999999999998
90.7
42.24
95.07
69.03999999999999
63.47
127.59
67.57000000000001
79.63000000000001
86.33
89.8
57.690000000000005
74.95
46.53
85.83000000000001
58.2
81.59
33.29
86.48
99.78
53.39
113.25
79.39
92.26
99.54999999999998
76.46000000000001
84.5
64.43
60.93000000000001
98.31
76.88
67.60000000000001
77.75
80.04
105.25
78.83999999999999
97.29999999999998
55.400000000000006
102.67
89.6
59.81
87.22000000000001
54.88
54.02
80.91000000000001
79.37
163.70999999999998
50.72
44.0
66.48
92.36000000000001
63.57
71.26
75.63000000000001
68.87
76.57000000000001
124.6
115.53
12.89
49.410000000000004
87.99
72.04
59.53
78.03
100.77999999999999
86.24000000000001
49.410000000000004
97.16
68.5
151.29000000000002
29.1
93.44
67.15
69.72
118.10999999999999
96.69
32.34
63.60000000000001
12.03
57.53
125.21000000000001
46.400000000000006
55.11
108.13
80.81
96.57999999999998
102.44999999999999
69.9
49.33
81.7
136.31000000000003
45.230000000000004
55.13
88.16
37.3
50.080000000000005
86.10999999999999
58.64
98.22000000000001
56.21
61.96
77.98
94.09
51.75
68.49000000000001
79.51
32.78
74.49000000000001
46.61000000000001
89.10000000000001
75.71000000000001
51.540000000000006
12.03
89.43
56.51
95.58
73.47
52.57
89.19000000000001
29.33
77.4
46.39
44.0
50.19
46.84
52.61
41.99
93.73
97.74000000000001
66.74
111.83
50.94
66.91
111.16000000000001
68.53999999999999
63.910000000000004
54.63
66.65
78.95000000000002
66.39999999999999
78.51
85.95
147.32999999999998
96.16
90.92999999999999
103.28
82.27000000000001
61.8
44.81
93.21999999999998
71.55000000000001
67.79000000000002
116.92000000000002
64.63
72.7
59.06
93.30000000000001
84.86000000000001
124.01000000000002
84.94
46.09
49.410000000000004
46.17
103.51
72.48
80.56
60.03
50.8
44.120000000000005
72.2
66.84
55.84
59.92
75.02000000000001
93.88000000000001
73.22
72.24
106.63999999999999
51.81
33.2
70.98
65.79
49.410000000000004
102.32000000000001
25.78
71.41
62.300000000000004
102.96000000000001
150.94000000000003
113.67999999999999
95.05999999999999
77.92
110.85000000000001
51.8
76.22
95.39999999999999
57.120000000000005
71.34
70.31
54.370000000000005
63.41000000000001
94.92000000000002
107.19
63.58
120.47
66.84
32.34
95.91
78.09
79.9
70.15
72.54
61.69
54.88
44.81
57.61
63.60000000000001
60.45
47.400000000000006
78.95
41.9
107.61000000000001
71.45
53.60000000000001
50.940000000000005
91.65
89.27
84.56
47.56
83.88999999999999
118.63999999999999
64.36
77.82000000000001
42.43
69.85000000000001
103.53
74.66
41.99
20.310000000000002
90.93
81.00999999999999
54.88
93.94
71.53
89.02
88.92
96.02000000000001
72.39
148.70999999999998
99.22
111.65000000000002
91.67
33.730000000000004
126.64
73.39
35.580000000000005
40.620000000000005
122.66999999999999
49.74
128.45
79.39
51.24
90.7
62.480000000000004
61.92
59.730000000000004
60.93
102.98000000000002
41.489999999999995
156.95000000000002
27.299999999999997
88.50999999999999
60.85000000000001
70.54
70.41999999999999
90.79
84.34
62.22
104.37
91.16000000000001
42.010000000000005
113.08999999999999
35.94
61.440000000000005
93.02000000000001
66.92
90.28999999999999
108.64
116.36000000000001
89.64999999999999
95.58000000000001
45.75
74.08000000000001
76.15
98.53999999999999
81.93
127.36000000000001
103.4
85.89000000000001
88.69
60.7
35.53
41.93000000000001
66.48
55.29
75.76
80.32
118.28
51.22
44.120000000000005
72.28
129.85
75.42999999999999
210.51
56.150000000000006
97.47
64.74000000000001
78.03
73.47
24.92
99.68
89.02
87.12
58.2
52.65
64.36
66.03
34.370000000000005
64.77
58.56
166.14000000000001
44.1
73.02000000000001
117.19
53.010000000000005
25.240000000000002
55.400000000000006
73.86000000000001
96.89
74.68
84.5
57.120000000000005
60.620000000000005
74.58
91.53
47.28
60.93000000000001
29.1
118.91000000000001
98.93
70.75
69.72
49.42
71.34
62.32
79.27999999999999
83.99
82.72
79.8
75.42
58.29
29.54
103.18
58.64
90.28999999999999
39.07
72.72
102.73999999999998
87.25999999999999
62.21000000000001
75.63
61.77
36.440000000000005
38.33
75.09
90.9
87.66000000000001
50.27
72.48
89.53999999999999
66.4
66.09
94.08000000000001
55.73
105.29
70.13
94.92
97.19
71.18
58.95
51.870000000000005
82.17999999999999
34.47
79.18
82.45
57.78
118.85000000000002
92.75999999999999
118.19999999999999
73.22
94.03
87.09
41.13
42.010000000000005
54.02
88.82999999999998
94.76000000000002
84.5
27.05
62.470000000000006
94.1
127.58999999999997
52.33
79.62
83.2
74.2
75.35000000000001
12.89
77.92000000000002
72.22
98.71000000000001
82.89
53.160000000000004
61.77
56.25
88.96000000000001
140.73000000000002
41.99
70.84
67.87
45.75
74.49000000000001
76.13
47.78
66.58
79.78999999999999
147.48999999999998
91.59000000000002
85.13
32.78
75.13000000000001
50.19
79.37
68.02000000000001
107.88000000000002
25.16
20.95
49.85000000000001
37.28
44.370000000000005
112.25
64.34
105.92000000000002
46.92
119.6
87.74000000000001
34.15
47.25
124.64
99.86
70.67
80.37
55.980000000000004
59.53
106.22
63.57
12.03
71.47000000000001
114.09
75.19
54.88
49.85
61.440000000000005
91.97999999999999
83.09
74.49000000000001
58.7
66.4
94.80999999999999
66.65
94.63
78.91
49.410000000000004
92.51
79.78
66.48
52.650000000000006
72.67999999999999
58.64
111.42999999999998
23.47
52.23
74.97
89.8
45.15
74.66
13.11
82.4
88.69999999999999
66.92
20.310000000000002
81.69999999999999
95.74000000000001
75.00999999999999
69.72
91.29
25.42
98.76999999999998
94.59
110.18
66.02000000000001
103.10000000000001
59.59
56.23
70.31
59.64
29.1
86.36
67.43
83.48
56.07000000000001
55.13
72.19
126.83000000000001
62.1
98.77000000000001
104.03000000000003
88.60000000000001
71.33
67.39
31.23
109.44
83.99000000000001
92.26
131.22000000000003
58.519999999999996
78.51
115.56
46.010000000000005
66.74000000000001
20.310000000000002
69.04
76.38
93.55000000000001
23.550000000000004
75.21000000000001
101.05
98.47999999999999
84.40999999999998
137.2
62.620000000000005
80.37
80.89999999999999
69.68
83.47
80.68
69.03
72.83000000000001
131.05
33.29
204.90999999999997
66.38
67.35
41.99
93.72999999999999
55.13
55.400000000000006
76.75999999999999
118.74000000000001
68.5
32.34
50.36
71.53
69.3
54.629999999999995
29.1
64.47000000000001
69.89
59.28
60.45
66.12
28.16
35.53
75.97
64.63
63.470000000000006
51.1
74.29
81.18
75.71000000000001
81.42999999999999
83.35999999999999
76.72
114.56
32.7
68.96000000000001
89.27000000000001
80.67
90.84000000000002
40.629999999999995
39.41
126.30000000000001
66.48
117.56
70.31
71.34
6.48
81.54
26.71
59.08
41.99
95.58000000000001
72.2
59.54
32.78
84.07999999999998
95.16
35.010000000000005
94.32000000000001
56.33000000000001
36.97
129.81
101.74000000000001
78.95
95.5
104.81
77.32
45.39
21.700000000000003
58.56
78.63000000000001
43.6
81.19
46.61000000000001
91.4
89.90000000000002
67.43
98.13
108.71
44.0
88.75
59.81
72.68
75.02000000000001
71.86
93.50999999999999
62.58
108.82999999999998
32.7
47.78
75.02
123.48
77.25
83.03
70.72
149.29000000000002
72.18
84.27
111.38999999999999
78.95
145.94
67.49
87.24000000000001
78.51
67.76
65.78
60.45
67.60000000000001
51.54
75.71000000000001
115.65
74.44
95.58000000000001
58.89
87.66000000000001
67.77000000000001
104.81
76.75
53.68
55.84
113.68
63.69
93.73
91.56
75.63000000000001
134.9
40.620000000000005
66.84
113.28
62.470000000000006
67.00999999999999
46.17
46.17
56.330000000000005
54.02
73.66
87.74000000000001
104.87
91.01000000000002
71.33000000000001
45.550000000000004
63.410000000000004
89.61
73.63
40.63
34.03
69.72
54.02
67.87
55.13
39.94
93.72999999999999
136.07
33.010000000000005
165.24
36.1
91.72999999999999
72.17000000000002
46.17
38.33
32.34
51.8
49.33
73.91
84.14
128.7
47.56
57.42
71.09
57.620000000000005
76.3
116.95000000000002
18.84
27.740000000000002
58.86000000000001
41.99
84.08000000000001
84.3
73.34
55.87
78.72
102.00999999999999
45.47
92.24000000000001
92.95
62.46000000000001
27.299999999999997
66.24000000000001
45.379999999999995
52.650000000000006
46.34
69.72
76.46000000000001
46.61000000000001
44.0
61.190000000000005
74.15
130.74
58.2
15.27
104.54
90.82000000000001
84.21000000000001
83.42000000000002
125.71000000000001
49.93
103.95
42.24
87.74
57.17
103.86
41.85
46.53
85.84
74.83000000000001
64.63
59.11
46.92
93.89
66.12
36.42
62.300000000000004
70.67
38.33
72.96
49.85
106.83000000000001
39.19
67.23
32.78
92.25999999999999
86.01
41.57
55.629999999999995
78.49
107.08000000000001
63.83
26.3
71.42
58.2
92.94
41.57