0.32653061224489793
0.34375
0.35714285714285715
0.4915254237288136
0.36363636363636365
0.25757575757575757
0.24050632911392406
0.3050847457627119
0.5102040816326531
0.2222222222222222
0.3150684931506849
0.21686746987951808
0.39344262295081966
0.4383561643835616
0.6607142857142857
0.21621621621621623
0.34831460674157305
0.35714285714285715
0.21875
0.3218390804597701
0.29411764705882354
0.3787878787878788
0.6857142857142857
0.325
0.1686746987951807
0.375
0.38028169014084506
0.2727272727272727
0.36363636363636365
0.28888888888888886
0.3088235294117647
0.32
0.5616438356164384
0.28378378378378377
0.3050847457627119
0.35064935064935066
0.30666666666666664
0.3709677419354839
0.3484848484848485
0.391304347826087
0.3194444444444444
0.28169014084507044
0.43103448275862066
0.3076923076923077
0.3050847457627119
0.36363636363636365
0.31746031746031744
0.3275862068965517
0.3055555555555556
0.21875
0.22340425531914893
0.21348314606741572
0.29411764705882354
0.3055555555555556
0.2777777777777778
0.43243243243243246
0.3380281690140845
0.47619047619047616
0.35714285714285715
0.4852941176470588
0.3050847457627119
0.6440677966101694
0.41935483870967744
0.3068181818181818
0.36065573770491804
0.2857142857142857
0.3516483516483517
0.2898550724637681
0.3484848484848485
0.4603174603174603
0.7627118644067796
0.3050847457627119
0.35443037974683544
0.20224719101123595
0.323943661971831
0.29411764705882354
0.31343283582089554
0.3150684931506849
0.48936170212765956
0.5633802816901409
0.35555555555555557
0.43283582089552236
0.3194444444444444
0.28888888888888886
0.3225806451612903
0.31666666666666665
0.4074074074074074
0.2318840579710145
0.33766233766233766
0.26229508196721313
0.3150684931506849
0.21212121212121213
0.35384615384615387
0.21518987341772153
0.3333333333333333
0.35
0.391304347826087
0.3392857142857143
0.43103448275862066
0.7391304347826086
0.40350877192982454
0.36619718309859156
0.29411764705882354
0.3194444444444444
0.4666666666666667
0.2564102564102564
0.21568627450980393
0.46296296296296297
0.35135135135135137
0.2923076923076923
0.34285714285714286
0.2159090909090909
0.29411764705882354
0.1896551724137931
0.3246753246753247
0.4117647058823529
0.4
0.40963855421686746
0.41818181818181815
0.43137254901960786
0.3880597014925373
0.3194444444444444
0.3
0.25316455696202533
0.2159090909090909
0.328125
0.38202247191011235
0.3333333333333333
0.39655172413793105
0.3194444444444444
0.3246753246753247
0.23809523809523808
0.42105263157894735
0.35555555555555557
0.4696969696969697
0.32222222222222224
0.3404255319148936
0.29411764705882354
0.3194444444444444
0.3333333333333333
0.24615384615384617
0.4142857142857143
0.27586206896551724
0.42592592592592593
0.29577464788732394
0.24705882352941178
0.3387096774193548
0.4268292682926829
0.3728813559322034
0.32786885245901637
0.5373134328358209
0.2926829268292683
0.2463768115942029
0.25842696629213485
0.2878787878787879
0.3561643835616438
0.3698630136986301
0.4406779661016949
0.2463768115942029
0.2463768115942029
0.3333333333333333
0.38181818181818183
0.3333333333333333
0.2619047619047619
0.453125
0.3709677419354839
0.3026315789473684
0.3157894736842105
0.41025641025641024
0.2647058823529412
0.27906976744186046
0.4
0.44155844155844154
0.4098360655737705
0.29069767441860467
0.2
0.43636363636363634
0.2676056338028169
0.3230769230769231
0.34545454545454546
0.33766233766233766
0.3898305084745763
0.35714285714285715
0.3026315789473684
0.36363636363636365
0.3424657534246575
0.25757575757575757
0.225
0.43373493975903615
0.325
0.3291139240506329
0.3246753246753247
0.3
0.3050847457627119
0.26136363636363635
0.4
0.6811594202898551
0.35555555555555557
0.24193548387096775
0.547945205479452
0.3230769230769231
0.26136363636363635
0.4050632911392405
0.581081081081081
0.3492063492063492
0.3108108108108108
0.3050847457627119
0.3611111111111111
0.21518987341772153
0.2727272727272727
0.2857142857142857
0.40350877192982454
0.17543859649122806
0.3050847457627119
0.29411764705882354
0.2972972972972973
0.30666666666666664
0.43243243243243246
0.3076923076923077
0.2972972972972973
0.36764705882352944
0.4473684210526316
0.43548387096774194
0.3387096774193548
0.352112676056338
0.2459016393442623
0.32727272727272727
0.2571428571428571
0.30434782608695654
0.33783783783783783
0.3246753246753247
0.37209302325581395
0.3108108108108108
0.24615384615384617
0.38571428571428573
0.2153846153846154
0.19047619047619047
0.2894736842105263
0.3050847457627119
0.49206349206349204
0.6666666666666666
0.19444444444444445
0.3246753246753247
0.3424657534246575
0.45901639344262296
0.36619718309859156
0.2826086956521739
0.29850746268656714
0.3582089552238806
0.3142857142857143
0.38028169014084506
0.43661971830985913
0.37735849056603776
0.3392857142857143
0.421875
0.25
0.6271186440677966
0.3404255319148936
0.5972222222222222
0.3466666666666667
0.25316455696202533
0.28125
0.3176470588235294
0.273972602739726
0.31746031746031744
0.3235294117647059
0.7428571428571429
0.4050632911392405
0.36363636363636365
0.6666666666666666
0.38095238095238093
0.22580645161290322
0.3
0.3194444444444444
0.2564102564102564
0.3780487804878049
0.3050847457627119
0.20987654320987653
0.2948717948717949
0.3048780487804878
0.43243243243243246
0.3194444444444444
0.35555555555555557
0.29577464788732394
0.3
0.2926829268292683
0.2875
0.4406779661016949
0.3582089552238806
0.547945205479452
0.2826086956521739
0.4423076923076923
0.48333333333333334
0.4473684210526316
0.23333333333333334
0.26744186046511625
0.4675324675324675
0.34065934065934067
0.2857142857142857
0.3194444444444444
0.3333333333333333
0.3076923076923077
0.29411764705882354
0.29411764705882354
0.3
0.32
0.18811881188118812
0.40350877192982454
0.2463768115942029
0.3142857142857143
0.5294117647058824
0.38
0.36363636363636365
0.4603174603174603
0.21621621621621623
0.37209302325581395
0.3898305084745763
0.2463768115942029
0.2926829268292683
0.3448275862068966
0.4423076923076923