4.869600000000004
2.461100000000001
5.138200000000005
3.7440000000000024
3.6792000000000016
3.868300000000002
4.236280000000003
1.8686
3.2620000000000013
2.2369000000000003
4.152400000000004
3.8755000000000024
2.777300000000001
3.1432200000000003
5.218500000000002
3.8426000000000027
5.794500000000003
4.633000000000003
4.935200000000003
5.736200000000004
3.015720000000001
3.7402000000000006
2.376099999999999
3.679420000000004
3.615000000000003
2.7390000000000008
3.2612000000000014
3.1189
2.692100000000001
2.0408
4.195600000000003
3.2238000000000007
3.767100000000002
4.8183200000000035
3.933740000000003
3.9929200000000034
3.8633700000000024
3.475340000000001
4.1601000000000035
0.9589999999999999
2.2892000000000006
4.316500000000003
4.806400000000003
2.7711200000000007
1.9178
2.7323000000000013
5.057300000000006
2.7228199999999996
3.1365000000000007
3.5348000000000024
2.743100000000001
4.802500000000003
3.3655000000000017
3.0036000000000014
4.914400000000003
5.392120000000006
2.3768000000000002
1.0911
3.0801000000000007
3.0212200000000013
4.595000000000003
3.351700000000002
4.474300000000002
3.8629000000000033
4.326800000000002
4.968780000000003
2.3636799999999996
4.289300000000003
2.0397999999999996
3.527280000000002
2.6643000000000017
4.869000000000003
3.5873000000000026
6.576960000000004
4.248700000000003
3.8998
3.8057000000000025
4.880600000000005
3.625980000000003
2.2891000000000004
5.4082000000000034
2.703620000000001
4.875120000000003
4.769820000000004
3.6533200000000017
3.452300000000002
4.275780000000003
4.612300000000003
3.2058000000000018
2.4574000000000007
5.3642000000000065
2.8592000000000013
6.543020000000004
5.527520000000004
3.544620000000002
3.3914000000000026
3.9264000000000028
3.0374000000000017
4.141780000000003
4.315000000000002
1.1909999999999996
0.7892999999999994
4.229300000000003
4.334900000000003
2.5692000000000004
2.4145000000000016
1.6416
5.241540000000004
4.646200000000003
2.06142
0.95167
4.679780000000004
4.660000000000005
-0.22719999999999968
3.026200000000002
4.304120000000003
3.4392000000000014
3.4693000000000023
4.334900000000002
4.975020000000002
1.3832799999999998
3.506300000000002
4.729800000000002
4.585280000000003
3.9955000000000025
4.996540000000003
4.600840000000003
3.6037000000000026
4.455600000000002
4.600840000000003
3.561200000000002
5.238680000000003
5.4082000000000034
1.4730999999999999
6.574400000000003
2.1308999999999996
4.586000000000004
2.4140000000000006
2.4839000000000007
1.9389399999999999
5.516720000000003
3.109800000000001
5.646900000000002
4.310480000000003
2.4940000000000007
3.4581000000000017
5.250720000000003
3.5297800000000015
3.7776000000000023
6.283900000000005
3.3134200000000016
5.420700000000004
3.852700000000003
4.411000000000002
4.732120000000004
2.862300000000001
0.8049999999999999
4.038400000000004
3.1487000000000016
4.595100000000005
3.746900000000002
4.175800000000002
6.122400000000003
4.706800000000004
3.7828000000000026
3.568400000000003
1.6773199999999995
5.930600000000004
4.099400000000002
-1.0873999999999995
5.3507000000000025
2.3689999999999998
1.6573999999999998
4.476500000000003
3.886000000000003
4.222640000000003
3.684700000000003
4.479620000000003
3.208400000000001
3.471000000000002
6.975440000000003
3.6610200000000015
4.161560000000002
1.3074999999999994
4.335900000000003
4.469500000000004
4.674500000000003
1.6103200000000002
4.187800000000003
2.927500000000001
2.8448200000000012
4.229000000000004
5.518900000000003
4.397300000000003
3.879360000000003
3.548020000000003
2.352620000000001
4.977400000000004
6.492800000000004
2.4564000000000004
3.6208000000000022
3.9449000000000027
4.336280000000004
6.656420000000004
4.226700000000004
3.3689800000000014
4.5180200000000035
3.3302000000000023
3.244840000000001
4.1470800000000025
3.3854000000000024
3.731300000000002
2.2147000000000006
4.826800000000003
3.0276000000000014
2.833500000000001
3.971300000000001
3.7881500000000026
2.28864
4.171340000000003
2.0843000000000003
1.1945000000000012
2.772000000000001
2.773340000000001
5.677400000000003
5.381700000000003
1.6121999999999999
3.9189000000000025
3.134400000000002
6.115400000000003
3.9381200000000023
4.031940000000002
3.7837200000000024
2.908500000000001
4.088420000000003
2.76648
5.157100000000004
3.0779000000000014
4.375000000000004
1.5788000000000004
3.3914000000000017
3.539240000000002
2.514100000000001
5.130680000000004
5.067380000000003
6.671600000000004
3.7844000000000024
5.739800000000003
5.762520000000003
4.802300000000003
3.865400000000003
4.793700000000004
-1.1940800000000005
2.6915000000000004
3.2020000000000017
3.9853400000000017
2.6248200000000006
4.586080000000004
3.3204400000000023
4.709600000000003
4.450800000000004
4.264200000000003
4.315900000000002
2.1900000000000004
2.5872
3.038400000000001
2.2927
4.165600000000004
4.945370000000003
1.8873399999999998
5.489700000000004
3.2058000000000018
4.853000000000003
1.3550999999999993
3.0801000000000016
3.714520000000002
6.017200000000002
4.244300000000002
4.085500000000002
1.7423
4.070800000000002
3.714680000000002
3.8202000000000034
4.564220000000004
4.793700000000003
1.6337000000000008
3.766600000000003
3.3297000000000017
4.874400000000004
3.891300000000003
1.7128999999999999
1.9854999999999998
2.2043999999999997
2.869020000000001
2.2988800000000005
4.543500000000003
4.8601000000000045
4.120520000000003
4.572300000000002
2.5582000000000003
4.162000000000003
3.361900000000002
4.547900000000004
3.5188000000000015
2.618900000000001
5.347400000000002
3.5368200000000023
3.6995800000000028
3.361200000000001
4.662320000000003
3.5381000000000027
3.1708200000000017
3.188600000000001
1.9709999999999999
4.119300000000003
2.839200000000001
4.076400000000003
2.7224000000000013
4.367800000000003
4.989200000000004