6
10
14
6
10
6
10
6
10
6
16
9
17
6
9
9
6
9
10
15
9
6
6
11
10
9
6
6
9
10
11
6
6
13
6
6
17
10
10
6
10
9
14
9
14
6
6
6
6
9
9
6
9
6
6
10
6
9
6
6
8
9
9
6
9
10
6
10
6
10
6
10
9
9
8
10
10
6
6
10
14
6
9
6
10
14
6
6
10
6
10
9
14
6
9
6
9
13
6
10
6
6
9
10
6
6
6
13
10
9
6
6
6
8
14
9
6
6
12
6
9
6
9
9
10
9
17
10
6
13
9
9
14
6
10
12
9
6
10
6
14
14
9
9
6
10
9
10
6
9
9
17
10
9
10
9
6
6
6
10
10
9
9
17
13
10
6
10
18
6
14
6
6
6
10
6
10
8
13
16
9
14
10
14
13
10
10
6
9
9
6
10
9
9
9
6
14
6
9
17
6
6
6
15
14
9
9
13
6
9
5
9
6
15
6
9
9
9
5
6
6
6
13
10
9
9
6
10
6
9
6
12
9
13
6
9
17
6
9
14
6
9
6
6
9
23
10
6
6
9
10
9
14
6
6
10
6
6
6
13
10
17
9
10
6
6
10
5
6
6
6
10
6
10
6
6
9
16
10
6
10
10
6
9
9
9
10
9
6
6
6
6
13
6
6
6
10
10
10
9
9
6
13
10
9
14
15
6
14
13
6
10
6
9
9
6
8
7
13
9