367.47400000000005
341.338
408.92900000000026
434.58300000000025
511.40100000000007
436.84800000000007
432.5490000000003
333.41299999999995
363.3730000000001
339.438
369.51500000000016
357.7970000000001
332.4250000000002
455.5610000000001
368.40500000000003
364.51700000000005
393.89900000000017
438.36700000000025
404.8570000000001
518.9970000000002
418.45300000000015
449.9390000000001
277.207
317.81600000000003
317.435
412.48600000000016
288.50700000000006
344.7320000000001
378.40700000000004
418.4490000000002
390.5270000000002
243.744
405.83800000000014
447.48700000000014
358.4880000000001
364.5370000000001
359.42900000000026
401.48800000000017
513.5350000000002
226.257
318.354
354.45300000000015
408.25500000000005
518.5990000000004
373.3720000000001
356.37800000000004
404.4620000000001
211.26800000000003
271.276
310.34900000000005
270.24800000000005
450.8340000000002
442.4010000000002
315.42100000000005
365.8160000000001
484.56700000000023
354.3620000000001
377.4020000000001
309.3210000000001
223.70299999999995
400.8910000000001
391.3850000000001
362.22900000000004
498.7140000000004
349.325
371.44
308.337
475.5010000000002
189.17
358.39700000000005
415.8770000000002
293.28200000000004
325.36400000000015
526.6180000000003
440.0150000000003
355.35
443.4960000000002
409.91700000000014
359.47600000000006
546.6010000000002
487.5120000000002
432.4770000000002
394.47700000000015
465.51100000000025
306.32099999999997
291.3499999999999
370.35200000000003
407.5120000000001
361.3800000000001
375.3370000000001
480.5170000000003
274.301
449.5350000000002
432.4600000000002
322.386
291.395
340.42600000000016
289.678
397.5190000000002
329.19700000000006
367.3650000000001
378.4100000000001
409.5400000000001
416.4030000000002
377.23800000000017
310.3090000000001
350.31100000000004
387.5080000000001
385.4230000000002
265.3089999999999
197.23799999999997
396.8300000000001
425.4880000000001
462.51300000000015
432.50100000000015
460.51500000000016
522.9890000000003
326.831
345.80700000000013
330.7270000000001
323.399
509.67600000000033
298.39200000000005
355.353
329.40700000000004
393.87400000000014
435.4870000000002
361.37200000000007
391.90100000000007
457.5590000000002
299.71700000000004
389.79800000000006
487.5120000000002
232.19500000000002
471.8600000000002
335.4540000000001
407.45400000000006
389.4660000000001
376.40500000000014
361.3840000000001
385.44800000000015
226.231
373.1950000000001
396.41000000000014
392.5540000000001
452.53200000000015
285.73400000000004
401.48800000000017
301.392
424.90900000000016
439.49300000000017
342.42300000000006
487.5820000000003
312.75600000000003
425.48400000000015
401.4220000000001
368.3270000000001
330.83299999999997
368.54700000000014
497.40400000000017
313.37800000000004
413.33000000000015
445.5250000000001
380.4470000000002
464.9050000000002
421.3360000000001
370.44200000000006
513.2970000000003
281.69800000000004
252.207
398.24900000000014
256.7579999999999
398.37100000000015
325.43300000000005
398.37800000000016
394.4560000000002
460.6250000000002
401.51000000000005
428.53600000000023
264.284
464.8050000000002
345.40200000000004
340.4480000000001
337.29300000000006
415.5840000000002
349.43
523.0190000000001
475.5670000000002
351.427
411.52700000000016
275.264
365.5020000000001
426.29100000000005
406.3640000000001
324.4090000000001
397.4120000000001
237.258
400.4340000000001
426.3170000000001
320.34800000000007
331.80300000000005
352.3860000000001
468.47300000000024
595.9020000000003
373.43300000000016
304.305
387.50100000000026
398.4880000000003
338.3960000000002
320.37300000000005
518.7040000000003
316.307
304.371
354.7680000000001
395.43700000000007
370.4080000000002
314.32200000000006
350.4030000000001
348.38800000000015
464.58700000000033
355.841
480.5390000000002
363.3330000000001
373.43400000000014
381.4820000000001
397.9120000000001
250.185
353.80500000000006
348.493
389.2630000000001
411.4390000000001
416.45800000000025
330.3400000000001
257.293
289.38200000000006
364.4330000000001
459.61800000000034
363.42000000000013
428.3990000000001
256.21299999999997
371.374
297.387
437.56800000000015
413.31500000000005
403.4190000000001
414.5090000000001
365.3850000000001
433.4800000000001
376.8430000000001
420.4900000000001
490.6520000000003
390.4640000000001
492.3890000000002
229.663
389.43300000000016
346.3940000000001
315.44200000000006
474.4920000000002
467.4330000000003
390.45000000000016
470.52500000000026
332.4030000000001
489.4650000000002
253.23499999999996
463.5810000000002
348.42400000000004
440.4960000000003
546.7580000000004
402.8230000000001
298.37100000000004
419.2640000000001
361.38000000000005
360.348
496.54900000000026
309.3210000000001
382.5700000000002
437.44300000000004
316.31600000000003
411.38700000000006
318.40200000000004
378.2070000000001
489.61900000000037
410.5180000000003
427.55200000000013
390.46400000000006
473.55100000000033
380.35200000000015
316.451
407.5430000000002
479.5330000000002
358.3500000000001
433.49000000000024
443.5140000000002
353.78700000000003
297.266
333.3470000000001
508.5940000000003
494.03800000000024
388.2500000000001
373.43400000000014
469.9060000000003
339.4830000000001
446.91200000000015
474.85600000000017
461.54300000000023
389.411
409.4450000000001
372.4900000000001
361.40100000000007
324.307
384.3880000000001
413.54300000000023
328.418
249.291
539.7120000000003
358.4190000000001
303.40200000000004
281.31199999999995
330.32200000000006
402.43100000000004