0.816989521810838
0.8487639922561709
0.6140683661703386
0.49657346137550196
0.4100244661468867
0.6906547366257956
0.5873345123136698
0.46974323019808817
0.5099721322393359
0.8395363356141193
0.7574431647719674
0.7190884152323908
0.7935260823845477
0.35168040031854564
0.6451059351026174
0.45852648600081686
0.5698238528343977
0.33553657566409284
0.4728523685103944
0.366390146566633
0.3644328733252985
0.4337484604235271
0.38798106803671834
0.7885641218354765
0.615420602751314
0.7215065166673785
0.6293533630805447
0.49780423299667076
0.7590936202315218
0.4090840297395887
0.7672307858004456
0.7957666787184939
0.4754746215582225
0.2812240963577225
0.6149282196140773
0.6936391042911056
0.7298350808234448
0.6668070086452641
0.21866793350298003
0.5873711860625306
0.8419903574541814
0.3591740045126641
0.49465382576527983
0.41802106645776194
0.4991746663961431
0.678658842782398
0.6585818716374426
0.7763211212513063
0.5076990792136491
0.8471823917968846
0.5782659480063708
0.5383240925145493
0.4841991622524719
0.7456699606462671
0.5581136858757084
0.301803785855016
0.642005546454215
0.5188291119243565
0.641473293449908
0.670606714465932
0.5420901149261412
0.5370128552731344
0.6280704258549169
0.4433160558596386
0.4792563649504763
0.5192598681795747
0.44889524973579664
0.6001839513469446
0.7846097916467413
0.7052350348162183
0.41309429597163777
0.4242008069035419
0.8739047358500649
0.22998054672170418
0.45709640094227955
0.5420029353220617
0.40397443925888893
0.6519803736464529
0.5795604136228033
0.3383114042941529
0.24397417587528622
0.6124324226957025
0.5016315570713402
0.22974372238063645
0.5739104311072883
0.6888603937598095
0.5776789587234605
0.1948924881699872
0.571718895492706
0.382020377558571
0.23620098765254238
0.6245100438454958
0.3395031440290038
0.371165222022499
0.8020930227621705
0.6680267203250008
0.3833757771574014
0.3109343889824115
0.7437805034563919
0.7523427020256476
0.6223586042078202
0.34400734716586995
0.46257301971657183
0.675391149778602
0.826425238074224
0.5078678740283051
0.4258304887723419
0.48570177931247766
0.5396153666693281
0.7985694545824098
0.7065736295571704
0.6113056384654767
0.4298870023555197
0.3879414865437056
0.48681544500044976
0.5295465884273448
0.4058439230157456
0.8062803442804479
0.5978800327862643
0.4976044987112474
0.8519749430293396
0.5082555771818158
0.5125234029408733
0.5213795095393327
0.5433742727983141
0.5188620690358333
0.4043416494802189
0.6979654815423268
0.615744033509871
0.4165961787107951
0.5454066252978564
0.4644503992711043
0.24397417587528622
0.7430053259025639
0.173388884800325
0.6352386977553379
0.6079636338440908
0.6634479202256726
0.45308629308602216
0.8875083118276704
0.3272378654862466
0.5159958739051682
0.5041331004811792
0.29664792813074387
0.5520076318616817
0.619239279450552
0.6205810362386784
0.6812802037961698
0.6242188221882332
0.47233383591978406
0.4218717360564347
0.3170053632129154
0.41890060653774286
0.7124821625625628
0.44362572016735474
0.3409824922575909
0.22154250088170147
0.23661171408505838
0.4949064380139968
0.10453883658171516
0.6950250419226348
0.7030281231043822
0.34117100172885934
0.5236123594232632
0.42224803657740084
0.5072398600265313
0.7452455961729917
0.18233305055953022
0.35991151511604447
0.46017719923894845
0.4727448709822947
0.7800954229384335
0.44716471993400225
0.6958760650611608
0.4608758655834181
0.5285177830031967
0.31378516771258663
0.6985175741724139
0.4968265021544904
0.6019823019623125
0.3541141896266473
0.7825819556203046
0.7086292608692786
0.2342125730549434
0.4428041373081116
0.8084676360382925
0.315122527127065
0.5397571941682299
0.6997463717512109
0.6543009129524124
0.47506251895992113
0.47938089087479113
0.5179421516830771
0.6714312938140605
0.608625416239094
0.4955227632445435
0.6103905941174068
0.357931100791934
0.33004592996930404
0.7124466653747568
0.6487452181821106
0.8151797892040124
0.23260949943362136
0.2861383598413493
0.3897684406112395
0.29894113417400414
0.7404503024846174
0.7124073582338216
0.6158677625839504
0.5370864736598668
0.16561969542086138
0.8000166117437032
0.4860765129887313
0.6618091004444191
0.5730502423208522
0.3563871450872343
0.434087043820676
0.7511580161376866
0.6752901149810682
0.5491826942777517
0.8689690361236027
0.4314167469432083
0.4378510869535828
0.4664582760656641
0.4780994925962761
0.2567954346890296
0.7673332844402131
0.7302335233636452
0.6029799152714526
0.4596073453567888
0.4624113652250791
0.47997807954945454
0.6121180300510546
0.7803020770074481
0.7241500535423055
0.608946216885759
0.24905658999616045
0.809083894911521
0.5746356443205024
0.419013529976834
0.48083668583369393
0.5930458643647957
0.5410235567998909
0.5037026478864625
0.25531321002781426
0.22855000477441606
0.6955140058756851
0.5212933346426781
0.4644517083034134
0.4511398332704768
0.5356380064960545
0.4958585887913048
0.15434324406401576
0.7370811853419184
0.4743969291260461
0.5646723497131146
0.6191039234271069
0.2840194853221585
0.5260717383817168
0.46460747197130664
0.38464623343384924
0.5752482380777639
0.15760189904307487
0.6301534233079719
0.47391636877696086
0.5832109944292352
0.5406439942195114
0.13678224714060547
0.1422542041001339
0.8803438157516362
0.553842839006403
0.571718895492706
0.4162267283829806
0.4994275981576632
0.641473293449908
0.814476201743416
0.3854317323205752
0.5388585597779224
0.5183107166740728
0.37530248316698106
0.5486162916357638
0.4462282515409964
0.40123455349062853
0.44761522345536675
0.4958585887913049
0.5600622974560349
0.38460853403095435
0.6361452473292765
0.43715604729086277
0.3046734672505801
0.36410287901571486
0.4029974153916325
0.3378882350105221
0.5068631554738996
0.2982953829524706
0.5187506540790177
0.3694240356359725
0.667540811406029
0.6729373192101302
0.47541845598662924
0.5036226751733835
0.8020711980677477
0.29983986422812775
0.27731832662343425
0.5973608221894205
0.3328586381923833
0.47593149245688776
0.7278442045575255
0.7678879412392059
0.5031383720585269
0.42227623147158116
0.8174653758087075
0.6925941837652122
0.6137607069117955
0.2535543553059619
0.6884676453309113
0.9150838323418988
0.6273288573684465
0.48220506916149053
0.4135938309019728