2.37054133977551
2.1398858515612584
2.193860525916829
2.268257229213532
2.244665546284356
2.2602385753673797
2.371612934371628
2.7294366479738343
2.3960757184105645
2.0517769552016443
3.273939697715104
2.2021255590368813
3.080046340396688
2.317114313681973
2.6987090277662418
2.7444186191276785
2.455415435522232
3.2294794986299804
2.5257998612802623
2.9335965508083515
2.867950131165111
2.3526017358027556
2.110474769750411
2.93158809267106
3.0927918021729095
2.7068144662949116
2.6353240386694416
2.8870688591424276
2.228963890816509
2.0251062965151014
3.8463274309825994
2.4357602010767536
2.2244923954044538
2.4732549570184155
2.2787069298641445
2.231830695565833
2.5118278118867075
3.1076111150825216
2.5601917684874174
2.823916608484968
2.2454332129559873
2.7228616092021216
2.0729359510021226
2.465685188451335
2.8730246819557497
2.428580686726093
2.817626792919185
2.239769545582446
1.9800633228639661
2.263066400192768
2.1874489518901115
2.4703828314192737
2.6218851537671757
2.6515882345122943
2.600142104848276
3.045227349502614
3.693567544576908
3.4736954235295947
2.397345367379428
2.3052523495731467
2.9787932002354722
2.738241292191752
2.6027476770492015
2.96666789404245
2.9012276433098148
2.3771381262761704
2.105277761139515
3.1114357411110065
1.7807021241536773
2.500075985804333
2.650957003429596
2.2470881923515904
2.521960056737271
2.5882304313009143
2.796260281364649
2.375322390022797
4.059909565808894
2.1298533830596877
2.8974755135192947
2.7550543254559123
2.4849999729188017
2.24300000558887
2.5490567310687915
2.9271795069365822
2.190412500246561
1.905908212955989
3.061369691711385
4.2477331281206565
2.7258975819297255
2.509192951002124
2.6474665103417756
2.2237797127552863
2.472207262685986
3.051860620675603
2.008683255373498
2.183003944318809
2.74910249669132
2.619790200985845
2.7688804924405837
2.061346299370218
2.0978324553445145
2.6908852067193774
2.1243884077020603
3.816726002600479
1.9381922205262825
2.3005191812578563
2.689988363597161
2.478855813893432
2.170670824920153
2.3826559101428053
3.4589341763620167
2.326998976016121
2.224153801949287
4.299493470879325
2.305297999194446
3.0669824529267604
4.0845026319640825
2.4822101349647827
2.5499929198269804
2.562739772973833
2.4253636204321687
2.505380885687078
2.1409257953914373
2.363555547636837
2.098450005407411
2.274898506201124
2.4912607569365797
2.6272699917983395
2.1692837636491706
2.858434623682454
3.476993601818112
2.4921550446626632
2.4575379774884905
2.102662981185892
2.818937952058226
2.425984895648295
3.2132315617352525
2.488516183850356
3.6870015452960168
2.673771103538428
2.242857450854032
2.2503261972251725
2.1200646977151045
2.521932918679836
3.2880861540027357
2.5217153627658444
2.718100410776053
3.0462452309666377
2.186497981626255
2.7853468492320683
2.9252182737381442
2.497911088652934
2.7897909825329066
2.5729372529683943
2.3247096332147965
2.485071707156795
2.6018053119516136
2.427523461280975
3.1779679185357352
2.522283908943175
3.0084506039302914
2.317204489463661
2.2085885725795755
2.573993492949798
2.311706794385975
2.802352607825199
2.343226453026414
2.35224765776578
2.196687678680563
3.2936529773947036
2.1493851026971615
1.898699645916892
2.34378107536738
2.2327383952470825
2.4331930886822466
2.651103698508818
4.180548098314243
3.87841193705471
2.463683815974532
2.393673089821146
2.332668340324643
3.7788254834599426
2.31959275874115
4.322355002702125
2.42468966004728
2.8951140988445587
2.7062066751274827
2.8383197986996134
2.625650460942156
2.0235858006421044
2.8914048063804483
2.081399327520339
2.659176566386739
3.638608422427625
3.0827054534472067
2.819043961410472
1.9728314259919149
2.208127245407873
2.096525616951819
2.7849843877004243
2.4136210229738353
2.3948364441528067
2.730008632925074
2.4929951694717687
2.5019088020747073
2.3968351575892193
2.1615927634574543
2.8363773463512523
2.5181625698763046
2.165638374372435
2.8114131409973364
2.2386164556661416
2.813458739795566
2.170891620792027
2.3917447687049673
2.6544761175994864
2.6792690147549933
3.8390422042500223
2.6567751116823253
2.1544251697843713
2.8693694843768327
2.1977286193626178
2.4673413464534075
3.250934483459943
2.170931108896859
2.343352161528438
2.264698628503689
2.193931555200008
2.1717495631836243
2.116110851561258
2.892960231089706
2.551629145860362
3.3160759437957132
2.3054562162517893
1.8969969148790646
3.1778093587726506
3.287232530054827
3.405577895575278
2.2319821048482744
2.163851310388422
2.3923080985258327
2.5096151588937072
2.5835980023062852
2.303467951002121
2.7449506358069407
2.822170593234505
2.018818876817779
2.4178068018631063
2.1733802128501676
2.1793907748196393
2.4168406259468185
2.0826290831242
4.265536697099789
2.701881769124091
2.9623210387610985
2.454961270840178
2.559686534992558
2.847883139712403
2.750307657002139
2.3886603963745543
2.1916385383138035
2.6909961982568156
2.3905788979541622
2.4708685885295196
2.3496527752204344
2.746564155452363
2.4281605589639845
2.8208642348125412
3.033538269530329
3.0531432292978806
1.9643664541076493
2.6818229957564057
2.190682766571749
2.583499620089171
2.5002285841626453
2.6818812994184125
2.426936716393019
2.4543838332424563
2.8606563523158677
3.4189787640999842
2.2356762107847707
2.411908938374708
3.3921680538837933
2.2234635818608197
2.1337196600472783
2.9830117104254974
2.3820573523549715
2.8035324798486165
3.0497262341988254
3.2446467437889552
3.93358758072282
2.3325971096612683
2.623750598033359
2.1780386740727344
2.4236864341098343
2.6816948761160226
3.2519064821578096
2.8776257467638686
2.268394309592713
2.3227477846819564
3.1006219430648336
3.027089424152857
4.075382807597472
3.02467230196896
3.0779297242579258
2.2957565127677295
2.601541640665335
2.192695794989122
3.7353319913372616
2.3300527134922806
2.4628674847226026
2.1365294256917533
2.1710991813625817
2.162195427994403
2.526438322481054
1.8247044229898286
4.411787675467508
2.4782623688180117
2.3586975979230047
2.721301734708039