43
40
46
47
56
49
47
43
44
37
45
41
37
52
46
39
47
70
47
59
55
53
42
36
35
48
27
39
46
49
46
22
43
55
44
42
43
49
62
26
33
45
39
62
48
45
49
23
40
35
37
62
56
46
41
61
48
54
38
26
46
42
46
60
51
45
38
61
24
44
44
42
38
63
44
39
61
49
37
66
58
53
49
65
42
36
44
54
45
55
58
39
51
47
35
35
44
41
54
28
46
42
41
53
39
39
38
47
46
31
25
48
54
53
55
61
65
35
41
44
36
65
30
50
38
44
52
44
42
56
33
53
58
33
67
35
46
44
48
46
46
27
41
53
41
51
36
49
36
48
64
41
64
38
53
56
53
33
36
63
36
46
52
47
56
47
42
68
32
28
40
25
53
35
48
48
55
51
52
32
46
49
37
52
48
42
62
55
40
51
36
35
45
52
39
51
30
53
47
40
37
43
66
65
41
43
43
44
43
38
55
41
38
38
52
47
42
47
36
58
40
55
53
41
38
42
36
41
38
41
52
52
46
30
35
39
51
46
43
35
52
34
47
42
56
55
46
50
49
52
54
46
68
24
46
40
39
67
42
50
58
41
68
32
52
36
50
57
55
37
46
45
58
63
40
50
53
38
52
38
44
58
51
49
48
57
47
39
45
68
51
58
48
47
41
49
56
60
44
43
54
42
61
59
62
42
59
45
50
40
56
50
37
27
59
42
37
40
41
50