53.93
64.63000000000001
51.22
67.87
115.03999999999999
95.94000000000001
78.25
57.00000000000001
101.39
72.47
35.910000000000004
73.22
61.190000000000005
98.74000000000001
55.980000000000004
32.78
65.78
143.81
79.50999999999999
66.48
134.23999999999998
125.21000000000001
100.67
43.7
29.540000000000003
77.10000000000001
6.48
139.78
67.23
101.57000000000002
32.78
37.81
85.09
109.75
34.47
22.08
69.33
96.53
146.78
83.31
80.68
95.46
64.11000000000001
109.66
105.65999999999998
58.64
75.99
51.269999999999996
87.76
44.760000000000005
94.09
120.41
79.77000000000001
110.94
47.89
57.23
93.73
119.35
57.650000000000006
20.310000000000002
66.8
95.86
58.28
68.17
106.49
69.27
93.35
98.69
63.33
90.19
89.02
88.09
62.910000000000004
119.47999999999999
68.45
88.25
114.65000000000002
48.720000000000006
66.22
105.09
101.41000000000001
88.77000000000001
74.44000000000001
110.63000000000001
68.12
37.38
76.12
102.59000000000002
83.56
109.62
117.05000000000001
63.449999999999996
64.11
64.36
59.06
53.93000000000001
95.46
101.75
74.43
45.15
122.22000000000001
127.51000000000002
72.7
63.300000000000004
53.760000000000005
95.58000000000001
107.89000000000001
59.22
65.50000000000001
79.54
73.26
84.49
86.28999999999998
150.54
74.76
100.42999999999999
123.32
31.73
38.77
82.31
83.28999999999999
78.75
38.92
102.91
55.63
60.06
78.74
66.4
49.769999999999996
89.25
68.35
102.91
101.41000000000001
103.27999999999999
133.84000000000003
55.32000000000001
74.68
122.65
106.20000000000002
116.75999999999999
68.02000000000001
60.69
68.27000000000001
109.14
76.80000000000001
84.94000000000001
60.74
96.53
33.45
70.92
117.18
34.89
84.19
54.59
59.75
107.94999999999999
188.38
52.6
60.25
168.97
63.330000000000005
87.46000000000001
84.23
52.900000000000006
76.15
95.86
101.72
159.38
43.1
110.10000000000001
64.11000000000001
24.5
114.4
42.23
103.16
93.17999999999999
74.57000000000001
58.480000000000004
59.27
55.13
46.92
73.72
55.13
172.7
47.36
66.4
104.93
114.03999999999999
66.4
82.27000000000001
90.76
54.88
50.52
81.32
55.35
110.61000000000001
60.160000000000004
92.33
30.19
73.13000000000001
74.58
75.99
123.25
83.55000000000001
48.42
97.11
64.63
86.10999999999999
95.64999999999999
62.980000000000004
93.22
45.330000000000005
53.760000000000005
42.43
92.88
121.75999999999999
95.96000000000001
94.78
111.87
66.92
61.440000000000005
143.24999999999997
126.17
104.57000000000001
63.25
55.74
103.27999999999999
66.4
32.78
55.13
110.61000000000001
84.81
87.63000000000001
60.03
29.020000000000003
119.13000000000001
81.27000000000001
118.24999999999999
11.41
94.83000000000001
114.06
63.06
80.23
45.49
98.28
21.17
85.61
65.78
66.03
83.67
65.99000000000001
74.44
242.50999999999996
22.0
120.86000000000001
88.76
26.790000000000006
108.5
76.02000000000001
74.55
86.63
52.900000000000006
155.71
104.02999999999999
79.39
81.42999999999999
95.61
93.22
129.76
59.28
80.57000000000001
83.56
84.71000000000001
129.89
57.650000000000006
67.43
68.01
68.27000000000001
83.56
73.8
85.13
116.57
82.08000000000001
63.050000000000004
74.44
97.74
88.11000000000001
32.34
59.980000000000004
111.34
111.68
117.37999999999997
124.78000000000002
101.67
121.78
71.88
72.72000000000001
95.58000000000001
66.4
90.28999999999999
97.29999999999998
59.22
109.54
194.14999999999998
73.13000000000001
68.02
64.31
75.27
82.95
52.580000000000005
119.10000000000001
69.72
53.43
56.260000000000005
119.03
87.66000000000001
47.56
89.48
56.74
88.49