-0.1997447488494405
-0.29979141194716824
-0.28564213523744036
-0.3001858685957033
-0.11185710240310835
-0.45628317671006363
-0.2222755154617709
-0.23347372993631976
-0.2015755200948448
-0.3141470974425647
-0.24525881824513887
-0.2861029707610899
-0.27605613841258136
-0.18926695975765476
-0.33808921275484327
-0.281522242957089
-0.28239303773913427
-0.2657375018838217
-0.3928757386890439
-0.34060430566947103
-0.23337568763131816
-0.28825338931434363
-0.2918583704845488
-0.35054042555589654
-0.2689518101250838
-0.2515903006798102
-0.19225115792914388
-0.30234560943138844
-0.2241776544131971
-0.3070909762424888
-0.4364652154553049
-0.299605330955991
-0.42778023968079454
-0.28095533999391636
-0.2013202163258877
-0.3635270206540012
-0.20578312557514342
-0.2759818473766578
-0.2437109015385169
-0.29245287421788024
-0.13768380245952658
-0.26765797060863444
-0.28271842926108853
-0.2075481502410963
-0.17044468080626055
-0.25235651501186007
-0.23841689201489658
-0.37639029866883955
-0.23487790849032497
-0.1744026440396944
-0.4281066289434235
-0.44865794256872926
-0.33589843504489175
-0.2557724108674699
-0.391103466107359
-0.2943612961287646
-0.1943962741861745
-0.25811553013564564
-0.2968365018624977
-0.2116082854202304
-0.29759055082454194
-0.18754014308809652
-0.28975270449020246
-0.13864431705309996
-0.4109766200166942
-0.23748486663513332
-0.28299828707918384
-0.29149016447524606
-0.2355367715010379
-0.2737018938853553
-0.30781698369524885
-0.16755388279739095
-0.11688599341196475
-0.21910327079020034
-0.19652975133665582
-0.428992934772292
-0.3675627762675684
-0.3064953534015969
-0.30705122942300833
-0.3866915921572737
-0.18062188578574548
-0.26514249172180726
-0.24992935480539782
-0.22463771073750471
-0.23981197200453547
-0.3126104343169178
-0.33913182797862307
-0.20616132700384546
-0.6454033619466706
-0.32853261966797803
-0.354079075139371
-0.2808785478168105
-0.2534710805117601
-0.30817646964516143
-0.4457589313812938
-0.34089653198297715
-0.2804992746605917
-0.33291180673749093
-0.2773941819066755
-0.3097404948904044
-0.26656610866277347
-0.15157750206242127
-0.16918836225764392
-0.2192162873195085
-0.22913455385035253
-0.27394385932792564
-0.3309625790897507
-0.13642714537002
-0.38360394576223855
-0.12457195986430492
-0.3248285025357821
-0.25664894531491533
-0.2498037129277363
-0.17833887083927713
-0.260558099777035
-0.2579327832189655
-0.3355454986585078
-0.3255876455982122
-0.2593900093057192
-0.3796033037026937
-0.23475970870907126
-0.23989888068324375
-0.23960000048816307
-0.5544044163655338
-0.2508017497183941
-0.31183718150463097
-0.32021230450899385
-0.2442494120571818
-0.24639957827527728
-0.2954601585533112
-0.32703591497275397
-0.2736415195799362
-0.34734706529252046
-0.4130222871878253
-0.35115533648468555
-0.1194196351131381
-0.41083776935500965
-0.31912925854481483
-0.33929037256247374
-0.3728189610439463
-0.485114972908312
-0.28369052143942003
-0.16006910459787657
-0.3402987102691245
-0.2403992005124406
-0.24454892001834577
-0.13880175331807182
-0.4646255708495981
-0.28586760012609475
-0.33065476521993376
-0.14285875648369384
-0.3336141916188353
-0.3926057948094863
-0.12235733402759053
-0.3778218907295254
-0.2911387169736444
-0.21815105640016996
-0.27327532997193893
-0.32838040298227666
-0.198971310054515
-0.248810520089069
-0.2924372635804529
-0.1741570701506566
-0.1599665781569988
-0.22579617454448433
-0.17350021372054086
-0.14760039417234536
-0.3602850915022164
-0.20159547304571498
-0.2520888218752688
-0.19588255449081618
-0.24300737707870282
-0.3054442908059057
-0.37131700521454397
-0.29642915504487355
-0.3614495801683173
-0.34291326854061566
-0.4328906570845621
-0.23940791190151228
-0.19344475229749442
-0.2565025940486769
-0.23132994439763102
-0.2614279897799589
-0.31003307129264107
-0.20977801922389153
-0.3548489024526069
-0.37535348638108396
-0.2127211988772302
-0.31582685394015025
-0.3745558389740839
-0.34551987667744394
-0.35367161772931205
-0.18621199085818402
-0.32725477585735696
-0.42621470182513604
-0.29368711968801364
-0.204602486875162
-0.5477995204634669
-0.2933086354116669
-0.2833770398648554
-0.32123400874374397
-0.17243907787986357
-0.2223477753356595
-0.15948111843053855
-0.23481533950103445
-0.3965484079156914
-0.36118156831878934
-0.28413311183184553
-0.39679156476685656
-0.42179452140602647
-0.2816621437961218
-0.29733988350698304
-0.25247672074663163
-0.23572394178169387
-0.3373382011049683
-0.2893475311767382
-0.26637623075470007
-0.2683632680220455
-0.39881930032675994
-0.18101926753511097
-0.1594229694278663
-0.17659312197765573
-0.31785039011706295
-0.33166003446611775
-0.3778275848352105
-0.3782203755289067
-0.3242197294866519
-0.2374938534933713
-0.3043534882673839
-0.45979798198066724
-0.4217200219391998
-0.1709291252922427
-0.34260497751273883
-0.17602688552198098
-0.22818771428012097
-0.32808485075840854
-0.3434021326123653
-0.22295793573614456
-0.2733477587828065
-0.31323471953857246
-0.34235730405038317
-0.2937458438943352
-0.18168476833075403
-0.3590052303128096
-0.3216092438726886
-0.36758463870642444
-0.1900265330212999
-0.16317944840460508
-0.44148397085729113
-0.282421371057305
-0.1621339385559878
-0.3315380434755078
-0.22476289488281873
-0.35793246645676796
-0.38273832940185143
-0.360126834392774
-0.45083085791482475
-0.270807199879957
-0.5299115087955333
-0.5151809154280929
-0.4251039403620615
-0.386762985948762
-0.18814502554433415
-0.17430732836583393
-0.27739990632923966
-0.2066324683816781
-0.38910078161720385
-0.19953121527963183
-0.2815918806265084
-0.16022922239862283
-0.30776606907135323
-0.1840294373255267
-0.3893254937977282
-0.30037031880196846
-0.1926227622765945
-0.28234244608086945
-0.31530400896735833
-0.19913010300539852
-0.181144264958368
-0.3057267678368477
-0.35080002883406775
-0.289641051337713
-0.16035246402591025
-0.22256208912461078
-0.28033735908292085
-0.4237210952997738
-0.25448534887571095
-0.18787134565160607
-0.3199116707961301
-0.17257530455314607
-0.2082664154940205
-0.20929249846914383
-0.14664401870688953
-0.27431381543924616
-0.3611323416877287
-0.22805680335678957
-0.34764470406513887
-0.3575092278759772
-0.31684969425829723
-0.2729171703519859
-0.24649334770587245
-0.33264813494778606
-0.2715866090429195
-0.4368204381999776
-0.41553471966315525
-0.3485729200238663
-0.26494380888663854
-0.34362924254987165
-0.2787614329121083
-0.23737738461901275
-0.3072046600638213
-0.45427386672246495
-0.19906557509980594
-0.3310645211664169
-0.24826243794863206
-0.19701502039954208
-0.1952112501739889
-0.32743613117180176
-0.3202324542321314
-0.3456790945518521