410.4260000000002
422.5200000000001
293.29
351.4500000000001
352.38700000000006
363.439
441.51300000000015
347.4150000000001
344.3670000000001
385.42
448.5220000000001
398.2570000000001
283.34900000000005
514.2210000000001
402.8810000000001
290.577
364.37600000000003
265.331
273.336
372.4040000000001
399.472
359.47600000000006
362.3420000000001
352.3900000000001
345.42800000000005
257.33699999999993
440.93100000000015
334.4260000000001
450.52400000000017
259.74
387.4800000000002
386.4960000000002
338.36300000000006
424.49700000000024
374.366
314.345
492.60500000000025
346.33900000000006
373.47800000000007
438.89300000000003
336.5230000000001
327.40900000000005
320.37
347.3670000000001
372.303
265.3089999999999
392.45900000000006
451.97600000000034
426.9250000000002
308.815
316.74800000000005
273.33599999999996
203.14399999999998
321.663
307.34900000000005
403.40900000000016
344.48000000000013
357.797
351.3620000000002
422.5510000000003
317.37000000000006
370.8250000000001
287.3
304.37100000000015
353.85
368.89300000000014
425.53500000000025
262.33399999999995
280.305
271.276
448.5080000000001
428.5730000000002
342.4200000000001
391.80600000000004
324.40900000000005
375.4280000000001
449.2120000000001
362.4510000000001
310.344
313.28500000000014
299.378
441.4840000000003
321.46700000000004
255.27300000000002
270.37299999999993
434.51800000000037
359.4510000000002
318.78499999999997
300.383
488.4440000000002
398.53100000000023
184.27899999999994
354.4750000000001
369.4210000000001
459.5250000000002
332.154
300.314
328.37100000000004
355.3690000000001
329.3810000000001
440.5360000000002
299.3550000000001
362.86000000000007
204.29800000000003
526.5930000000003
490.5890000000002
395.4400000000001
340.3750000000002
271.276
239.27499999999998
337.42300000000006
382.5040000000001
234.28000000000003
216.284
311.40600000000006
356.2410000000001
279.34299999999996
480.5650000000003
317.38800000000003
264.756
326.4360000000001
461.8740000000001
424.5050000000002
218.212
266.366
477.9700000000002
364.45300000000003
303.365
407.4630000000001
415.5370000000002
360.4170000000001
217.228
309.318
460.5340000000002
283.35600000000005
478.5740000000003
420.3430000000002
368.43300000000016
362.83800000000014
348.7420000000001
388.4450000000001
359.42600000000016
449.5360000000002
378.4100000000001
264.23699999999997
508.6210000000002
220.25700000000003
212.24899999999997
273.263
275.329
252.11500000000004
369.42100000000016
315.285
265.372
264.34999999999997
389.4590000000001
445.54100000000017
258.385
461.51600000000013
384.572
425.4050000000002
357.3620000000002
335.366
374.3370000000001
315.3730000000001
258.281
382.3920000000001
264.43799999999993
391.33900000000006
192.22200000000004
286.11400000000003
327.3580000000001
506.62800000000016
393.36500000000007
449.9390000000001
474.5610000000003
334.379
313.38100000000003
402.4250000000001
246.33199999999997
245.23800000000003
485.58400000000034
258.229
370.4740000000001
428.54000000000025
463.5590000000002
280.236
342.355
229.23899999999992
350.80500000000006
366.387
345.4240000000002
350.48400000000015
434.3970000000001
301.411
463.9870000000004
227.26
311.33700000000005
295.298
298.346
250.23899999999998
435.25300000000004
254.33299999999997
356.81300000000016
311.41400000000004
252.26999999999995
397.54400000000015
485.6100000000002
427.4820000000002
297.3830000000001
330.387
471.6080000000004
241.20299999999995
334.80300000000005
317.77600000000007
443.3700000000003
420.4870000000002
409.48600000000016
535.6370000000005
315.4420000000001
309.413
325.759
371.3960000000001
478.3420000000001
486.5790000000002
173.171
404.4700000000002
265.316
410.44900000000007
222.204
494.3450000000002
256.714
343.3790000000001
346.4750000000002
243.31000000000003
237.29899999999998
371.5500000000001
428.4850000000002
428.91900000000015
403.4600000000002
353.46200000000005
321.37600000000003
315.272
394.8360000000001
293.32300000000004
355.43800000000016
349.4340000000001
397.86200000000025
307.14300000000003
389.8860000000001
354.38700000000006
464.93100000000015
233.31400000000002
410.28700000000015
393.4650000000001
429.6290000000003
313.3860000000001
365.37100000000004
393.4050000000001
327.40900000000005
264.30600000000004
323.39599999999996
317.751
399.4130000000002
353.4470000000002
390.41700000000014
368.4120000000001
353.4950000000001
416.84600000000006
464.57600000000014
249.27300000000002
359.4760000000001
211.192
292.338
464.3790000000002
324.17800000000005
465.5970000000004
317.34800000000007
425.48800000000017
376.49700000000024
315.373
423.4890000000002
352.232
450.29700000000014
381.43200000000013
343.3870000000001
333.48199999999997
325.4340000000001
376.8940000000001
413.8570000000001
370.23600000000005
310.7810000000001
339.44200000000006
451.56700000000023
400.47500000000025
395.3900000000001
367.44000000000005
313.31
473.59500000000025
366.2440000000001
256.73199999999997
434.2900000000001
348.38000000000005
370.25699999999995
444.5280000000004
369.874
346.47100000000023
433.4390000000002
221.28
220.29700000000003
473.55100000000033
394.9030000000003
303.387
304.3710000000001
374.48500000000024
302.761
331.1990000000001
498.57100000000037
409.5110000000002
449.4590000000002
390.9110000000003
481.6000000000004
302.15700000000004
398.50300000000016
337.36
481.5050000000003
352.39000000000004
304.374
312.32900000000006
316.401
347.80500000000006
463.3970000000003
460.83900000000017
458.54000000000013
477.61100000000016
434.4270000000002
377.4000000000001
465.4590000000002
409.4900000000002
320.399
250.298
413.39000000000027
263.297
283.353
350.38300000000004
282.27
390.5310000000002
208.26399999999998
492.1130000000001
394.4520000000001
330.24
385.51400000000007
301.798
366.31300000000005
405.43200000000013
315.46100000000007
331.71900000000005
387.50200000000024
414.48700000000014
327.4530000000002
291.28200000000004
393.55300000000045
316.4080000000001
449.5040000000002
294.31
267.284
425.53300000000013
323.352
414.94300000000015
302.15700000000004
465.4930000000001
312.34400000000005
452.56200000000035
283.35600000000005
470.6200000000002
311.38100000000003
339.39100000000013
409.4580000000001
458.52200000000016
384.4960000000002
434.54000000000013
347.41400000000004
376.7220000000001
271.4039999999999
285.303
340.42300000000023
387.54900000000015
337.4010000000002
309.369
496.56400000000025
365.45500000000027
297.35400000000004
413.43300000000016
365.26300000000003
422.2830000000001
316.3760000000001
328.4370000000001
291.351
332.4290000000001
386.3930000000001
408.296
245.303
380.4440000000002
469.50500000000017
458.35600000000017
243.226
345.358
296.157
396.49100000000027
321.337
489.6220000000002
197.19400000000002
232.23499999999996
435.46500000000015
396.4500000000001
284.359
310.353
432.4760000000001
442.62800000000027
323.8200000000002
366.4670000000001
246.12199999999999
371.4480000000001
343.40799999999996
497.5980000000002
343.27099999999996
266.34700000000004
292.20700000000005
345.4020000000001
478.47000000000014
381.4390000000001
420.53800000000024
420.49800000000016
427.3380000000002
327.83600000000007
449.3480000000002
303.36600000000004
395.4590000000003
400.4850000000002
326.18300000000005
393.487
494.59600000000034
424.5450000000002
244.24999999999994
282.255
340.42600000000004
306.749
367.47800000000007
368.3890000000001
325.3200000000001
339.37300000000005
287.344
459.3800000000002
247.33799999999994
243.28100000000003
395.4840000000001
384.43100000000004
332.42500000000007
249.379
271.276
475.3680000000002
385.42700000000013
407.51800000000026
379.3320000000001
317.4410000000001
311.4100000000001
439.5410000000002
436.5370000000001
313.83200000000005
356.84900000000016
329.403
261.365
519.0300000000002
336.3880000000001
347.3960000000001
382.51200000000034
462.48000000000025
489.57900000000024
376.4570000000002
357.5040000000001
274.75100000000003
304.31300000000005
255.74499999999998
412.9420000000001
330.38400000000007
445.4040000000002
377.4180000000001
290.366
382.87300000000005
297.41999999999996
457.4300000000002
352.4410000000001
339.4640000000001
258.23300000000006
375.49400000000014
320.43600000000004
280.371
257.33699999999993
381.4320000000002
188.226
291.39799999999997
433.50800000000015
365.38500000000016
233.31099999999995
449.47000000000014
403.3940000000001
487.0440000000005
365.4370000000001
489.59700000000026
318.829
286.33900000000006
384.4360000000002
242.23800000000003
416.5020000000001
440.54400000000015
418.5620000000001
421.25000000000017
363.2440000000001
484.5030000000001
174.247
371.39300000000014
500.45600000000036
238.33099999999996
382.4260000000001
365.43600000000004
347.42200000000014
491.54600000000016
497.5990000000003
424.5690000000001
471.60700000000014
466.9060000000002
399.5010000000001
525.6240000000003
504.58700000000033
328.774
417.4120000000001
401.5570000000002
328.39300000000003
447.95100000000014
260.318
404.4380000000003
345.752
433.51500000000016
408.57100000000014
254.24900000000002
401.4660000000001
332.42900000000014
450.5390000000002
524.6210000000002
459.54600000000033
343.7700000000001
225.294
405.4070000000001
237.21499999999997
319.38599999999997
310.4
469.5630000000001
444.48700000000025
319.404
260.381
247.68900000000002
389.4800000000001
398.4880000000003
466.49000000000024
447.4870000000002
493.9220000000002
407.48900000000026
554.0650000000003
411.59000000000043
344.43600000000004
404.25300000000004
427.4510000000001
485.9490000000001
545.6580000000002
288.41600000000005
275.29799999999994
336.43500000000006
265.26800000000003
455.5990000000003
392.4840000000001
270.28400000000005
330.3880000000001
349.434
464.5720000000002
373.37800000000004
432.8540000000001
454.59200000000027
354.4710000000002
412.5110000000001
305.186
301.367
443.61200000000036
437.4920000000003
272.30400000000003
327.43
403.5110000000001
461.52900000000017
429.94800000000015
582.6830000000003
333.49800000000016
425.435
383.58400000000006
435.54600000000033
479.9240000000002
377.40000000000015
439.42800000000017
308.179
338.79400000000004
329.78700000000003
483.5890000000003
333.271
339.222
342.5270000000001
279.34000000000003
337.305
314.414
364.44500000000005
228.292
406.4380000000001
406.43200000000013
329.5130000000001
325.3640000000001
326.77900000000005
347.7620000000001
455.3410000000001
520.6770000000004
505.6190000000002
432.54900000000015
304.762
458.4840000000002
450.4470000000002
312.391
255.25099999999995
221.25999999999993
458.9670000000001
372.4400000000001
309.369
484.6000000000004
429.5500000000002
373.5400000000003
356.3820000000001
412.06600000000003
360.4100000000001
396.5160000000001
486.5190000000002
440.5180000000002
527.4220000000001
431.49200000000025
279.698
249.26599999999993
342.3950000000001
282.384
491.4940000000002
303.47100000000006
391.39700000000005
338.42900000000014
459.8890000000001
286.291
472.58900000000017
366.87300000000005
289.331
375.38800000000003
482.9050000000002
453.54200000000026
270.284
360.548
464.5950000000003
503.6060000000003
274.295
265.312
358.4630000000001
251.69499999999996
298.346
449.55100000000033
467.67900000000026
426.5170000000003
249.19000000000003
403.52300000000025
378.2910000000001
365.4510000000002
289.36
345.44200000000006
313.3570000000001
281.739
484.6890000000002
472.49400000000037
294.37600000000003
430.46400000000017
241.25
243.4199999999999
391.4490000000001
379.48900000000015
349.39000000000016
318.32700000000006
303.31800000000004
470.5920000000005
411.41700000000014
328.48100000000017
488.5660000000003
452.37000000000023
382.803
254.33299999999997
438.5490000000002
366.4390000000002
303.70500000000004
325.2730000000001
455.99300000000034
304.415
395.50700000000023
462.48400000000026
451.52000000000027
373.5030000000001
213.24099999999993
408.4980000000001
302.4220000000001
369.4280000000001
258.281
210.24000000000004
396.3400000000002
303.33000000000004
416.4300000000002
268.32000000000005
311.34000000000003
376.3810000000001
262.312
280.327
400.4780000000002
300.196
458.9930000000003
247.68099999999998
328.32800000000003
382.42000000000013
355.3940000000001
281.271
308.353
338.363
516.6020000000002
307.41900000000015
299.28600000000006
254.30699999999996
422.5290000000002
355.463
279.321
315.279
319.41200000000003
371.2340000000001
330.36300000000017
394.8400000000002
172.18699999999998
435.52400000000017
276.3000000000001
355.488
279.3860000000001
356.38500000000005
256.269
432.5420000000002
416.5430000000002
385.92000000000024
577.6850000000003
391.5000000000001
429.52000000000015
545.6390000000004
348.51600000000013
383.4290000000001
329.783
358.46700000000016
279.42999999999995
316.203
445.5220000000002
434.53600000000023
427.48200000000014
328.43700000000007
344.3420000000001
237.28
364.4050000000001
284.40299999999996
465.5060000000003
397.4750000000002
505.5560000000002
364.4270000000001
300.3390000000001
412.26500000000004
518.5300000000004
351.41
433.5550000000003
454.5920000000003
352.43300000000005
394.2320000000001
305.359
415.44200000000023
364.28300000000013
278.184
422.53500000000014
414.48700000000014
301.396
381.54500000000013
172.187
339.3990000000001
388.49200000000013
420.50900000000007
341.4800000000001
322.4560000000001
285.229
365.2600000000001
269.30400000000003
295.342
406.4930000000001
282.318
475.54500000000013
242.23800000000003
536.6940000000004
408.38000000000005
323.35200000000003
315.329
365.38900000000007
234.32099999999994
352.41500000000013
380.4950000000003
260.25300000000004
244.29700000000003
275.352
408.52700000000027
420.8780000000001
386.5020000000001
377.30300000000005
355.48200000000014
322.79200000000003
198.182
402.5120000000003
282.343
354.15999999999997
472.68000000000023
247.33799999999994
206.32899999999998
250.72900000000004
354.47499999999997
350.48400000000015
250.323
315.35
509.61100000000044
380.4220000000001
251.31099999999998
291.354
405.5050000000002
317.41200000000003
314.305
356.29400000000004
248.238
469.5410000000002
346.8210000000001
299.334
402.47200000000015
479.92000000000013
283.28999999999996
273.33599999999996
500.01700000000034
411.5060000000002
239.28200000000004
205.326
510.5680000000003
356.853
435.03700000000015
364.45300000000003
241.29
488.50000000000017
400.4270000000002
371.7980000000001
382.51100000000025
326.35900000000004
432.4140000000001
339.39100000000013
390.18600000000015
421.84000000000003
267.328
247.279
275.308
392.543
383.8750000000001
386.4290000000001
456.73
218.21600000000004
463.8770000000002
326.799
297.27
286.356
387.5050000000003
299.374
289.33099999999996
360.5840000000001
486.5690000000003
201.254
356.45100000000014
276.72700000000003
315.192
378.4570000000001
317.34900000000016
281.38500000000005
361.39700000000005
306.7090000000001
511.3910000000001
427.57300000000015
338.4540000000001
450.4240000000003
261.369
282.34000000000003
443.5030000000002
445.5410000000003
318.2040000000002
323.42100000000016
301.36699999999996
195.17399999999998
466.5630000000003
278.3519999999999
326.346
227.24200000000005
385.4450000000003
294.6940000000001
315.40200000000016
421.4970000000002
316.357
379.50800000000027
446.37400000000014
403.8910000000001
412.55900000000014
434.38400000000007
322.4080000000001
275.289
417.4940000000002
182.223
482.5120000000003
218.3
312.29999999999995
483.5460000000002
282.84000000000003
286.35299999999995
255.296
300.74500000000006
243.26600000000002
297.3790000000001
283.375
336.43500000000006
462.5750000000002
415.4890000000001
356.3380000000001
301.29799999999994
484.9430000000002
339.253
414.41800000000023
321.4270000000001
425.8720000000001
289.35999999999996
407.5170000000001
190.19499999999996
251.30699999999993
335.40700000000004
458.44000000000017
315.354
469.4750000000002
233.34
400.4850000000002
345.3580000000001
477.5170000000002
305.83399999999995
353.46600000000007
365.47000000000014
359.4070000000001
419.45300000000015
492.39900000000034
320.41400000000004
355.35800000000006
314.29300000000006
407.5390000000002
415.4490000000001
380.4950000000001
343.4230000000001
353.4210000000001
341.346
285.37200000000007
358.41700000000003
313.78499999999997
453.83800000000014
399.42800000000017
347.4650000000001
353.4220000000002
330.45300000000003
256.28999999999996
327.1670000000001
439.55900000000014
378.41300000000007
302.33
281.27099999999996
368.41400000000004
326.35600000000005
352.391
316.3570000000001
402.79000000000013
370.4930000000001
359.451
341.37000000000006
414.50500000000017
271.316
401.5130000000002
209.35799999999998
183.207
280.2990000000001
461.31600000000026
370.47400000000005
445.0130000000001
401.4880000000001
392.253
373.5660000000001
372.47500000000014
400.46400000000017
400.4790000000001
348.8050000000001
384.50100000000015
413.53900000000016
415.56600000000014
355.8470000000001
222.248
357.4830000000002
462.5750000000003
231.255
446.95600000000036
278.30799999999994
463.5190000000001
227.18499999999995
379.5070000000002
457.5300000000002
391.4490000000001
428.98600000000033
200.263
337.84700000000004
461.99600000000027
356.49100000000016
450.52400000000017
416.52500000000015
312.413
397.5250000000001
339.3760000000001
237.28000000000003
281.315
251.28500000000003
285.372
336.4350000000001
477.87000000000006
437.49600000000027
344.1900000000001
368.50200000000007
200.23799999999994
389.9520000000001
435.9770000000002
207.27299999999997
388.3760000000001
351.3660000000001
352.38700000000006
352.8430000000001
466.62900000000013
363.3950000000001
446.5100000000001
260.318
432.4980000000003
272.39799999999997
354.4530000000001
243.245
416.45500000000015
542.4990000000001
345.42400000000004
424.9530000000002
246.31
339.399
397.5230000000001
282.299
277.349
380.4290000000002
498.243
467.58800000000036
303.362
234.299
350.3960000000001
366.83300000000014
549.6600000000002
337.33500000000004
348.39900000000017
284.35499999999996
400.47500000000025
383.47300000000007
372.42100000000016
294.314
344.4210000000001
430.9320000000003
421.3960000000001
425.9150000000002
405.4450000000004
284.334
261.708
443.5470000000002
418.88700000000006
432.5010000000001
404.8540000000001
378.45700000000005
395.2860000000002
357.38100000000003
351.2550000000002
416.9080000000001
346.7950000000001
497.5920000000003
343.793
499.6330000000003
381.45700000000005
371.362
547.6770000000002
368.458
342.42400000000004
433.5050000000001
428.4660000000002
355.25300000000004
353.37800000000004
410.51800000000026
354.21
283.327
376.363
342.3980000000001
239.25300000000001
405.47900000000004
344.4360000000001
403.5480000000001
437.4520000000002
329.35200000000003
314.366
340.398
471.6040000000003
308.09499999999997
524.6140000000004
384.5490000000001
313.785
474.56100000000026
245.36899999999997
382.89900000000034
314.7320000000001
430.348
244.298
313.288
371.43600000000015
306.3910000000001
316.4010000000001
411.889
491.5990000000003
407.47400000000016
312.347
404.59900000000016
386.54200000000014
334.4410000000001
207.193
331.76300000000003
365.5020000000003
327.456
496.5240000000002
477.6300000000003
383.49900000000014
347.4430000000001
376.3900000000001
311.38100000000003
372.49000000000007
427.54800000000034
364.351
209.35799999999995
416.5000000000001
396.51500000000004
348.28000000000003
312.398
348.44300000000015
447.51300000000026
300.694
542.5770000000002
278.27099999999996
296.37500000000006
291.314
292.77000000000004
321.35800000000023
340.2950000000001
328.35100000000006
411.9140000000001
432.52700000000027
404.55100000000033
492.57200000000023
258.277
390.5120000000001
383.44800000000015
441.5530000000001
423.4720000000002
301.3710000000001
331.20199999999994
304.35300000000007
333.36500000000007
284.34000000000003
402.87800000000016
354.3810000000001
281.73900000000003
458.9640000000002
419.50300000000016
290.32200000000006
423.44400000000024
325.16200000000003
256.265
395.82000000000005
354.83700000000005
351.368
568.4430000000002
315.20700000000005
481.6000000000003
431.54300000000023
361.40100000000007
453.52400000000017
314.3630000000001
405.4540000000002
449.64600000000036
181.19099999999997
434.48300000000023
245.303
534.6570000000003
485.4260000000001
376.44900000000007
403.41300000000007
347.487
252.29500000000002
477.5020000000002
470.5950000000001
448.5890000000003
373.49600000000004
321.40500000000003
401.46200000000005
235.33099999999996
396.5090000000002
495.6010000000003
434.55800000000016
525.8520000000003
362.5100000000003
355.43700000000007
328.324
237.25899999999996
367.4450000000001
298.298
313.40500000000003
426.51300000000015
326.421
402.49100000000027
399.87400000000014
400.497
385.35600000000017
352.47800000000024
350.24100000000004
378.41400000000016
428.57300000000043
422.46000000000026
456.34400000000016
371.4370000000002
340.427
386.4950000000003
197.30299999999994
456.9620000000001
472.6150000000001
282.38700000000006
368.418
241.35899999999998
396.46800000000013
397.5160000000003
275.352
319.719
175.195
313.4410000000002
270.33299999999997
417.53100000000006
479.98600000000033
415.5150000000002
364.45200000000006
469.8830000000002
371.618
312.3910000000001
375.4280000000001