2.323219734095657
3.6596698424892704
3.6179385160182047
2.2691017911522486
2.0140885664933847
2.080637189353899
2.097484997308692
2.1731304628528942
2.2712685928102854
1.8735103774224378
2.8283520804879476
1.9035696581806025
2.123024328139902
3.0696899572227894
2.155181696312699
2.8278216985864297
2.6291509108792592
3.120846057178005
1.9743399333224723
2.3917723181133255
3.3771720170095465
3.26962094278268
2.1716333356175053
2.3623683668025386
2.486846181916439
2.164333963767433
3.141637889474218
2.6755484192214958
2.3879031816018923
2.3428189762877736
2.0064903099985916
2.6793225813939863
2.078466840572247
2.654602377342451
2.816586522635923
2.3268856864353715
2.5817005243277897
2.362944212765271
2.4583639449984034
2.8640244652360796
1.89692088274629
2.6242379978259045
1.9603475330109337
2.9594110944263186
2.501626428106116
1.686288421028145
2.1677077786640826
2.3051012372410042
2.0276919836157585
2.2199020903776656
2.3413761044395027
2.158914985674837
2.35293888528728
2.03962329076184
1.6942544582885173
2.231844855019359
1.9814346409590193
2.0819685438689497
2.1333859330201044
3.03487030613661
3.040940713820402
2.313330477483282
2.187241259582418
3.181614595860812
1.9602150525107298
2.296926911852319
3.7370254723655716
2.64141532949046
2.2910607082304004
2.229449861325504
2.1872017089511218
3.609136210137315
1.9094776200435302
2.3261218244119366
2.0924572554913166
2.5979157437871496
2.0342353207422583
1.9080404669458737
2.3584120554454326
2.9260105435090917
2.3238650445316704
2.2644417423959364
1.8200582358167843
1.904066892242465
2.808667513407851
2.243235750090605
2.451787314183143
2.1951182358167856
2.3103591311509586
3.4415465566231616
2.2242735547031867
2.7799494143347783
2.1153877746381813
2.228430577222637
2.303025205452844
2.6116164326391758
1.6598726636180299
1.7127623596498047
2.0522901849325734
2.0652282936838926
5.571779848280332
2.099418651958022
1.8333618781276293
1.7584202010767527
2.9276618601163005
2.4069869858662507
3.351876583124202
2.254079587824993
1.931927941140426
2.581176167656025
2.084407005407412
2.372198884812791
1.6182367696627136
2.3749309928308495
2.7083696042847745
1.8543526085782496
2.357801117172718
2.3115993061174276
2.125487653488346
3.111106506404771
2.9080546789900197
2.6962479789701064
2.412356735276605
2.24349001380987
2.085511425991916
2.7629263517768337
2.1855530772226377
2.2434185330197565
1.9858004440709465
2.021759088217781
2.2390182695303302
2.4155314184921455
2.2221883359138612
3.4239326374194716
2.1789025327919678
2.9433075347307085
2.250847499912906
2.247536351448412
2.2449558809130945
1.8189705662277795
2.3716607310687916
2.298011997366716
2.3543329582768298
2.4503064125405842
3.341021962879948
2.3901504264256914
2.2733409900024864
3.747698643090313
1.3928776085782513
1.9343442731948457
2.4895030708992376
2.4396711926072534
2.0504558787430653
2.952576397607883
2.3255403128697427
2.189166497054128
1.9820708123557136
5.159354269893972
3.862743183360979
2.222490641460185
2.3708898747346367
2.468675387825847
2.174762066864176
2.6608708159211645
2.2251537589878208
2.0313316358322098
2.3437881075870077
2.03655591946071
2.122597992189336
3.1048010359735647
3.3583684969112735
3.458342060860458
2.82824894961343
3.1184326935041007
2.3526017358027556
2.9737959029394556
2.5194682839936906
2.309059451861314
4.40660468481171
2.8148111169295866
2.1172534350416896
3.1914346159982188
2.824328825181322
2.05561348946366
2.6498090419049394
2.2722485740396916
2.8270696415452843
2.5467166207920275
2.4980835049174797
1.9454217670542153
3.5703701941018435
2.398682302317777
1.9397133469764452
4.001799916430725
1.8151797742783238
2.1201951469904685
2.7545417211269427
2.3149691436032054
1.9938983571867563
1.7433762107847723
2.211138697225172
2.2708316298542144
2.0073494503413123
4.089821045990909
3.6932597579524433
2.046305810607299
2.2250844677395847
3.507979908023227
2.453463173009684
2.350260830340906
1.6457262361766425
2.5840068928976088
2.482928447634336
2.1985149592778086
1.7832040023480467
4.391714332814564
2.1172456420665036
1.9356512273083268
3.796890273498148
2.402187669923199
1.7623954290824315
2.0518208292310103
3.1949774073268618
2.1065994685116465
2.5903606483757873
1.6705786273477017
3.470502925677403
3.371398084729229
2.114025910532215
2.6453306431804986
2.294916581105614
2.4968904333902895
2.3217694779348843
3.1125196917113866
1.9273412178471183
1.690539576930572
2.9375052808218634
2.979726137916982
3.8069327749611226
2.244554997210116
2.7151262379383407
2.4429037070000525
2.0192330941163803
3.7247563246934945
2.4312408303564723
2.060097139621721
2.6969553296137896
2.566112544662662
1.8998455798380682
3.25547890375553
2.252964345602429
2.285609042968913
1.6725872208637078
2.6408912518413956
2.3364016375136956
3.4165614092619085
2.162615664879066
2.271960935173297
2.7022331007891225
2.5467600526941148
2.1026498151321853
1.9521378207124283
2.731028625908314
2.9079760488828974
2.60889354386895
2.7188701969985445
2.655800989914148
2.7189730181147116
2.394505110388078
2.2275096332147957
2.176309672269456
2.760363907668948
1.4457751450703338
2.2016014821867564
4.031416622852396
1.944694226543385
2.401952004139069
2.19648049629771
2.4086373148924327
3.5679593544551267
4.070647357120243
2.9669120434165848
2.0443830018691695
2.5873138969847034
1.83618485235497
2.8112640060926566
3.0924931774857685
2.2720881923515908
2.495472937769282
2.2441972233384178
2.193933807334501
2.2979259221207595
2.216404895648296
2.35835044943358
2.9763157657988994
2.046036591314845
2.8942649405801646
2.673329609443158
2.7427745474248333
2.314980421407654
1.6848407653584303
2.0563966096113013
1.997643211229839
2.5283463663804273
3.2195473721507977
2.2786536995124074
2.465194138497475
3.02634485276383
2.659349574249431
2.2334715803423784
2.6588529560680936
2.224776257696009
3.4068389990438357
2.683622567800592
2.2544576301696893
2.117515661364566
1.8932650024399926
2.5157288829303823
2.077650260887742
2.3199272428683457
3.5738715857818457
2.3708448193190126
1.8515879856145023
1.969177009433313
2.228804041448212
2.490089569660066
2.7082562695505636
2.1078812270092424
2.448545216760815
2.1718104023444624
2.3202050823304887
2.412075476730596
3.384488344498271
2.217932511626705
2.0930251800135036
2.529269434703629
3.3498780712033227
2.377300895377788
2.8109721586026044
2.2167091942026627
1.6981705280327297
3.0956062245366702
2.0593090306072455
2.401041251216826
2.4151114605447326
2.2751074665860145
2.8602959562414885
2.1322361007663932
3.952747415517507
2.308563100218219
2.9454384949580117
2.328263792997964
2.7353278848784353
2.0787579547920156
2.568107544662663
2.2262701688070834
2.8692275836247205
2.7040375140299133
3.2558068018631072
2.7786343768773936
2.440257148283628
3.2743205412488887
2.0936954258751754
2.762160795500778
3.294757786866665
1.9169425160392102
2.515835009505796
2.1815832564787048
2.1949573227847665
1.8970998310984832
5.364540589612181
2.8022841026344523
3.3734194113498575
2.012153042355001
2.5812271270113207
2.298533212955988
2.156528809307737
2.2791667210787807
2.4053433301852554
3.0280805968202946
2.7528525056229878
2.573797264931436
2.0532413127398605
3.4224080308606055
2.403624135940838
2.918608258623925
2.416270790999137
2.1961340925004613
2.181405878743064
2.9896604880749695
1.9807861812315881
1.7790904244944485
2.083102305000999
2.1011488835900654
2.934175463958317
1.8265125002465599
3.2845876959641984
2.1178220819706297
2.304557255491316
2.762491642311394
2.5913883265976256
1.8788606163774464
1.9818948523549693
2.3983389496671546
1.9922024562756278
2.3790373194830394
2.475570177722769
1.8325403803895384
2.834240281597209
2.677480332414392
4.556117536197127
2.4349811774081154
1.8297810049174785
2.7455302288013357
2.614869739357154
2.047776345334386
2.472613021407984
2.2782557786967157
3.45854972731094
2.1333553671123155
2.2457365891798027
2.1535598756329666
2.512762891754596
2.4736080548261388
3.284328731145706
2.3411201597197238
2.7241117323422284
2.503093013144719
2.26060151743569
2.426536977305439
4.891647638552806
2.4408879862265636
3.2934597512425228
2.727946121480292
2.2858553283406042
2.021306070733459
2.539084895648296
2.2130522841585876
2.3264676622428784
2.3657624533234163
2.8020531572757488
2.382483588753244
2.5192411041329024
2.028263389792821
2.3285720819706306
2.2954207850102204
2.643690570034291
2.2167892060628507
2.7984676201796805
2.092062235428145
3.373495636782156
2.5364459127317254
2.3207619825324866
2.2168072543077226
1.3690805843629548
3.616992183622118
2.0291176687739725
2.1287469859050265
2.3007838895328643
1.8907669036052575
2.6775022573561227
2.3519393106614963
2.4110532182585533
2.509181903637023
2.7567357376648793
2.144349730813131
2.4352091487190783
2.1262837036023967
1.9990994518613139
2.90241584555754
2.7872985378652313
2.1608230633949255
3.0419918727769124
3.11574396437109
2.2921439928012077
2.5260099543012178
2.216483314302291
3.0210532661150484
4.423083873778344
2.301871599976641
1.680799596644981
2.924922578403697
2.2211833042485836
2.508567025838431
2.7260148645764275
3.0685283364277023
2.139787181771352
2.6618824909406076
2.077046620792027
1.6826437306141084
2.8784074900852623
2.9257582285085775
1.7635112655284786
1.9462486532487553
2.26594974948533
1.8958622354281456
1.863439332916407
2.11965593653151
3.1707041890971146
2.148071739538292
2.383432469612792
2.169026780525474
2.911331240242605
2.277058555084704
3.2353601490608916
4.96803080287969
2.534179634933137
2.313659827971886
2.270141378330928
2.0582605435090926
2.638165158893708
1.9920622671553598
2.0362305147493114
2.303059184795435
2.304703703602396
2.168310593824163
2.106478624559914
3.5515674372217685
2.411091669346094
1.9975935961626714
1.9891077800198396
3.5600245296559905
3.7700649225218825
3.5409234127738713
1.9890827791842387
2.8706008680753268
3.3540503197914244
2.3564980229805883
3.0685391542148697
2.390938219652437
2.686313728871001
2.4583611266731857
2.7506020630650436
2.495376044764834
1.9481501095122944
2.6410089717894163
2.6559439438560037
2.3162548025596337
2.4070098574485517
2.3800052721457607
2.290785236970356
3.0601455422046033
3.8230754900063095
2.2448572292135314
2.257102929538503
2.063064941829099
2.061717761139514
3.109951641401091
3.8845523479651334
2.8582514710346825
3.403769629214773
2.4446670772493615
3.1760184306100108
2.669121431338885
2.4548439120417367
2.0218861250617675
2.162958023038371
2.1550776445884043
1.6641233782045362
1.6435974749930473
2.614396389532864
2.3144569677395843
2.8363773463512523
3.907864580208112
2.4328426740097875
2.4976237959133485
2.858885881938093
2.487620680883433
3.013644935825381
1.9996578326926606
3.152807204891313
2.1977619448261034
2.23296610743286
2.326957011879566
2.3454178196829343
1.542438062597915
2.7874472741289686
2.471556734113733
2.47044551189936
2.5492759207310396
2.781899601059454
1.9435150782375104
2.9251926818405085
2.468462486812811
3.5647932425378777
2.12655197593023
2.5385308003043203
2.9385055530331634
3.4564822357484495
2.401693310607298
3.284600928639664
2.1935060338939127
2.6540694347036293
1.963040491747714
2.006872807736208
2.477166710429991
2.57117213861566
2.500950985589572
2.383992728388682
2.1831395110329126
3.0554375437525243
3.0292604983698634
3.083032274496432
2.346318132141164
2.2825588908165084
2.8438416041072596
1.9724876153410271
1.6844873094845223
2.3291685650470377
2.5877991306626296
1.8915214377443235
3.127296155153262
3.6061322932025215
2.791072028813188
2.6842220117971376
2.4607936868570874
2.0885483394603988
2.203159208800926
2.4119906783181815
1.9368268055467777
3.5115311076488807
2.020058222050219
2.7775308912304695
2.892484899019596
2.466881048936166
2.2792306369368305
3.5142747685556595
2.7929390822140636
2.2927514229218016
2.2201649406518023
2.2938528797176456
2.0486043631377395
2.899414664972662
2.0751026559503387
2.0400763332982823
1.963588731068791
3.1110470396973886
2.750877923942941
2.668031725045884
3.3186261464025906
3.179875236884601
2.9451266900470383
2.5014864065368663
2.6401406058449233
2.5859396514863455
2.163037652647695
2.323877352964498
2.218656078828735
1.5145386387349689
2.0874526567611458
2.5451057207335364
3.445422105177192
2.4949828002773433
2.609501306736144
2.41512185819723
1.9705221905562507
2.2202026648313176
3.7332525268952947
2.2928556917486045
2.1537473900227972
3.6064024930148326
2.3584255559196983
2.3578295887696417
2.271924582188742
2.1226089762009064
1.9427358809130943
3.419593154779017
2.6936374221882797
2.1770024350675516
1.890469641545284
2.219544212765271
3.646075805107891
2.8919451781061145
2.577610767165714
2.8698223487233694
3.9778183150459405
2.6808733445439525
2.73292165097717
1.9692116295701112
5.078718692685391
2.8013111740031036
2.2152460886539433
3.6160026312304616
2.755907523406174
2.5807492464134043
2.722065070377935
2.0463749047031783
3.1045063912253683
2.1027053668203166
1.9699260673215768
2.233806577222637
2.40890698081904
2.043367951002123
2.0040453673794296
3.509040803894262
2.42493866547286
2.04705139591009
2.3252420214945424
2.726581251027298
2.2418658403805303
2.0289966531720047
1.958431635832211
3.1563941556799238
2.0184077579157726
2.7587826757061578
4.396730465740827
2.3043709044272074
2.9859730500440094
2.593206906467733
2.434601302835498
3.302506325980021
2.33670354386895
3.2177063149468896
2.5876411168169025
2.6140022522819404
2.568621093312636
2.3258239798089875
2.28368497289334
2.3107236108749305
2.58189065950085
2.9587221586026047
1.9938272012269813
2.2116123644295804
3.9871476181327914
1.6801575163823124
1.977470941387077
2.6264696621088195
1.8779752561449747
2.764528731702093
1.4264223510713254
2.244992001314433
2.3888544774766842
2.138870466945873
2.2446330277461666
1.7671059281244759
2.044539697715104
3.938027676187245
2.038735158893708
2.0293484192214954
1.9794023677937336
2.266788843462537
2.272386014074801
3.038771132873629
3.7012921227393463
2.3232187571672753
2.137871607293361
2.633128847946061
2.3273032513182432
2.0397830698468837
3.2504842161812206
2.3881417900863973
2.243210061515102
2.1551215798380685
2.027063449666647
2.1906950973706714
1.9820988985700332
1.9681902227260455
2.0132197728644705
3.53127824552612
2.5378331856883047
2.058875390038617
2.2191002413229928
2.781512472959214
2.9780112812780892
2.00709361912768
2.105021117000044
2.019567201139843
3.367788766367574
2.317681175595334
2.3388570311737027
3.480926786915468
1.8369621505962126
1.980021550369493
3.4577946291944848
2.1794886837315133
2.9078021243595256
3.3601422528040867
2.890645464968056
2.7976269995731915
2.240668598814004
2.570623620432169
1.928170566227779
3.5090190241914794
1.9775987202328906
2.063545221708843
2.5588104321677037
2.4337715037430634
2.39154607284682
2.6032944845419443
3.2332736745565303
1.8575591744944475
2.3992411100767512
2.508268767675073
2.074550371011494
2.5647423205903763
2.6484727229716256
2.1215591832072054
2.5983147248006944
2.039062245517364
3.0910699044952317
1.8344787380559513
2.345220634070385
2.2310909002865422
1.7419754613326752
2.251247998781267
3.0911329184907306
2.2296992371011566
1.8504713127398595
3.318134894848569
2.299387371693273
3.961239755473022
2.1062905625468655
2.0337633469764427
1.8946245067016445
1.9810079456436878
3.4277732526603373
2.731138343435582
2.196981030326155
2.6051771486527215
2.266596855067652
2.6448166685085983
3.0198589901032475
2.295675120125173
2.653308098525832
2.2260484314736484
3.7473079482658447
2.6979917299497718
3.3391271553387076
4.163138301885996
2.076380225206705
2.588868721646744
2.2740456888842306
2.3685285481638605
4.146517578001555
2.9790040226453485
2.1405089284843353
2.0286463786506523
1.7306227193200971
1.916024349742587
2.8398154924270287
2.521910529550336
2.321959851071327
3.4978182954834605
2.406184503296563
2.1353384896087473
2.325135577169638
3.3385334395676107
2.0948487069966237
2.5236616012508666
2.1177165168419236
2.4451924618525833
2.1460877369703564
2.4740019518039134
3.7568955677064935
3.443380404772334
3.56540874370953
3.1577946711412395
2.1992168773707252
3.2358629465523254
2.313468499995846
2.7155879247267283
2.34047326257776
2.381358506216719
2.0532109011050377
3.4141162889799466
3.8393462806296696
2.175695289197119
2.457509258154664
2.7644333900227966
2.20694491185907
2.031248560591358
2.785432650686001
2.310305875314219
4.324661742527206
2.502730043379019
2.837908656520586
2.877558037689452
1.990859689648671
3.862217739627999
2.6383473019689596
2.030585398425254
2.4345693632341305
3.3039529789746016
1.9131882610329107
1.9389044593590494
1.8775376541457138
2.3165257240506634
3.549454426562228
2.1778436598349273
2.386550159526127
2.3032684977800493
2.541992554857961
2.4958980559505513
3.4610335323585772
2.130993094705154
2.3141740387080993
2.3704974195767665
1.7947058434948264
2.7665178909891974
2.739023330720096
3.16422082552193
1.889169511032911
2.2282772383434892
1.7456181742937478
1.922985026160669
2.1685408817319978
2.088913783177995
2.248087773413415
2.3518691436032046
2.474660543509092
1.8091603427771599
2.4452752885742974
1.9695391375665032
2.032524232561448
1.6854001203020932
2.3275571359270906
2.1906374737131156
2.3499808603393415
3.057040825521929
2.2451670682591924
2.229273698508816
2.4965798079918677
2.073570932252222
2.7947862890425927
2.422983928484335
2.061852713492282
2.6747004120559854
2.38476858762151
3.118627436312801
2.7062638365449843
2.8192845239226063
2.2224116443860034
2.324495236343612
1.8174319940392536
2.1314779376073574
2.2498465766606124
2.094193815999313
1.644679923033335
1.5917097742783213
3.6780065544755898
2.329863922480616
2.489577583859658
2.0970192630429576
2.373769874079045
2.205140975052762
2.3201580841145386
4.007296878918588
2.5859339228480813
2.2610305826225208
3.3516611695916145
2.229217443743087
2.854927001339062
3.17798037748927
2.951532375621243
2.0187393289058306
2.2920102761673498
2.6898903547053656
2.286913998251718
2.2929915522714097
2.554777986129521
2.1712326862668583
2.5996617550970207
2.290891657460403
1.696591027925198
4.613021797155968
2.2048802471656526
3.9534914965380654
2.493918755457331
3.2826402994806427
2.550383757113819
2.8898700628281038
2.1148698665761714
2.0419360112947054
3.7080404669458726
2.873061999403692
1.8441916423113955
1.990872390022794
3.0997208219822436
3.1553753878258473
2.6204518961978565
2.547444819319013
2.0093850594555622
3.790682338680349
2.970904252690712
3.420231687792774
2.2131596930456148
1.9011197612405137
3.1332916322154434
2.2461733144853753
3.1573868676665544
2.179289774278324
1.7105999676341384
3.1822333862215952
2.7265075943663906
2.781051635101985
2.097093458748578
2.799275186603534
2.8584864847774742
2.4823693680061716
2.074129053252747
1.5133635686707905
2.3462342535463137
2.026942124153676
2.6515718319171953
1.7401910701167118
2.793680684748276
2.2465308593266737
2.204157778664081
4.085215672499355
2.4752007578525212
2.8728956373060957
2.5482411262865323
3.282220106091512
2.9676494183317654
2.648040626040599
2.819808322698208
3.372141096695195
2.3618255891386344
2.1031123691276807
2.4786042893018205
2.4456252486506536
2.351531608443322
2.593557551740222
2.206837769001927
1.966463207978851
2.7003493854790914
2.22406368107284
2.2574263174334135
2.2015272462691726
4.5795212315999905
2.1882809174437288
2.676152717041793
2.9025144244279346
2.698367988782147
1.8239281592535654
2.431651040054799
2.171096011294706
1.853283515798175
3.2703302161893335
2.6701230905106765
2.8198582655581212
1.876647655741122
1.7605848875804604
2.099485291412659
2.163134588786141
2.8799358344800066
2.4547253941288183
2.498497812302798
2.2483456837956446
2.051355257361932
1.9236227202328902
2.073054665110968
1.7707008111116096
4.271573411827229
2.180075036022366
1.9060167200739357
2.0401639487980106
2.2074791808395933
1.7419723064107568
2.376660845925004
3.059505479159794
1.9670445304757482
2.8367112839800814
2.01134197077603
2.2747225265836306
3.2469120309021227
2.555589815658543
2.045633458392892
2.3535235753673778
2.0503338875303765
2.423379307096001
3.164644727900246
2.1586098247196848
2.8347221160403926
2.270930103849855
3.1697873193190134
3.3001095286511344
2.0254288516922525
1.9926844782298812
1.8262817550389698
2.2476143552493504
3.517082636178065
1.8952050823304898
2.4054320580944513
1.670468288867184
2.8785606480169523
2.5513389488510096
2.868716417372765
2.1753154244944497
2.699400909874411
2.1040676978965624
2.1768262305403887
2.186964115684175
2.4349847017410067
2.9543490381572663
2.053805471240784
2.0377418637287246
2.168911184510087
2.655877474608186
2.4198326419999656
2.5807668525262795
3.044485842152424
2.2983325603830203
1.8906509078815628
1.8939175340644496
2.031125349896911
2.6294711337086873
3.5026936717289487
2.4510316012508664
1.8002462415583
1.9707945853198048
2.346386330950418
2.2626910279251984
2.3868393973966118
2.7294260717626155
2.169504620973484
2.4944711740031043
2.082363585097756
2.7187281526085982
3.250643567217068
1.8814535291675032
2.6226538339658934
2.6229891757676356
1.671004395512961
2.2775737127300157
2.0534916668662735
3.2027408530057615
2.0107325116267045
2.952321096478112
2.067607491802141
2.683243098304791
3.004826599915792
2.4822417573528615
2.339080589130525
2.2473136930941067
2.5302168997843957
3.9792441917018673
2.0148590579810186
2.4290428849149457
2.1445585220219225
3.054685734051546
2.2234661952226844
1.8635028039726862
2.04106092742448
3.2225791641987485
2.205095749305194
2.349464921521225
3.0136123655743408
2.1781427268347926
2.3638342019848437
2.520265671990268
2.554528119600647
2.3990587633584486
2.561615536386334
2.395453059687119
2.2623703801519195
2.670987050452167
3.055782795767275
2.0236606842597507
2.9891971164605486
1.9928204669458722
2.125129489463662
2.21993607007
2.56965437281716
2.8254704987368413
2.0013571306691897
2.101414169181819
2.1952125793420425
2.9522766542368437
2.130564345602428
2.23690701103291
1.935947390022795
2.3897395427632375
2.7023724327443617
4.536199255153078
2.3895049107547504
2.617881382669932
2.167123593873148
2.327850208346904
2.178774799494448
2.36439468146375
3.329666417895803
2.5868160001974054
2.5388407456970494
2.2809517883129704
2.345733571116053
1.7479694563450305
2.2422563251504677
2.3368710811261995
2.3835056266793213
2.2041256219945993
2.1256386660645035
2.222969511032911
1.770712907302192
2.536419067669417
1.900707042075787
2.1439035062011254
2.117929489463661
2.732622020447595
2.51550765656396
3.0719053418381748
2.287229126417527
2.2707028392981616
2.2919575234061735
5.366525734133274
2.6353591146506705
2.6344966147883095
2.4171754059970993
3.8829228239356794
2.334107451058987
2.431357561793929
3.3221905199131117
2.5752134009811574
2.4999201532158875
1.9018420009989718
1.9432957834013198
2.3766869128813024
2.1386817080507843
2.3297758216469564
2.9066779604522246
2.501970279501867
3.4288693220254256
3.601611352457124
2.127166340430497
2.4198377746381805
2.1566894950975115
3.5860154723288256
2.4073249163658605
2.1864953119940065
2.5211328378042452
2.3999069058409663
1.813546125761448
1.9960213895328653
2.1979152330930827
2.1179084683837335
2.0140415952961135
2.5104333994879084
1.918576682810853
3.7346858609803313
1.9082418537637746
2.9919896284736716
2.646899186603534
2.034203506070133
2.3207366960507567
3.377506384962489
2.1910901226241837
2.870222693295286
2.178716420402308
2.5828163609519805
2.2177111689386138
1.93453156846574
1.6944688318286847
2.523913346451744
2.4644214218392158
2.486646885420578
2.3985914172477205
2.4192953664237145
3.4439458395538205
3.6560366269882714
2.757568101657178
2.393120495003462
3.454217320036836
1.6789828642392113
2.1555993356175076
2.6428456325770533
2.0376515831242017
2.2656702938218274
1.6692202488327332
2.9819790132259136
2.06771586336915
3.004217052037988
2.196673326688524
2.2748306907519957
2.1532322411279736
2.1170302123279807
2.946709500822598
3.282289059171915
1.9782181562411871
1.9222695977335569
3.3393787050437345