50
54
38
42
42
42
51
38
39
44
57
41
34
45
50
27
42
31
32
48
46
39
43
39
41
29
52
32
48
27
47
42
44
50
43
39
58
47
38
49
35
37
34
45
32
27
47
53
45
33
36
30
23
36
34
47
37
38
42
50
34
38
30
39
41
41
53
30
35
32
53
51
37
43
39
45
48
42
37
35
33
54
33
31
33
46
38
37
30
54
44
19
37
47
57
31
36
41
43
39
63
31
40
22
63
56
49
41
34
26
38
43
26
28
36
31
36
55
38
29
43
50
59
27
30
57
40
38
48
49
45
24
38
59
32
63
44
43
43
47
45
47
50
55
41
60
23
28
34
30
23
45
46
29
28
47
55
35
54
40
49
44
39
38
36
30
51
24
47
25
35
38
64
50
53
60
41
33
55
25
28
62
34
42
48
52
40
40
27
41
45
37
41
54
30
50
29
39
34
36
33
44
30
45
36
32
44
58
49
35
38
53
35
36
34
48
53
47
68
37
34
37
47
51
60
20
52
36
44
27
54
26
41
44
27
26
43
49
51
52
43
38
37
47
33
45
42
48
29
49
41
54
26
42
51
51
36
47
47
41
29
37
36
46
42
50
42
37
56
51
31
37
25
35
61
32
53
40
52
50
43
56
28
50
45
43
39
34
37
48
40
31
41
52
47
48
44
37
59
38
30
42
40
43
55
37
38
56
33
23
57
41
33
39
45
35
33
66
44
56
44
56
31
44
38
55
44
33
40
35
41
53
42
56
56
56
51
56
48
35
30
52
30
38
37
36
42
24
56
47
30
47
30
33
49
36
46
44
53
38
36
44
35
51
36
33
53
39
43
31
59
38
54
33
50
35
35
45
56
44
55
42
29
34
41
44
45
37
39
63
47
33
51
38
46
33
36
33
39
49
42
24
41
52
46
29
44
32
48
42
61
25
27
63
55
38
39
56
56
36
40
25
45
42
55
31
31
53
40
59
54
48
51
42
35
45
41
46
43
34
46
56
51
29
37
39
38
42
45
38
46
30
48
27
29
46
47
38
25
31
53
43
51
59
44
33
52
48
31
41
39
28
55
48
40
43
56
59
51
37
32
37
26
46
40
43
45
32
42
32
55
40
38
37
49
37
30
28
45
22
33
44
46
32
59
62
59
43
62
34
34
52
34
49
53
52
44
39
58
24
51
69
26
46
44
44
56
59
45
51
56
46
60
64
36
51
40
37
49
30
47
36
57
47
31
49
41
57
67
60
44
21
52
33
39
35
55
49
32
26
26
44
44
57
50
60
53
60
46
42
46
53
57
65
31
31
43
32
55
43
32
39
41
49
45
49
51
41
51
34
35
46
56
31
37
44
53
44
71
37
54
40
52
55
44
59
25
35
37
60
45
39
42
33
45
34
43
25
54
52
42
40
42
41
43
66
64
50
34
54
59
38
23
31
56
45
37
63
52
40
44
40
44
47
60
50
63
56
30
32
41
30
58
33
48
43
56
37
53
38
36
42
64
54
32
33
49
64
31
33
46
30
37
50
51
56
39
49
36
52
33
41
34
29
51
66
30
52
33
21
54
44
44
36
39
49
51
36
55
45
42
24
53
45
43
44
50
35
46
50
55
43
23
46
37
40
32
25
49
34
49
30
38
45
29
37
48
26
52
26
37
48
42
39
32
40
64
31
37
27
51
43
32
43
36
37
35
51
23
50
34
40
30
43
32
47
48
41
69
45
52
66
35
48
31
40
28
35
50
54
53
39
43
30
43
37
59
47
54
44
33
44
58
42
49
52
42
41
34
55
28
50
49
48
31
46
22
43
46
52
35
40
34
38
29
32
45
34
59
34
63
55
43
37
44
18
42
44
28
27
32
47
60
45
50
46
33
30
45
36
41
46
29
29
27
37
43
29
39
60
48
29
36
44
43
46
42
33
57
37
41
46
56
32
36
61
52
29
23
62
39
44
40
30
69
47
46
44
43
53
42
47
60
38
30
39
46
37
47
62
26
63
32
42
32
48
35
39
36
62
26
45
33
31
48
37
32
43
38
53
50
38
44
30
33
53
53
32
39
32
24
56
29
38
25
47
35
38
54
39
45
43
44
46
39
37
31
46
23
54
27
38
68
27
34
33
37
27
35
37
39
52
48
58
37
58
38
53
33
53
32
52
21
32
35
56
37
62
28
51
42
55
33
37
44
44
54
46
37
44
40
45
46
45
44
43
39
33
47
37
53
50
41
39
36
27
33
49
48
32
34
45
43
46
42
56
45
43
41
53
31
49
20
21
34
58
47
47
50
38
40
42
50
47
39
44
57
45
39
28
35
52
29
51
33
55
28
47
57
52
49
21
37
50
40
55
50
33
43
38
27
31
28
31
41
58
52
41
37
21
41
50
24
51
44
43
39
54
45
51
29
52
30
40
26
53
60
37
56
29
41
48
35
30
46
66
58
35
26
41
41
65
40
42
34
49
42
49
35
38
48
47
46
46
36
33
52
53
50
44
46
44
43
40
46
43
60
42
59
46
44
61
43
39
52
50
36
45
48
43
35
42
39
26
45
40
42
52
36
36
40
53
28
69
40
37
59
25
41
38
54
29
37
44
38
41
49
57
56
38
49
45
40
22
39
41
34
75
57
43
39
48
34
43
47
44
18
46
45
42
36
37
54
32
65
35
38
32
30
36
48
39
47
49
48
63
28
42
48
53
53
40
35
36
39
33
44
42
29
51
43
34
52
30
35
46
42
40
67
46
51
49
46
55
36
50
50
28
49
26
66
51
50
51
42
31
60
55
51
45
37
48
28
46
60
49
57
34
52
37
36
45
44
35
53
37
47
46
52
42
41
32
47
48
54
49
50
42
50
20
49
55
34
43
31
46
46
30
40
22
34
33
51
55
52
42
55
37
35
46