88.02000000000001
51.42
111.02000000000001
61.440000000000005
102.96000000000001
88.60000000000001
118.10999999999999
52.650000000000006
96.89
88.16
118.63999999999999
78.95
72.47
70.72
55.13
33.120000000000005
61.8
12.03
67.00999999999999
79.16
82.45
74.47999999999999
121.64
80.68
86.69
39.94
68.96000000000001
79.53
103.53
37.28
70.16
56.330000000000005
84.5
92.75999999999999
55.87
89.49000000000001
102.73999999999998
111.79000000000002
80.32
117.69999999999999
6.48
57.010000000000005
76.66
83.42000000000002
41.93000000000001
75.63
76.46000000000001
92.94
67.43
45.75
69.9
67.27000000000001
62.05000000000001
81.69999999999999
58.56
57.120000000000005
33.730000000000004
77.25
86.48
107.94
70.67
89.61
74.08000000000001
91.01000000000002
78.51
41.910000000000004
62.21
32.78
126.64
66.12
110.51
62.24000000000001
60.45
70.98
66.91
73.22
84.5
75.71000000000001
25.78
72.48
85.42
111.65000000000002
46.17
58.89
58.64
106.79
84.34
46.34
50.69
72.17
76.57000000000001
26.3
47.28
91.65
73.63
73.66
87.66000000000001
129.54999999999998
69.72
94.31
89.27000000000001
63.470000000000006
27.05
24.92
174.2
103.07
84.14
72.83000000000001
76.75999999999999
59.64
55.629999999999995
42.010000000000005
59.06
32.34
46.17
47.56
58.900000000000006
111.42999999999998
42.24
32.34
46.53
74.69
107.88000000000002
75.35000000000001
72.19
94.76000000000002
75.42
42.47
89.53999999999999
43.86000000000001
74.67
59.53
83.47
94.80999999999999
46.39
102.25000000000001
79.37
69.15
66.48
98.53999999999999
88.96000000000001
92.94000000000001
84.06
124.32000000000002
90.7
107.72
80.89999999999999
67.76
55.400000000000006
47.56
30.71
69.85000000000001
114.48
23.47
41.9
73.85
104.81
13.11
126.73000000000002
54.02
155.84
94.09
109.25
27.740000000000002
67.60000000000001
62.470000000000006
88.39
15.27
20.310000000000002
70.14
46.61
105.09000000000002
107.61000000000001
75.02
125.21000000000001
104.54
75.97
20.310000000000002
74.49000000000001
67.43
74.2
78.03
90.15
52.61
79.96000000000001
82.32999999999998
104.7
103.28
66.2
49.410000000000004
58.95
84.34
66.48
166.14000000000001
38.33
78.95
71.69
57.120000000000005
77.25
73.47
98.02
90.54
55.120000000000005
77.62
68.76
59.080000000000005
36.97
119.6
108.82999999999998
47.25
58.2
95.05999999999999
98.71000000000001
59.59
71.09
100.85999999999999
93.21999999999998
87.74000000000001
110.21000000000001
46.92
36.440000000000005
79.8
70.75
68.53999999999999
130.17
50.19
83.35999999999999
147.32999999999998
59.81
89.61
78.93
53.39
66.35000000000001
69.3
46.06
58.56
35.580000000000005
97.33000000000001
98.15
110.41000000000003
49.769999999999996
55.73
66.4
105.82
89.10000000000001
54.78
67.57000000000001
83.36000000000001
57.53
95.91
87.66000000000001
119.27000000000001
12.89
48.72
88.92
29.1
72.7
149.29000000000002
38.769999999999996
71.78
76.22
70.56
50.94
70.67
72.04
129.76999999999998
71.26
46.84
114.56
101.80000000000001
51.81
59.11
66.39999999999999
49.410000000000004
210.51
56.150000000000006
71.55000000000001
59.54
129.81
75.71000000000001
78.83999999999999
82.4
36.42
73.22
78.95000000000002
94.08000000000001
47.400000000000006
66.74000000000001
66.38
57.61
67.60000000000001
67.43
89.02
44.81
84.94
90.29
28.16
112.41000000000001
104.81000000000002
55.400000000000006
17.07
89.02
94.06
63.57
86.33
77.25
53.010000000000005
80.23
64.03999999999999
46.010000000000005
97.74000000000001
65.12
70.31
82.28
73.91
58.2
67.42999999999999
76.72
63.69
111.16000000000001
49.85
125.71000000000001
46.61000000000001
60.03
98.22000000000001
91.56
81.42999999999999
33.2
99.16
58.64
47.78
66.48
50.94
144.11999999999998
79.37
105.29
87.11999999999999
129.85
98.47999999999999
79.9
58.64
145.39
79.78999999999999
87.09
41.99
46.53
44.53
25.78
78.59
85.34
50.95
62.300000000000004
25.42
29.1
111.83
35.580000000000005
99.35
61.88000000000001
100.42999999999999
53.839999999999996
97.35000000000001
81.99999999999999
43.6
104.81
84.56
51.46000000000001
90.64
83.29
59.81
55.400000000000006
66.84
58.29
124.6
54.88
80.37
20.310000000000002
49.81
54.88
93.88000000000001
44.760000000000005
72.96
53.68
21.700000000000003
35.25
85.13
49.85000000000001
52.65
84.67
67.49000000000001
126.91
100.77999999999999
38.769999999999996
95.58000000000001
75.27000000000001
94.08000000000001
35.94
57.42
81.17999999999999
70.13
131.22000000000003
78.51
50.19
73.59
115.56
78.51
85.32000000000001
81.16000000000001
54.02
67.79000000000002
117.56
57.00000000000001
84.08000000000001
59.67
136.31000000000003
72.44
61.96
58.64
108.64
84.40999999999998
66.39999999999999
42.43
51.8
71.76
87.63
97.29999999999998
41.99
49.410000000000004
130.4
71.18
93.22
115.53
76.88
113.25
86.61
20.310000000000002
44.120000000000005
65.06
78.95
107.08000000000001
66.74
60.620000000000005
94.1
80.37
70.4
79.62
34.370000000000005
74.68
96.69
85.89000000000001
77.78
102.67
58.7
93.50999999999999
38.33
29.1
93.78
56.51
75.27000000000001
23.47
72.48
69.03
74.83000000000001
73.02000000000001
131.74
80.55
46.400000000000006
82.72
91.4
18.84
35.53
49.25000000000001
29.54
93.44
88.69999999999999
101.41
67.15
120.47
116.92000000000002
90.52999999999999
54.88
41.13
84.21000000000001
29.54
49.410000000000004
72.64
58.64
90.92999999999999
45.15
101.05
46.61000000000001
114.46000000000001
92.26
35.580000000000005
82.33
71.41
34.03
32.34
46.400000000000006
97.47
26.3
30.330000000000005
64.11
136.07
29.540000000000003
175.62
114.03
76.46000000000001
72.28
108.13
32.34
75.94
87.95
80.42
80.05000000000001
62.470000000000006
49.410000000000004
72.2
41.57
67.23
28.68
93.94
140.73000000000002
41.57
91.72999999999999
54.88
73.12
98.76999999999998
79.18
92.34
61.040000000000006
110.42999999999999
85.83000000000001
113.08999999999999
94.92000000000002
41.99
87.74000000000001
57.620000000000005
51.54
72.17000000000002
66.03
63.410000000000004
39.41
123.48
52.23
75.19
65.79
66.4
106.83000000000001
114.09
90.28999999999999
78.83999999999999
39.19
126.30000000000001
92.36000000000001
72.39
76.13
79.37
89.8
30.49
41.13
89.64999999999999
62.300000000000004
86.10999999999999
103.4
90.93
67.39
61.77
106.63999999999999
52.650000000000006
66.48
78.51
65.78
104.81
122.31999999999996
25.240000000000002
29.1
58.2
51.8
64.01
72.54
52.58
70.84
51.870000000000005
82.17999999999999
54.02
41.99
62.58
35.53
88.75
51.96
62.480000000000004
21.700000000000003
98.0
71.45
40.54
64.74000000000001
165.24
70.67
126.28999999999999
69.72
75.02
55.980000000000004
99.27000000000001
88.39
86.36
147.48999999999998
46.92
51.22
74.15
41.85
95.74000000000001
49.74
32.34
62.21000000000001
96.16
63.83
51.54
69.64
90.7
40.620000000000005
27.299999999999997
75.63000000000001
54.370000000000005
91.9
78.49
98.31
122.66999999999999
69.46000000000001
73.8
50.72
145.94
66.92
79.23
68.06
75.71000000000001
58.64
70.31
78.03
90.84000000000002
66.84
102.41
41.13
89.8
73.47
89.6
102.44999999999999
79.9
88.48
38.33
66.84
87.66000000000001
66.65
81.59
29.1
61.36000000000001
83.55000000000001
86.24000000000001
87.28
77.4
41.99
55.84
95.07
116.36000000000001
105.25
63.60000000000001
33.29
89.19000000000001
93.02000000000001
62.22
42.35
57.690000000000005
81.19
62.470000000000006
75.13000000000001
52.650000000000006
114.09
142.22000000000003
62.32
46.17
107.19
61.77
32.7
86.44000000000001
54.629999999999995
73.22
130.74
59.5
92.25999999999999
70.92
27.299999999999997
99.78
85.83
73.22
58.120000000000005
91.97999999999999
109.44
92.51
33.2
146.19000000000003
64.63
69.68
34.15
66.15
83.99
84.27
148.70999999999998
97.19
49.410000000000004
61.800000000000004
137.95
91.67
77.98
76.3
87.99
58.120000000000005
127.19000000000001
79.51
56.21
42.010000000000005
29.96
104.44000000000001
66.38
56.23
91.59000000000002
41.99
44.0
42.010000000000005
29.54
45.400000000000006
49.33
87.84
80.81
71.42
80.67
33.29
75.71
98.34
53.60000000000001
92.51
63.60000000000001
68.5
45.550000000000004
99.68
62.1
47.67
66.09
63.41000000000001
91.86
45.75
78.39
87.24000000000001
54.88
31.23
77.0
104.87
93.72999999999999
84.5
45.230000000000004
149.41
63.910000000000004
71.53
122.32
49.42
94.22000000000001
51.58
69.03999999999999
20.310000000000002
20.310000000000002
89.99000000000001
44.0
113.68
49.410000000000004
67.87
69.89
95.58
36.1
104.33
75.02000000000001
134.9
105.4
72.21000000000001
104.37
126.11000000000003
81.93
109.56999999999998
80.57000000000001
88.50999999999999
72.7
73.34
106.28
41.489999999999995
156.95000000000002
66.4
102.32000000000001
47.78
44.370000000000005
45.75
74.49000000000001
55.13
81.54
27.740000000000002
33.09
85.95
58.2
60.18
70.31
59.730000000000004
34.03
69.72
93.88
92.95
78.72
84.07999999999998
89.55
90.28999999999999
51.75
64.47000000000001
92.26
99.86
72.2
70.23
73.07000000000001
99.54999999999998
74.66
113.28
61.440000000000005
45.379999999999995
93.55000000000001
64.99000000000001
51.1
87.25999999999999
66.58
29.54
17.07
44.1
49.410000000000004
57.690000000000005
50.36
65.37
117.19
118.19999999999999
68.87
82.89
104.28999999999999
24.19
118.74000000000001
150.94000000000003
77.92000000000002
78.63000000000001
50.7
75.92000000000002
77.10000000000001
127.59
58.56
66.64000000000001
127.64000000000001
74.29
66.49000000000001
12.03
111.24000000000001
49.410000000000004
34.89
84.73
33.45
132.65
75.61000000000001
93.89
77.32
61.92
163.70999999999998
60.7
120.06
101.28
45.39
78.91
70.19
32.78
50.72
103.95
96.30000000000001
83.03
108.71
57.42
91.29
61.69
69.72
56.150000000000006
66.84
81.18
82.92999999999999
41.57
72.68
68.49000000000001
70.28999999999999
79.78
88.83
98.13
75.63000000000001
91.53
58.64
47.78
49.85
69.72
44.370000000000005
84.5
82.45000000000002
96.02000000000001
63.99
82.0
55.73
65.49000000000001
103.18
50.8
35.010000000000005
30.71
82.45
70.41999999999999
72.18
73.66
80.56
52.57
63.050000000000004
84.08000000000001
64.77
47.78
44.120000000000005
74.06
77.05
58.2
96.39000000000001
32.11
59.92
118.85000000000002
24.06
68.61000000000001
62.699999999999996
40.620000000000005
63.25
46.17
54.35
49.410000000000004
89.27
64.63
127.74000000000001
76.82000000000001
77.75
37.3
131.05
76.38
79.27999999999999
63.58
87.12
72.83000000000001
52.33
55.29
84.3
88.14
137.2
39.849999999999994
100.72999999999999
72.81
99.22
37.28
44.81
72.91
89.43
104.03000000000003
88.82999999999998
74.44
116.16999999999999
74.97
54.34
86.48
92.24000000000001
64.63
39.07
81.92999999999999
54.02
78.09
93.45
124.64
128.45
75.75999999999999
68.02000000000001
73.44999999999999
67.77000000000001
71.34
101.74000000000001
92.25999999999999
76.75
90.79
95.5
94.63
95.16
82.63
115.61000000000001
49.85
72.39
59.53
64.36
47.56
81.47999999999999
12.03
72.72
49.85
127.36000000000001
63.410000000000004
40.63
87.28999999999999
74.58
39.6
67.35
112.25
96.7
41.57000000000001
62.550000000000004
74.68
118.28
66.65
106.22
56.07000000000001
80.22
67.49
79.61999999999999
84.5
128.7
33.120000000000005
82.27000000000001
70.16
110.18
72.96
66.24000000000001
55.4
71.0
32.78
103.10000000000001
58.86000000000001
33.730000000000004
70.31
73.34
62.46000000000001
75.00999999999999
42.24
43.85
49.410000000000004
74.66
88.50999999999999
78.03
55.13
42.010000000000005
27.740000000000002
69.72
29.54
124.01000000000002
91.16000000000001
75.71000000000001
58.64
57.260000000000005
127.58999999999997
120.37
49.74
102.00999999999999
36.15
75.71000000000001
55.11
94.5
62.620000000000005
54.88
44.0
45.47
87.22000000000001
81.33
60.45
88.24000000000001
83.88999999999999
59.28
110.85000000000001
70.99999999999999
32.78
93.72999999999999
67.77000000000001
96.57999999999998
94.32000000000001
71.47000000000001
35.53
98.93
71.86
84.94
90.9
26.71
67.87
83.09
81.7
58.81
35.83
49.93
78.51
97.16
75.71
80.05
94.03
51.540000000000006
72.47
66.48
51.22
75.09
87.74
68.75999999999999
113.6
88.16
54.02
90.82000000000001
71.33
62.47
95.58000000000001
105.92000000000002
54.37
86.36
77.82000000000001
69.04
46.61000000000001
73.39
62.22
37.81
71.53
60.85000000000001
73.22
108.01000000000002
84.86000000000001
64.36
54.26
91.65
103.86
83.99000000000001
40.629999999999995
64.43
90.52999999999999
46.17
50.080000000000005
80.91000000000001
49.410000000000004
64.15
77.25
42.68000000000001
79.63000000000001
58.64
63.57
83.2
93.30000000000001
72.24
20.95
41.9
67.43
95.39999999999999
85.84
46.09
63.47
151.29000000000002
60.93000000000001
110.01
57.78
107.61000000000001
47.56
66.48
101.73999999999998
44.0
12.03
33.010000000000005
77.92
64.36
72.97
67.87
102.98000000000002
71.06
204.90999999999997
76.45
83.48
64.34
70.93
88.69
120.27000000000001
67.91000000000001
75.76
84.86000000000001
51.24
85.24000000000001
60.45
61.92
74.95
95.58000000000001
66.12
74.85
46.010000000000005
80.04
73.86000000000001
65.38
67.87
71.34
54.63
66.92
93.9
58.519999999999996
80.64
74.49000000000001
113.67999999999999
98.77000000000001
50.27
38.33
86.01
98.27000000000001
115.65
103.51
60.93
102.49000000000001
93.73
75.02000000000001
71.33000000000001
70.16
34.47
42.24
94.92
57.17
89.90000000000002
75.44
29.33
61.190000000000005
118.91000000000001
93.41
75.21000000000001
49.33
50.940000000000005
72.47
46.92
76.15
79.39
93.73
83.55000000000001
52.60000000000001
56.25
94.59
68.5
55.84
72.67999999999999
70.15
72.22
55.13
81.00999999999999
68.53999999999999
23.550000000000004
66.02000000000001
41.57
53.160000000000004
116.95000000000002
66.92
84.30000000000001
88.91
79.08
62.470000000000006
50.69
25.16
126.83000000000001
111.38999999999999
41.13
97.98
12.89
70.54
60.93000000000001
75.42999999999999
55.400000000000006
79.62
32.7
56.33000000000001
95.58000000000001
79.39
70.16
88.66000000000001
98.76999999999998
71.34
59.08
91.54999999999998