0.475
0.4393939393939394
0.43023255813953487
0.359375
0.3448275862068966
0.45161290322580644
0.5394736842105263
0.38095238095238093
0.7692307692307693
0.36231884057971014
0.3684210526315789
0.2857142857142857
0.4235294117647059
0.29333333333333333
0.313953488372093
0.3076923076923077
0.4305555555555556
0.569620253164557
0.45555555555555555
0.38961038961038963
0.23376623376623376
0.29508196721311475
0.4473684210526316
0.2857142857142857
0.41333333333333333
0.3835616438356164
0.4857142857142857
0.3392857142857143
0.2823529411764706
0.5675675675675675
0.25675675675675674
0.38461538461538464
0.46511627906976744
0.4418604651162791
0.26229508196721313
0.328125
0.30526315789473685
0.4339622641509434
0.34782608695652173
0.32142857142857145
0.417910447761194
0.34210526315789475
0.3
0.5517241379310345
0.6363636363636364
0.5
0.5694444444444444
0.4050632911392405
0.4430379746835443
0.28378378378378377
0.2702702702702703
0.4931506849315068
0.44
0.36231884057971014
0.2835820895522388
0.3142857142857143
0.2857142857142857
0.3333333333333333
0.5294117647058824
0.38235294117647056
0.3466666666666667
0.2696629213483146
0.4235294117647059
0.44776119402985076
0.2682926829268293
0.5774647887323944
0.425
0.4375
0.55
0.37349397590361444
0.38181818181818183
0.4
0.28
0.2631578947368421
0.32941176470588235
0.42105263157894735
0.4375
0.4642857142857143
0.5064935064935064
0.4
0.35714285714285715
0.2698412698412698
0.5272727272727272
0.352112676056338
0.4657534246575342
0.3815789473684211
0.2597402597402597
0.43243243243243246
0.38461538461538464
0.24731182795698925
0.527027027027027
0.547945205479452
0.4032258064516129
0.3835616438356164
0.33783783783783783
0.5138888888888888
0.373134328358209
0.41818181818181815
0.46551724137931033
0.5901639344262295
0.59375
0.35714285714285715
0.32894736842105265
0.5405405405405406
0.22549019607843138
0.38333333333333336
0.38181818181818183
0.2926829268292683
0.417910447761194
0.24615384615384617
0.3793103448275862
0.3142857142857143
0.6666666666666666
0.37142857142857144
0.43283582089552236
0.29310344827586204
0.30985915492957744
0.37037037037037035
0.328125
0.5344827586206896
0.40540540540540543
0.26373626373626374
0.26153846153846155
0.6031746031746031
0.5540540540540541
0.45569620253164556
0.3333333333333333
0.3670886075949367
0.3707865168539326
0.34
0.43636363636363634
0.323943661971831
0.3611111111111111
0.30357142857142855
0.4625
0.26582278481012656
0.5375
0.4880952380952381
0.6363636363636364
0.4520547945205479
0.4166666666666667
0.375
0.3287671232876712
0.34615384615384615
0.4857142857142857
0.4166666666666667
0.5
0.3116883116883117
0.38271604938271603
0.323943661971831
0.3409090909090909
0.33783783783783783
0.4
0.2894736842105263
0.3582089552238806
0.5873015873015873
0.3023255813953488
0.3780487804878049
0.3333333333333333
0.43902439024390244
0.3026315789473684
0.3125
0.2948717948717949
0.3709677419354839
0.65625
0.3333333333333333
0.6851851851851852
0.38571428571428573
0.32098765432098764
0.47058823529411764
0.3253012048192771
0.203125
0.5657894736842105
0.3728813559322034
0.5087719298245614
0.35
0.3103448275862069
0.3956043956043956
0.2988505747126437
0.2777777777777778
0.7894736842105263
0.37254901960784315
0.27586206896551724
0.7142857142857143
0.46551724137931033
0.4266666666666667
0.38666666666666666
0.7123287671232876
0.9107142857142857
0.24761904761904763
0.463768115942029
0.4027777777777778
0.32857142857142857
0.4225352112676056
0.5
0.3150684931506849
0.3058823529411765
0.4909090909090909
0.423728813559322
0.44285714285714284
0.43333333333333335
0.4918032786885246
0.41333333333333333
0.4177215189873418
0.7011494252873564
0.3188405797101449
0.23711340206185566
0.42857142857142855
0.3870967741935484
0.6119402985074627
0.4406779661016949
0.4426229508196721
0.417910447761194
0.3287671232876712
0.4788732394366197
0.3541666666666667
0.30952380952380953
0.4262295081967213
0.2891566265060241
0.39285714285714285
0.55
0.3225806451612903
0.4098360655737705
0.6666666666666666
0.37681159420289856
0.2602739726027397
0.45714285714285713
0.26373626373626374
0.29069767441860467
0.32051282051282054
0.5
0.6538461538461539
0.4142857142857143
0.35802469135802467
0.296875
0.3148148148148148
0.3
0.5737704918032787
0.3235294117647059
0.5285714285714286
0.7285714285714285
0.22857142857142856
0.3225806451612903
0.5692307692307692
0.3333333333333333
0.4482758620689655
0.3108108108108108
0.3924050632911392
0.4657534246575342
0.36363636363636365
0.29310344827586204
0.32786885245901637
0.3783783783783784
0.36231884057971014
0.3090909090909091
0.3333333333333333
0.38461538461538464
0.4024390243902439
0.6428571428571429
0.639344262295082
0.6470588235294118
0.453125
0.5106382978723404
0.3333333333333333
0.2608695652173913
0.43548387096774194
0.2976190476190476
0.3466666666666667
0.3484848484848485
0.35443037974683544
0.6615384615384615
0.3625
0.39655172413793105
0.42028985507246375
0.6818181818181818
0.2835820895522388
0.5263157894736842
0.49333333333333335
0.30952380952380953
0.6666666666666666
0.2653061224489796
0.36923076923076925
0.5263157894736842
0.3888888888888889
0.2894736842105263
0.3275862068965517
0.3508771929824561
0.3387096774193548
0.7936507936507936
0.5063291139240507
0.5205479452054794
0.42857142857142855
0.3253012048192771
0.47368421052631576
0.34210526315789475
0.2875
0.5
0.47058823529411764
0.42857142857142855
0.36538461538461536
0.25
0.68
0.30392156862745096
0.265625
0.36470588235294116
0.3157894736842105
0.3076923076923077
0.4927536231884058
0.4153846153846154
0.28440366972477066
0.36231884057971014
0.5194805194805194
0.24
0.6029411764705882
0.3076923076923077
0.23684210526315788
0.5862068965517241
0.463768115942029
0.3709677419354839
0.4027777777777778
0.4936708860759494
0.3235294117647059
0.30864197530864196
0.3870967741935484
0.3382352941176471
0.3684210526315789
0.29333333333333333
0.4050632911392405
0.2948717948717949
0.3064516129032258
0.35802469135802467
0.33783783783783783
0.31645569620253167
0.37037037037037035
0.3584905660377358
0.3108108108108108
0.3132530120481928
0.5194805194805194
0.30434782608695654
0.32
0.3764705882352941
0.3287671232876712
0.4246575342465753
0.35384615384615387
0.4666666666666667
0.3142857142857143
0.35384615384615387
0.45161290322580644
0.5802469135802469
0.35064935064935066
0.4155844155844156
0.3333333333333333
0.3382352941176471
0.3246753246753247
0.29411764705882354
0.48717948717948717
0.4691358024691358
0.5138888888888888
0.48148148148148145
0.42105263157894735
0.38028169014084506
0.48214285714285715
0.30120481927710846
0.375
0.30158730158730157
0.345679012345679
0.3387096774193548
0.44
0.5614035087719298
0.3611111111111111
0.7758620689655172
0.4936708860759494
0.3333333333333333
0.3157894736842105
0.25301204819277107
0.328125
0.3424657534246575
0.20689655172413793
0.1686746987951807
0.5348837209302325
0.41935483870967744
0.38095238095238093
0.5416666666666666
0.43902439024390244
0.36764705882352944
0.32673267326732675
0.24705882352941178
0.6153846153846154
0.4857142857142857
0.4431818181818182
0.26744186046511625
0.25609756097560976
0.5857142857142857
0.3972602739726027
0.32894736842105265
0.4032258064516129
0.35714285714285715
0.3875
0.373134328358209
0.5373134328358209
0.29577464788732394
0.22826086956521738
0.2926829268292683
0.2542372881355932
0.3114754098360656
0.3068181818181818
0.3108108108108108
0.7407407407407407
0.24299065420560748
0.36231884057971014
0.4426229508196721
0.358974358974359
0.7
0.7368421052631579
0.4647887323943662
0.5616438356164384
0.618421052631579
0.41975308641975306
0.7213114754098361
0.27884615384615385
0.6349206349206349
0.7666666666666667
0.32941176470588235
0.3
0.2857142857142857
0.2465753424657534
0.3698630136986301
0.39436619718309857
0.4189189189189189
0.4857142857142857
0.7213114754098361
0.43902439024390244
0.20652173913043478
0.4166666666666667
0.23595505617977527
0.39436619718309857
0.29850746268656714
0.639344262295082
0.417910447761194
0.32967032967032966
0.4411764705882353
0.4057971014492754
0.2948717948717949
0.37681159420289856
0.3333333333333333
0.36507936507936506
0.4626865671641791
0.3424657534246575
0.5070422535211268
0.5416666666666666
0.3076923076923077
0.4189189189189189
0.2948717948717949
0.2717391304347826
0.5287356321839081
0.33766233766233766
0.2833333333333333
0.25510204081632654
0.4666666666666667
0.5797101449275363
0.2786885245901639
0.3157894736842105
0.4024390243902439
0.5517241379310345
0.3055555555555556
0.4
0.47560975609756095
0.5084745762711864
0.5
0.2823529411764706
0.5142857142857142
0.359375
0.26881720430107525
0.43548387096774194
0.36231884057971014
0.2926829268292683
0.32653061224489793
0.4625
0.35443037974683544
0.25609756097560976
0.42857142857142855
0.3142857142857143
0.36764705882352944
0.5
0.3614457831325301
0.4024390243902439
0.6226415094339622
0.3972602739726027
0.25862068965517243
0.4230769230769231
0.5409836065573771
0.2692307692307692
0.32432432432432434
0.2903225806451613
0.5287356321839081
0.25806451612903225
0.5
0.4262295081967213
0.5540540540540541
0.5806451612903226
0.5283018867924528
0.39705882352941174
0.71875
0.3283582089552239
0.2916666666666667
0.43333333333333335
0.3375
0.4
0.28
0.5797101449275363
0.5308641975308642
0.5967741935483871
0.3888888888888889
0.32727272727272727
0.3188405797101449
0.375
0.3880597014925373
0.4264705882352941
0.5753424657534246
0.3493975903614458
0.35714285714285715
0.36619718309859156
0.3333333333333333
0.543859649122807
0.288135593220339
0.2714285714285714
0.35
0.2823529411764706
0.3048780487804878
0.3493975903614458
0.4852941176470588
0.28169014084507044
0.6842105263157895
0.2542372881355932
0.39436619718309857
0.38461538461538464
0.26136363636363635
0.3235294117647059
0.3409090909090909
0.39080459770114945
0.4
0.3048780487804878
0.4057971014492754
0.2898550724637681
0.4470588235294118
0.2653061224489796
0.40963855421686746
0.4098360655737705
0.25757575757575757
0.352112676056338
0.36231884057971014
0.26153846153846155
0.3287671232876712
0.32941176470588235
0.3584905660377358
0.379746835443038
0.4189189189189189
0.3783783783783784
0.4819277108433735
0.5753424657534246
0.4461538461538462
0.7241379310344828
0.31521739130434784
0.4155844155844156
0.41935483870967744
0.543859649122807
0.21875
0.24752475247524752
0.3815789473684211
0.26666666666666666
0.41025641025641024
0.4155844155844156
0.3150684931506849
0.328125
0.3170731707317073
0.3582089552238806
0.3709677419354839
0.29310344827586204
0.20652173913043478
0.2978723404255319
0.5121951219512195
0.6557377049180327
0.3698630136986301
0.30303030303030304
0.4696969696969697
0.3333333333333333
0.22580645161290322
0.4074074074074074
0.34285714285714286
0.4375
0.36904761904761907
0.3870967741935484
0.23232323232323232
0.275
0.2553191489361702
0.5522388059701493
0.32894736842105265
0.4025974025974026
0.32098765432098764
0.30303030303030304
0.6
0.4888888888888889
0.36470588235294116
0.3783783783783784
0.30985915492957744
0.5185185185185185
0.31645569620253167
0.4
0.4583333333333333
0.28169014084507044
0.5666666666666667
0.3484848484848485
0.5138888888888888
0.36619718309859156
0.47540983606557374
0.32926829268292684
0.5714285714285714
0.75
0.25862068965517243
0.23333333333333334
0.3375
0.3684210526315789
0.352112676056338
0.55
0.25301204819277107
0.2911392405063291
0.42105263157894735
0.5616438356164384
0.273972602739726
0.8333333333333334
0.4507042253521127
0.22115384615384615
0.36764705882352944
0.4583333333333333
0.49333333333333335
0.4
0.36923076923076925
0.40540540540540543
0.5616438356164384
0.42857142857142855
0.28378378378378377
0.3116883116883117
0.37142857142857144
0.32
0.3972602739726027
0.5454545454545454
0.4342105263157895
0.44
0.4868421052631579
0.6833333333333333
0.2988505747126437
0.6984126984126984
0.5517241379310345
0.4520547945205479
0.6333333333333333
0.30985915492957744
0.3291139240506329
0.390625
0.6545454545454545
0.24752475247524752
0.711864406779661
0.22058823529411764
0.3188405797101449
0.3026315789473684
0.2727272727272727
0.29545454545454547
0.37777777777777777
0.5540540540540541
0.38571428571428573
0.9107142857142857
0.4444444444444444
0.3076923076923077
0.5324675324675324
0.42528735632183906
0.4918032786885246
0.5789473684210527
0.4305555555555556
0.3492063492063492
0.703125
0.6545454545454545
0.8548387096774194
0.34375
0.5753424657534246
0.234375
0.43661971830985913
0.38095238095238093
0.32926829268292684
0.359375
0.4
0.375
0.30120481927710846
0.4358974358974359
0.5735294117647058
0.19047619047619047
0.2857142857142857
0.36619718309859156
0.5185185185185185
0.30337078651685395
0.5538461538461539
0.34615384615384615
0.3010752688172043
0.4583333333333333
0.410958904109589
0.34375
0.2839506172839506
0.36507936507936506
0.25882352941176473
0.26373626373626374
0.37037037037037035
0.45977011494252873
0.32857142857142857
0.5068493150684932
0.2696629213483146
0.32432432432432434
0.4444444444444444
0.3380281690140845
0.37333333333333335
0.2571428571428571
0.5070422535211268
0.391304347826087
0.29577464788732394
0.3333333333333333
0.39436619718309857
0.345679012345679
0.559322033898305
0.6885245901639344
0.4745762711864407
0.3717948717948718
0.43333333333333335
0.37662337662337664
0.34
0.23684210526315788
0.43333333333333335
0.4057971014492754
0.4567901234567901
0.7142857142857143
0.379746835443038
0.25555555555555554
0.5180722891566265
0.3148148148148148
0.30985915492957744
0.391304347826087
0.3076923076923077
0.543859649122807
0.29310344827586204
0.5797101449275363
0.3333333333333333
0.640625
0.43661971830985913
0.3409090909090909
0.23728813559322035
0.2987012987012987
0.3466666666666667
0.3392857142857143
0.4827586206896552
0.3389830508474576
0.25333333333333335
0.35384615384615387
0.42424242424242425
0.48148148148148145
0.29310344827586204
0.2702702702702703
0.3333333333333333
0.42857142857142855
0.25
0.43478260869565216
0.40963855421686746
0.49382716049382713
0.4305555555555556
0.3181818181818182
0.5652173913043478
0.29213483146067415
0.390625
0.43283582089552236
0.5348837209302325
0.28378378378378377
0.3333333333333333
0.6666666666666666
0.43661971830985913
0.3333333333333333
0.3424657534246575
0.4696969696969697
0.29411764705882354
0.4691358024691358
0.37037037037037035
0.3246753246753247
0.2535211267605634
0.28125
0.325
0.2894736842105263
0.7727272727272727
0.4935064935064935
0.3170731707317073
0.417910447761194
0.44642857142857145
0.42105263157894735
0.27058823529411763
0.4307692307692308
0.18032786885245902
0.5340909090909091
0.3888888888888889
0.40384615384615385
0.27450980392156865
0.46153846153846156
0.4523809523809524
0.38636363636363635
0.3815789473684211
0.46987951807228917
0.47540983606557374
0.4406779661016949
0.3090909090909091
0.5384615384615384
0.5466666666666666
0.3968253968253968
0.3373493975903614
0.3058823529411765
0.3695652173913043
0.41379310344827586
0.36
0.367816091954023
0.38571428571428573
0.36619718309859156
0.2714285714285714
0.2987012987012987
0.5913978494623656
0.23404255319148937
0.2619047619047619
0.42028985507246375
0.5454545454545454
0.4606741573033708
0.4069767441860465
0.3880597014925373
0.31746031746031744
0.49333333333333335
0.3333333333333333
0.32051282051282054
0.38372093023255816
0.6704545454545454
0.27058823529411763
0.358695652173913
0.27586206896551724
0.34408602150537637
0.6615384615384615
0.26262626262626265
0.17647058823529413
0.43283582089552236
0.21739130434782608
0.30357142857142855
0.49295774647887325
0.33783783783783783
0.3684210526315789
0.3522727272727273
0.5
0.3875
0.4794520547945205
0.3076923076923077
0.31313131313131315
0.3787878787878788
0.225
0.4567901234567901
0.5833333333333334
0.4426229508196721
0.35802469135802467
0.375
0.2903225806451613
0.417910447761194
0.323943661971831
0.3787878787878788
0.6206896551724138
0.5128205128205128
0.375
0.2463768115942029
0.31343283582089554
0.5974025974025974
0.4457831325301205
0.4918032786885246
0.3392857142857143
0.3235294117647059
0.32222222222222224
0.4603174603174603
0.34177215189873417
0.5217391304347826
0.39080459770114945
0.3950617283950617
0.36363636363636365
0.4444444444444444
0.48333333333333334
0.44155844155844154
0.3870967741935484
0.32989690721649484
0.7457627118644068
0.581081081081081
0.35
0.4069767441860465
0.30612244897959184
0.40625
0.3561643835616438
0.3
0.27631578947368424
0.3125
0.43283582089552236
0.3582089552238806
0.532258064516129
0.35526315789473684
0.3472222222222222
0.2676056338028169
0.33783783783783783
0.26582278481012656
0.5063291139240507
0.3493975903614458
0.3709677419354839
0.4166666666666667
0.5692307692307692
0.38028169014084506
0.3466666666666667
0.43037974683544306
0.3855421686746988
0.5970149253731343
0.3698630136986301
0.3142857142857143
0.3125
0.4166666666666667
0.3132530120481928
0.38028169014084506
0.5185185185185185
0.390625
0.3939393939393939
0.21839080459770116
0.4782608695652174
0.4852941176470588
0.37349397590361444
0.4025974025974026
0.3382352941176471
0.4533333333333333
0.3194444444444444
0.26436781609195403
0.7358490566037735
0.53125
0.3484848484848485
0.38571428571428573
0.5970149253731343
0.5394736842105263
0.30357142857142855
0.38666666666666666
0.5517241379310345
0.3368421052631579
0.4473684210526316
0.6835443037974683
0.3424657534246575
0.39344262295081966
0.4819277108433735
0.352112676056338
0.6949152542372882
0.42105263157894735
0.2982456140350877
0.3888888888888889
0.3246753246753247
0.2777777777777778
0.2857142857142857
0.35
0.4305555555555556
0.33783783783783783
0.3181818181818182
0.34408602150537637
0.39325842696629215
0.30434782608695654
0.3888888888888889
0.42424242424242425
0.32142857142857145
0.37333333333333335
0.42105263157894735
0.38095238095238093
0.2716049382716049
0.36363636363636365
0.2857142857142857
0.6307692307692307
0.45454545454545453
0.29411764705882354
0.4342105263157895
0.3148148148148148
0.33766233766233766
0.21428571428571427
0.4090909090909091
0.49122807017543857
0.2727272727272727
0.3194444444444444
0.463768115942029
0.4
0.4411764705882353
0.3559322033898305
0.5283018867924528
0.6557377049180327
0.38095238095238093
0.3448275862068966
0.30434782608695654
0.4264705882352941
0.58
0.47297297297297297
0.38271604938271603
0.3787878787878788
0.41818181818181815
0.4153846153846154
0.6703296703296703
0.4
0.45454545454545453
0.30666666666666664
0.3275862068965517
0.2542372881355932
0.4845360824742268
0.4430379746835443
0.42857142857142855
0.27631578947368424
0.3076923076923077
0.29850746268656714
0.5087719298245614
0.625
0.3333333333333333
0.30120481927710846
0.3670886075949367
0.3050847457627119
0.41025641025641024
0.5058823529411764
0.38461538461538464
0.34523809523809523
0.9038461538461539
0.45161290322580644
0.5064935064935064
0.4027777777777778
0.5102040816326531
0.4050632911392405
0.42105263157894735
0.32941176470588235
0.352112676056338
0.4864864864864865
0.3026315789473684
0.4406779661016949
0.4657534246575342
0.6056338028169014
0.4
0.3469387755102041
0.32894736842105265
0.3787878787878788
0.38461538461538464
0.417910447761194
0.3333333333333333
0.4583333333333333
0.2235294117647059
0.7285714285714285
0.6142857142857143
0.42857142857142855
0.24
0.28125
0.379746835443038
0.34615384615384615
0.34146341463414637
0.3728813559322034
0.3411764705882353
0.21568627450980393
0.323943661971831
0.46296296296296297
0.24166666666666667
0.34782608695652173
0.22988505747126436
0.25609756097560976
0.4838709677419355
0.4375
0.36065573770491804
0.2916666666666667
0.32075471698113206
0.2894736842105263
0.463768115942029
0.313953488372093
0.581081081081081
0.5694444444444444
0.4032258064516129
0.6607142857142857
0.27848101265822783
0.3333333333333333
0.2823529411764706
0.30927835051546393
0.4852941176470588
0.2682926829268293
0.4
0.325
0.2727272727272727
0.3157894736842105
0.27631578947368424
0.3230769230769231
0.3780487804878049
0.2808988764044944
0.4714285714285714
0.4470588235294118
0.2625
0.5405405405405406
0.5675675675675675
0.24
0.3026315789473684
0.2571428571428571
0.5443037974683544
0.46774193548387094
0.3625
0.42592592592592593
0.5094339622641509
0.3508771929824561
0.3333333333333333
0.6615384615384615
0.39436619718309857
0.3709677419354839
0.5211267605633803
0.4057971014492754
0.3815789473684211
0.4126984126984127
0.3333333333333333
0.375
0.3488372093023256
0.3018867924528302
0.27586206896551724
0.38596491228070173
0.3
0.208955223880597
0.38372093023255816
0.26506024096385544
0.3103448275862069
0.3235294117647059
0.29411764705882354
0.3402061855670103
0.5066666666666667
0.5135135135135135
0.359375
0.21839080459770116
0.24675324675324675
0.3230769230769231
0.288135593220339
0.2891566265060241
0.3918918918918919
0.3709677419354839
0.39705882352941174
0.35294117647058826
0.2459016393442623
0.22580645161290322
0.5454545454545454
0.373134328358209
0.3953488372093023
0.23943661971830985
0.16901408450704225
0.38461538461538464
0.5846153846153846
0.484375
0.3709677419354839
0.3283582089552239
0.25
0.2876712328767123
0.417910447761194
0.5166666666666667
0.3717948717948718
0.3508771929824561
0.2714285714285714
0.3132530120481928
0.27848101265822783
0.5072463768115942
0.3902439024390244
0.38271604938271603
0.3880597014925373
0.5581395348837209
0.4492753623188406
0.39705882352941174
0.3902439024390244
0.5058823529411764
0.275
0.6721311475409836
0.2112676056338028
0.7619047619047619
0.36046511627906974
0.4868421052631579
0.3709677419354839
0.671875
0.37037037037037035
0.4090909090909091
0.28865979381443296
0.5714285714285714
0.3142857142857143
0.32954545454545453
0.31746031746031744
0.3076923076923077
0.6307692307692307
0.2948717948717949
0.47058823529411764
0.36666666666666664
0.972972972972973
0.5769230769230769
0.27956989247311825
0.47058823529411764
0.2571428571428571
0.38028169014084506
0.5056179775280899
0.4342105263157895
0.6666666666666666
0.5882352941176471
0.36923076923076925
0.32432432432432434
0.34210526315789475
0.6231884057971014
0.390625
0.3333333333333333
0.3037974683544304
0.7142857142857143
0.417910447761194
0.5714285714285714
0.3442622950819672
0.30952380952380953
0.32051282051282054
0.35384615384615387
0.2625
0.32894736842105265
0.4125
0.5217391304347826
0.5666666666666667
0.4936708860759494
0.3561643835616438
0.5625
0.3484848484848485
0.2823529411764706
0.29508196721311475
0.7391304347826086
0.39705882352941174
0.36923076923076925
0.2839506172839506
0.3561643835616438
0.3287671232876712
0.36923076923076925
0.7719298245614035
0.373134328358209
0.38461538461538464
0.375
0.30851063829787234
0.27631578947368424
0.44285714285714284
0.3
0.3380281690140845
0.44285714285714284
0.23595505617977527
0.34615384615384615
0.5573770491803278
0.49206349206349204
0.3218390804597701
0.42857142857142855
0.373134328358209
0.22857142857142856
0.5454545454545454
0.2972972972972973
0.45454545454545453
0.5875
0.6027397260273972
0.3048780487804878
0.31868131868131866
0.5466666666666666
0.5657894736842105
0.46153846153846156
0.527027027027027
0.28
0.42528735632183906
0.25882352941176473
0.3037974683544304
0.2948717948717949
0.36507936507936506
0.3728813559322034
0.5303030303030303
0.38095238095238093
0.41975308641975306
0.21686746987951808
0.3333333333333333
0.3010752688172043
0.4305555555555556
0.4126984126984127
0.3253012048192771
0.35
0.4166666666666667
0.6896551724137931
0.5540540540540541
0.27586206896551724
0.68
0.3614457831325301
0.704225352112676
0.275
0.29473684210526313
0.5692307692307692
0.3375
0.35802469135802467
0.35526315789473684
0.328125
0.5094339622641509
0.5517241379310345
0.4305555555555556
0.4470588235294118
0.7708333333333334
0.24761904761904763
0.2857142857142857
0.5735294117647058
0.5185185185185185
0.48148148148148145
0.484375
0.42424242424242425
0.410958904109589
0.3176470588235294
0.3614457831325301
0.39705882352941174
0.3114754098360656
0.425
0.42028985507246375
0.36619718309859156
0.5555555555555556
0.5192307692307693
0.25862068965517243
0.34328358208955223
0.2962962962962963
0.28205128205128205
0.45454545454545453
0.30120481927710846
0.27941176470588236
0.27941176470588236
0.30357142857142855
0.4
0.1724137931034483
0.35365853658536583
0.2923076923076923
0.35714285714285715
0.3291139240506329
0.421875
0.26136363636363635
0.46835443037974683
0.42857142857142855
0.4090909090909091
0.5081967213114754
0.35714285714285715
0.32926829268292684
0.3275862068965517
0.3235294117647059
0.3111111111111111
0.33766233766233766
0.32926829268292684
0.4057971014492754
0.45
0.27419354838709675
0.3389830508474576
0.35802469135802467
0.3116883116883117
0.38961038961038963
0.30120481927710846
0.4268292682926829
0.28888888888888886
0.4264705882352941
0.7368421052631579
0.4918032786885246
0.32941176470588235
0.32051282051282054
0.2247191011235955
0.41333333333333333
0.375
0.4473684210526316
0.42857142857142855
0.35714285714285715
0.4262295081967213
0.5238095238095238
0.6615384615384615
0.26582278481012656
0.27586206896551724
0.3387096774193548
0.4225352112676056
0.34285714285714286
0.3283582089552239
0.3855421686746988
0.28125
0.7142857142857143
0.2711864406779661
0.3287671232876712
0.33783783783783783
0.5230769230769231
0.345679012345679
0.3125
0.28735632183908044
0.359375
0.26666666666666666
0.46153846153846156
0.39705882352941174
0.2878787878787879
0.3291139240506329
0.3870967741935484
0.3424657534246575
0.2716049382716049
0.3103448275862069
0.4588235294117647
0.3170731707317073
0.24107142857142858
0.38571428571428573
0.3108108108108108
0.5094339622641509
0.3050847457627119
0.6197183098591549
0.3146067415730337
0.30985915492957744
0.703125
0.4
0.34444444444444444
0.6197183098591549
0.38596491228070173
0.417910447761194
0.27380952380952384
0.46938775510204084
0.2923076923076923
0.6981132075471698
0.2876712328767123
0.32954545454545453
0.4153846153846154
0.7011494252873564
0.2911392405063291
0.3516483516483517
0.32894736842105265
0.4027777777777778
0.5483870967741935
0.3132530120481928
0.6666666666666666
0.5357142857142857
0.4027777777777778
0.5342465753424658
0.463768115942029
0.4936708860759494
0.379746835443038
0.5797101449275363
0.5072463768115942
0.5
0.5
0.2564102564102564
0.4177215189873418
0.2903225806451613
0.48214285714285715
0.3375
0.6891891891891891
0.5084745762711864
0.423728813559322
0.44155844155844154
0.4520547945205479
0.27631578947368424
0.3048780487804878
0.4857142857142857
0.4935064935064935
0.4
0.27058823529411763
0.2972972972972973
0.2743362831858407
0.34285714285714286
0.2923076923076923
0.3064516129032258
0.410958904109589
0.5194805194805194
0.5441176470588235
0.3333333333333333
0.4
0.375
0.330188679245283
0.7183098591549296
0.5192307692307693
0.39215686274509803
0.313953488372093
0.3372093023255814
0.32051282051282054
0.2972972972972973
0.4931506849315068
0.2948717948717949
0.3373493975903614
0.358695652173913
0.4805194805194805
0.24691358024691357
0.3181818181818182
0.29850746268656714
0.4794520547945205
0.2857142857142857
0.6666666666666666
0.2463768115942029
0.5797101449275363
0.28125
0.25757575757575757
0.36666666666666664
0.3142857142857143
0.4266666666666667
0.4050632911392405
0.6818181818181818
0.4084507042253521
0.43137254901960786
0.3717948717948718
0.5641025641025641
0.6229508196721312
0.4634146341463415
0.2978723404255319
0.367816091954023
0.5555555555555556
0.5138888888888888
0.48333333333333334
0.3375
0.4117647058823529
0.3561643835616438
0.36231884057971014
0.25301204819277107
0.38095238095238093
0.3448275862068966
0.5670103092783505
0.43636363636363634
0.410958904109589
0.4492753623188406
0.32894736842105265
0.28125
0.48148148148148145
0.34782608695652173
0.5573770491803278
0.352112676056338
0.3373493975903614
0.24050632911392406
0.3684210526315789
0.44594594594594594
0.3275862068965517
0.34782608695652173
0.5686274509803921
0.5454545454545454
0.23469387755102042
0.3170731707317073
0.2898550724637681
0.34328358208955223
0.7142857142857143
0.2465753424657534
0.48
0.576271186440678
0.30864197530864196
0.5238095238095238
0.4027777777777778
0.3333333333333333
0.22666666666666666
0.4222222222222222
0.6
0.8253968253968254
0.39759036144578314
0.352112676056338
0.33766233766233766
0.41935483870967744
0.24561403508771928
0.3442622950819672
0.32786885245901637
0.6176470588235294
0.323943661971831
0.359375
0.31343283582089554
0.3918918918918919
0.2988505747126437
0.30985915492957744
0.3090909090909091
0.3939393939393939
0.39473684210526316
0.33766233766233766
0.34328358208955223
0.29310344827586204
0.2714285714285714
0.5272727272727272
0.3246753246753247
0.22988505747126436
0.2682926829268293
0.325
0.3291139240506329
0.26785714285714285
0.627906976744186
0.5576923076923077
0.4666666666666667
0.33766233766233766
0.2878787878787879
0.31746031746031744
0.3382352941176471
0.3333333333333333
0.47619047619047616
0.4266666666666667
0.3968253968253968
0.38571428571428573
0.34545454545454546
0.5094339622641509
0.37037037037037035
0.4411764705882353
0.45454545454545453
0.3283582089552239
0.2967032967032967
0.65625
0.3780487804878049
0.421875
0.39285714285714285
0.8
0.39436619718309857
0.5555555555555556
0.32857142857142857
0.3484848484848485
0.37142857142857144
0.2786885245901639
0.25225225225225223
0.4745762711864407
0.8064516129032258
0.3157894736842105
0.3090909090909091
0.34523809523809523
0.4117647058823529
0.24468085106382978
0.33766233766233766
0.6923076923076923
0.42424242424242425
0.40540540540540543
0.2898550724637681
0.2891566265060241
0.6119402985074627
0.7058823529411765
0.24285714285714285
0.7230769230769231
0.30864197530864196
0.37037037037037035
0.5444444444444444
0.34285714285714286
0.5121951219512195
0.4057971014492754
0.5324675324675324
0.41935483870967744
0.358974358974359
0.8387096774193549
0.524390243902439
0.52
0.5
0.390625
0.3125
0.30337078651685395
0.29213483146067415
0.39285714285714285
0.3068181818181818
0.36923076923076925
0.27586206896551724
0.43023255813953487
0.5416666666666666
0.3620689655172414
0.5733333333333334
0.358974358974359
0.29508196721311475
0.39436619718309857
0.4
0.47619047619047616
0.3116883116883117
0.2653061224489796
0.33783783783783783
0.3684210526315789
0.3389830508474576
0.3670886075949367
0.27586206896551724
0.5306122448979592
0.35714285714285715
0.5692307692307692
0.25842696629213485
0.352112676056338
0.3235294117647059
0.275
0.6268656716417911
0.3787878787878788
0.26865671641791045
0.5526315789473685
0.3392857142857143
0.2537313432835821
0.2876712328767123
0.36619718309859156
0.3048780487804878
0.2976190476190476
0.3870967741935484
0.6935483870967742
0.24242424242424243
0.3684210526315789
0.37037037037037035
0.5211267605633803
0.5555555555555556
0.5753424657534246
0.35802469135802467
0.4909090909090909
0.5625
0.30337078651685395
0.2604166666666667
0.6029411764705882
0.24050632911392406
0.38461538461538464
0.5131578947368421
0.5081967213114754
0.34545454545454546
0.29411764705882354
0.29411764705882354
0.35714285714285715
0.38961038961038963
0.5507246376811594
0.29333333333333333
0.36619718309859156
0.3793103448275862
0.4788732394366197
0.4647887323943662
0.3787878787878788
0.4246575342465753
0.3333333333333333
0.2972972972972973
0.34285714285714286
0.345679012345679
0.4864864864864865
0.27692307692307694
0.2878787878787879
0.44155844155844154
0.5061728395061729
0.36507936507936506
0.3058823529411765
0.5918367346938775
0.59375
0.32432432432432434
0.29310344827586204
0.6545454545454545
0.27848101265822783
0.25
0.3194444444444444
0.5138888888888888
0.3548387096774194
0.42105263157894735
0.39655172413793105
0.4794520547945205
0.43333333333333335
0.2727272727272727
0.3614457831325301
0.33783783783783783
0.417910447761194
0.5454545454545454
0.265625
0.3448275862068966
0.4927536231884058
0.484375
0.35135135135135137
0.375
0.42528735632183906
0.3142857142857143
0.5121951219512195
0.38095238095238093
0.4838709677419355
0.2876712328767123
0.3835616438356164
0.3670886075949367
0.4342105263157895
0.5116279069767442
0.7049180327868853
0.2222222222222222
0.3076923076923077
0.4025974025974026
0.6857142857142857
0.44642857142857145
0.45161290322580644
0.5409836065573771
0.34615384615384615
0.34615384615384615
0.4666666666666667
0.40217391304347827
0.4264705882352941
0.671875
0.265625
0.2987012987012987
0.2972972972972973
0.22916666666666666
0.325
0.28125
0.4909090909090909
0.24074074074074073
0.4153846153846154
0.4166666666666667
0.3582089552238806
0.4032258064516129
0.3382352941176471
0.46987951807228917
0.47058823529411764
0.39285714285714285
0.34328358208955223
0.34177215189873417
0.3283582089552239
0.34285714285714286
0.3584905660377358
0.37662337662337664
0.42105263157894735
0.5466666666666666
0.7115384615384616
0.21428571428571427
0.5882352941176471
0.46153846153846156
0.4375
0.5753424657534246
0.375
0.39759036144578314
0.2716049382716049
0.3157894736842105
0.3333333333333333
0.3333333333333333
0.4473684210526316
0.3620689655172414
0.29411764705882354
0.37662337662337664
0.2247191011235955
0.18571428571428572
0.35185185185185186
0.5487804878048781
0.4810126582278481
0.6307692307692307
0.41333333333333333
0.6964285714285714
0.5584415584415584
0.43859649122807015
0.36065573770491804
0.38823529411764707
0.46875
0.3103448275862069
0.28378378378378377
0.42857142857142855
0.4375
0.5540540540540541
0.2894736842105263
0.4383561643835616
0.40229885057471265
0.27848101265822783
0.5576923076923077
0.32967032967032966
0.27692307692307694
0.3442622950819672
0.5
0.47297297297297297
0.2112676056338028
0.49122807017543857
0.581081081081081
0.30952380952380953
0.3918918918918919
0.3380281690140845
0.3939393939393939
0.288135593220339
0.7833333333333333
0.453125
0.35714285714285715
0.30434782608695654
0.36231884057971014
0.4875
0.4936708860759494
0.532258064516129
0.3090909090909091
0.37254901960784315
0.23076923076923078
0.5087719298245614
0.41333333333333333
0.4925373134328358
0.7424242424242424
0.4461538461538462
0.379746835443038
0.3372093023255814
0.453125
0.5180722891566265
0.5074626865671642
0.3508771929824561
0.5087719298245614
0.27380952380952384
0.3048780487804878
0.3157894736842105
0.3333333333333333
0.4457831325301205
0.4117647058823529
0.5116279069767442
0.42105263157894735
0.25892857142857145
0.5972222222222222
0.30303030303030304
0.41333333333333333
0.35714285714285715
0.32432432432432434
0.373134328358209
0.3333333333333333
0.2962962962962963
0.42424242424242425
0.26506024096385544
0.4878048780487805
0.3695652173913043
0.4444444444444444
0.4727272727272727
0.673469387755102
0.38095238095238093
0.3522727272727273
0.3626373626373626
0.46774193548387094
0.27692307692307694
0.47619047619047616
0.46153846153846156
0.3
0.32222222222222224
0.38235294117647056
0.3333333333333333
0.325
0.3387096774193548
0.27848101265822783
0.42857142857142855
0.45121951219512196
0.3246753246753247
0.30666666666666664
0.3064516129032258
0.4126984126984127
0.6086956521739131
0.3522727272727273
0.32608695652173914
0.38202247191011235
0.4444444444444444
0.4626865671641791
0.3116883116883117
0.3411764705882353
0.864406779661017
0.24705882352941178
0.7
0.373134328358209
0.5394736842105263
0.4878048780487805
0.3291139240506329
0.4166666666666667
0.2786885245901639
0.4383561643835616
0.5131578947368421
0.2839506172839506
0.5
0.42028985507246375
0.5
0.36923076923076925
0.2916666666666667
0.5272727272727272
0.32432432432432434
0.47058823529411764
0.5373134328358209
0.47619047619047616
0.30434782608695654
0.4098360655737705
0.5846153846153846
0.42
0.30985915492957744
0.29069767441860467
0.40384615384615385
0.22972972972972974
0.32432432432432434
0.3220338983050847
0.22857142857142856
0.5714285714285714
0.5294117647058824
0.3968253968253968
0.4375
0.5636363636363636
0.40540540540540543
0.36923076923076925
0.6774193548387096
0.19298245614035087
0.35526315789473684
0.4067796610169492
0.2903225806451613
0.27631578947368424
0.3
0.28888888888888886
0.25
0.4098360655737705
0.4888888888888889
0.2676056338028169
0.3050847457627119
0.3695652173913043
0.375
0.4246575342465753
0.417910447761194
0.2777777777777778
0.28169014084507044
0.352112676056338
0.32098765432098764
0.5070422535211268
0.34328358208955223
0.3076923076923077
0.3
0.4794520547945205
0.5180722891566265
0.3108108108108108
0.7213114754098361
0.5740740740740741
0.2604166666666667
0.5135135135135135
0.32051282051282054
0.3333333333333333
0.3
0.5568181818181818
0.34782608695652173
0.5254237288135594
0.5846153846153846
0.5409836065573771
0.5138888888888888
0.3372093023255814
0.28125
0.463768115942029
0.31746031746031744
0.36585365853658536
0.275
0.4880952380952381
0.375
0.3918918918918919
0.42424242424242425
0.421875
0.35555555555555557
0.4675324675324675
0.2807017543859649
0.3235294117647059
0.3424657534246575
0.4375
0.4146341463414634
0.38461538461538464
0.36363636363636365
0.5507246376811594
0.2948717948717949
0.34523809523809523
0.3442622950819672
0.4
0.49382716049382713
0.5428571428571428
0.5633802816901409
0.38095238095238093
0.4727272727272727
0.5340909090909091
0.4418604651162791
0.2976190476190476
0.5576923076923077
0.2911392405063291
0.4153846153846154
0.29213483146067415
0.375
0.28125
0.25252525252525254
0.43373493975903615
0.43478260869565216
0.3225806451612903
0.26666666666666666
0.6081081081081081
0.2463768115942029
0.55
0.5735294117647058
0.3384615384615385
0.3655913978494624
0.7
0.28
0.26136363636363635
0.6666666666666666
0.36363636363636365
0.24324324324324326
0.30952380952380953
0.3235294117647059
0.41935483870967744
0.45588235294117646
0.5172413793103449
0.39436619718309857
0.2247191011235955
0.4268292682926829
0.4716981132075472
0.2962962962962963
0.2717391304347826
0.5
0.3230769230769231
0.6612903225806451
0.27710843373493976
0.26229508196721313
0.3114754098360656
0.35064935064935066
0.4444444444444444
0.3375
0.43548387096774194
0.3835616438356164
0.5573770491803278
0.3380281690140845
0.40298507462686567
0.32098765432098764
0.453125
0.288135593220339
0.3888888888888889
0.5172413793103449
0.7058823529411765
0.38961038961038963
0.31746031746031744
0.28169014084507044
0.35802469135802467
0.35526315789473684
0.3611111111111111
0.3048780487804878
0.2698412698412698
0.4
0.3055555555555556
0.4375
0.5408163265306123
0.3870967741935484
0.4444444444444444
0.2727272727272727
0.33783783783783783
0.5636363636363636
0.35185185185185186
0.30666666666666664
0.2463768115942029
0.30120481927710846
0.421875
0.24193548387096775
0.4642857142857143
0.29213483146067415
0.5333333333333333
0.5735294117647058
0.5510204081632653
0.32786885245901637
0.3058823529411765
0.43478260869565216
0.582089552238806
0.36764705882352944
0.5
0.34146341463414637
0.42857142857142855
0.3387096774193548
0.42424242424242425
0.26436781609195403
0.6986301369863014
0.6153846153846154
0.5373134328358209
0.3157894736842105
0.4788732394366197
0.3048780487804878
0.352112676056338
0.45
0.5217391304347826
0.5588235294117647
0.29069767441860467
0.4
0.5428571428571428
0.3037974683544304
0.3333333333333333
0.3424657534246575
0.4383561643835616
0.37662337662337664
0.325
0.44776119402985076
0.3225806451612903
0.26744186046511625
0.46875
0.3225806451612903
0.55
0.48484848484848486
0.4305555555555556
0.4927536231884058
0.3380281690140845
0.47540983606557374
0.5573770491803278
0.29411764705882354
0.3695652173913043
0.2549019607843137
0.3625
0.3380281690140845
0.3411764705882353
0.2978723404255319
0.325
0.30434782608695654
0.31343283582089554
0.26865671641791045
0.2857142857142857
0.3333333333333333
0.34523809523809523
0.4457831325301205
0.4625
0.32786885245901637
0.3488372093023256
0.22058823529411764
0.32051282051282054
0.35185185185185186
0.2641509433962264
0.2465753424657534
0.2833333333333333
0.323943661971831
0.49382716049382713
0.5
0.2261904761904762
0.3116883116883117
0.40625
0.4473684210526316
0.4927536231884058
0.41379310344827586
0.3561643835616438
0.5714285714285714
0.45714285714285713
0.3974358974358974
0.375
0.5833333333333334
0.39473684210526316
0.417910447761194
0.42857142857142855
0.3116883116883117
0.2564102564102564
0.5735294117647058
0.35294117647058826
0.3815789473684211
0.3698630136986301
0.3116883116883117
0.3709677419354839
0.3780487804878049
0.6190476190476191
0.4032258064516129
0.2857142857142857
0.36764705882352944
0.44155844155844154
0.3728813559322034
0.4411764705882353
0.28205128205128205
0.5961538461538461
0.4050632911392405
0.30120481927710846
0.4146341463414634
0.2441860465116279
0.33783783783783783
0.2839506172839506
0.2987012987012987
0.30985915492957744
0.32926829268292684
0.43859649122807015
0.5072463768115942
0.24468085106382978
0.25806451612903225
0.7076923076923077
0.21666666666666667
0.4444444444444444
0.4393939393939394
0.34210526315789475
0.4727272727272727
0.42424242424242425
0.4823529411764706
0.3125
0.417910447761194
0.39622641509433965
0.4383561643835616
0.3880597014925373
0.3333333333333333
0.5189873417721519
0.3018867924528302
0.4603174603174603
0.4461538461538462
0.3132530120481928
0.27710843373493976
0.39285714285714285
0.375
0.3235294117647059
0.2413793103448276
0.5540540540540541
0.47619047619047616
0.4
0.3563218390804598
0.5138888888888888
0.7936507936507936
0.7608695652173914
0.265625
0.6176470588235294
0.35384615384615387
0.48484848484848486
0.3466666666666667
0.6101694915254238
0.4
0.3026315789473684
0.6458333333333334
0.41025641025641024
0.42424242424242425
0.36
0.36666666666666664
0.46551724137931033
0.6923076923076923
0.3253012048192771
0.2894736842105263
0.36231884057971014
0.4782608695652174
0.39705882352941174
0.38095238095238093
0.4090909090909091
0.4305555555555556
0.42028985507246375
0.2708333333333333
0.34285714285714286
0.4142857142857143
0.26785714285714285
0.37333333333333335
0.4074074074074074
0.7096774193548387
0.3448275862068966
0.3333333333333333
0.425
0.31645569620253167
0.1875
0.352112676056338
0.3561643835616438
0.3728813559322034
0.4342105263157895
0.4838709677419355
0.43037974683544306
0.45
0.19047619047619047
0.4625
0.7
0.49019607843137253
0.42105263157894735
0.7096774193548387
0.3188405797101449
0.29310344827586204
0.6
0.4520547945205479
0.43373493975903615
0.3246753246753247
0.373134328358209
0.2898550724637681
0.29508196721311475
0.27906976744186046
0.5294117647058824
0.3275862068965517
0.288135593220339
0.3382352941176471
0.3977272727272727
0.4411764705882353
0.4411764705882353
0.23
0.4444444444444444
0.46153846153846156
0.26153846153846155
0.373134328358209
0.2465753424657534
0.23404255319148937
0.4868421052631579
0.3670886075949367
0.21839080459770116
0.45
0.30357142857142855
0.3484848484848485
0.4
0.345679012345679
0.42168674698795183
0.5
0.3472222222222222
0.3684210526315789
0.3387096774193548
0.3333333333333333
0.2608695652173913
0.4090909090909091
0.47692307692307695
0.37662337662337664
0.3188405797101449
0.3939393939393939
0.42857142857142855
0.2608695652173913
0.3380281690140845
0.3787878787878788
0.3898305084745763
0.3815789473684211
0.48214285714285715
0.4117647058823529
0.43529411764705883
0.3287671232876712
0.6056338028169014
0.532258064516129
0.30526315789473685
0.26436781609195403
0.48148148148148145
0.9333333333333333
0.375
0.5949367088607594
0.3717948717948718
0.23376623376623376
0.4473684210526316
0.40476190476190477
0.5942028985507246
0.3466666666666667
0.43548387096774194
0.4032258064516129
0.42424242424242425
0.44047619047619047
0.4153846153846154
0.3382352941176471
0.43529411764705883
0.3424657534246575
0.5316455696202531
0.4
0.359375
0.38095238095238093
0.32
0.32941176470588235
0.2222222222222222
0.44680851063829785
0.6986301369863014
0.27586206896551724
0.46296296296296297
0.4342105263157895
0.704225352112676
0.24074074074074073
0.25862068965517243
0.3157894736842105
0.5189873417721519
0.31343283582089554
0.7777777777777778
0.46875
0.35714285714285715
0.27631578947368424
0.7049180327868853
0.2647058823529412
0.24175824175824176
0.4507042253521127
0.45454545454545453
0.5087719298245614
0.5272727272727272
0.33783783783783783
0.29850746268656714
0.328125
0.6222222222222222
0.37037037037037035
0.3
0.5263157894736842
0.38596491228070173
0.37735849056603776
0.27586206896551724
0.32
0.3492063492063492
0.3333333333333333
0.36470588235294116
0.5178571428571429
0.4050632911392405
0.2608695652173913
0.53125
0.31746031746031744
0.35526315789473684
0.3333333333333333
0.3815789473684211
0.5833333333333334
0.34285714285714286
0.49206349206349204
0.34210526315789475
0.2857142857142857
0.3181818181818182
0.423728813559322
0.75
0.2753623188405797
0.3010752688172043
0.38461538461538464
0.32142857142857145
0.49206349206349204
0.4533333333333333
0.34177215189873417
0.5714285714285714
0.3424657534246575
0.6739130434782609
0.543859649122807
0.32558139534883723
0.28205128205128205
0.7777777777777778
0.25333333333333335
0.3918918918918919
0.48148148148148145
0.6666666666666666
0.3225806451612903
0.47540983606557374
0.4567901234567901
0.5192307692307693
0.35135135135135137
0.3466666666666667
0.3409090909090909
0.22826086956521738
0.5416666666666666
0.30158730158730157
0.4264705882352941
0.8709677419354839
0.5111111111111111
0.5142857142857142
0.29069767441860467
0.2911392405063291
0.3469387755102041
0.35384615384615387
0.3787878787878788
0.35
0.3157894736842105
0.7301587301587301
0.31343283582089554
0.3191489361702128
0.30952380952380953
0.24489795918367346
0.3684210526315789
0.4625
0.3972602739726027
0.35064935064935066
0.4057971014492754
0.36470588235294116
0.2619047619047619
0.3764705882352941
0.3469387755102041
0.31746031746031744
0.4057971014492754
0.4155844155844156
0.25925925925925924
0.2682926829268293
0.26136363636363635
0.2765957446808511
0.32894736842105265
0.3541666666666667
0.3924050632911392
0.4177215189873418
0.4235294117647059
0.3492063492063492
0.3125
0.2647058823529412
0.515625
0.3333333333333333
0.41333333333333333
0.3037974683544304
0.27184466019417475
0.32098765432098764
0.2328767123287671
0.4025974025974026
0.24675324675324675
0.30158730158730157
0.5352112676056338
0.47058823529411764
0.7777777777777778
0.3382352941176471
0.34615384615384615
0.23170731707317074
0.23076923076923078
0.5068493150684932
0.5
0.38461538461538464
0.3246753246753247
0.7333333333333333
0.3
0.30158730158730157
0.345679012345679
0.2463768115942029
0.5
0.4117647058823529
0.8412698412698413
0.5342465753424658
0.5230769230769231
0.32941176470588235
0.3548387096774194
0.2911392405063291
0.34782608695652173
0.26666666666666666
0.38666666666666666
0.3253012048192771
0.3492063492063492
0.3333333333333333
0.3157894736842105
0.4931506849315068
0.4675324675324675
0.3146067415730337
0.38461538461538464
0.2782608695652174
0.4819277108433735
0.3707865168539326
0.27058823529411763
0.24242424242424243
0.32051282051282054
0.3655913978494624
0.24691358024691357
0.4117647058823529
0.453125
0.2875
0.7254901960784313
0.2911392405063291
0.3472222222222222
0.5740740740740741
0.23076923076923078
0.4470588235294118
0.43859649122807015
0.463768115942029
0.4411764705882353
0.3707865168539326
0.5227272727272727
0.38181818181818183
0.2835820895522388
0.41935483870967744
0.37142857142857144
0.32432432432432434
0.43478260869565216
0.7678571428571429
0.38571428571428573
0.6206896551724138
0.38961038961038963
0.31868131868131866
0.35714285714285715
0.4225352112676056
0.3076923076923077
0.35294117647058826
0.3815789473684211
0.3880597014925373
0.3563218390804598
0.27906976744186046
0.3793103448275862
0.3108108108108108
0.42168674698795183
0.4
0.3918918918918919
0.6
0.6666666666666666
0.4626865671641791
0.3855421686746988
0.323943661971831
0.36923076923076925
0.35714285714285715
0.37681159420289856
0.453125
0.28125
0.46551724137931033
0.296875
0.26595744680851063
0.35526315789473684
0.3064516129032258
0.3611111111111111
0.2839506172839506
0.32051282051282054
0.4
0.7301587301587301
0.37254901960784315
0.36363636363636365
0.4626865671641791
0.2923076923076923
0.4430379746835443
0.46153846153846156
0.26229508196721313
0.3815789473684211
0.3220338983050847
0.45977011494252873
0.4262295081967213
0.375
0.2962962962962963
0.5172413793103449
0.3880597014925373
0.2753623188405797
0.4880952380952381
0.3076923076923077
0.2804878048780488
0.32
0.265625
0.3218390804597701
0.6
0.3493975903614458
0.4583333333333333
0.44
0.3125
0.373134328358209
0.4461538461538462
0.3584905660377358
0.4074074074074074
0.3670886075949367
0.36231884057971014
0.3333333333333333
0.3026315789473684
0.2857142857142857
0.3050847457627119
0.6865671641791045
0.47058823529411764
0.62
0.5061728395061729
0.4909090909090909
0.3888888888888889
0.3384615384615385
0.30337078651685395
0.38095238095238093
0.2604166666666667
0.2676056338028169
0.2839506172839506
0.3148148148148148
0.3333333333333333
0.417910447761194
0.2987012987012987
0.3902439024390244
0.3333333333333333
0.4444444444444444
0.8253968253968254
0.31958762886597936
0.31746031746031744
0.4642857142857143
0.4025974025974026
0.375
0.6956521739130435
0.5
0.39705882352941174
0.4155844155844156
0.31343283582089554
0.4262295081967213
0.3888888888888889
0.4117647058823529
0.4673913043478261
0.2903225806451613
0.36046511627906974
0.4117647058823529
0.2786885245901639
0.4805194805194805
0.4230769230769231
0.325
0.2247191011235955
0.29473684210526313
0.4868421052631579
0.3142857142857143
0.26582278481012656
0.7678571428571429
0.38461538461538464
0.359375
0.47692307692307695
0.2875
0.32432432432432434
0.26506024096385544
0.2537313432835821
0.3375
0.4117647058823529
0.2289156626506024
0.3728813559322034
0.2631578947368421
0.3424657534246575
0.2976190476190476
0.3870967741935484
0.42424242424242425
0.2727272727272727
0.7121212121212122
0.37333333333333335
0.3389830508474576
0.5942028985507246
0.3870967741935484
0.35526315789473684
0.4594594594594595
0.3466666666666667
0.29508196721311475
0.32857142857142857
0.3246753246753247
0.4153846153846154
0.515625
0.5945945945945946
0.37142857142857144
0.2875
0.28
0.32558139534883723
0.4166666666666667
0.33962264150943394
0.36585365853658536
0.26666666666666666
0.29333333333333333
0.42857142857142855
0.25
0.3424657534246575
0.39759036144578314
0.38271604938271603
0.1875
0.273972602739726
0.2972972972972973
0.4583333333333333
0.34
0.3026315789473684
0.42424242424242425
0.36507936507936506
0.27631578947368424
0.4691358024691358
0.3125
0.42857142857142855
0.3116883116883117
0.35443037974683544
0.5076923076923077
0.45
0.3380281690140845
0.463768115942029
0.4098360655737705
0.44285714285714284
0.2835820895522388
0.4067796610169492
0.28205128205128205
0.38666666666666666
0.3389830508474576
0.4
0.35064935064935066
0.2571428571428571
0.27692307692307694
0.4827586206896552
0.5957446808510638
0.30120481927710846
0.5061728395061729
0.4819277108433735
0.8412698412698413
0.25287356321839083
0.6
0.6666666666666666
0.3783783783783784
0.34285714285714286
0.31666666666666665
0.4657534246575342
0.4788732394366197
0.30985915492957744
0.2777777777777778
0.29411764705882354
0.4057971014492754
0.28
0.24285714285714285
0.375
0.3108108108108108
0.3132530120481928
0.42857142857142855
0.4375
0.4444444444444444
0.36231884057971014
0.8541666666666666
0.5057471264367817
0.3333333333333333
0.29473684210526313
0.5285714285714286
0.37037037037037035
0.44285714285714284
0.5925925925925926
0.39344262295081966
0.29577464788732394
0.31645569620253167
0.3559322033898305
0.29850746268656714
0.36065573770491804
0.3170731707317073
0.19696969696969696
0.4084507042253521
0.2112676056338028
0.32857142857142857
0.640625
0.3787878787878788
0.35294117647058826
0.35526315789473684
0.7636363636363637
0.49230769230769234
0.23255813953488372
0.2948717948717949
0.46153846153846156
0.38095238095238093
0.3698630136986301
0.40298507462686567
0.5263157894736842
0.5441176470588235
0.4794520547945205
0.3037974683544304
0.38596491228070173
0.25
0.4444444444444444
0.38461538461538464
0.29850746268656714
0.3108108108108108
0.32142857142857145
0.3176470588235294
0.3333333333333333
0.4393939393939394
0.4230769230769231
0.4626865671641791
0.3793103448275862
0.4594594594594595
0.2625
0.3333333333333333
0.5555555555555556
0.33707865168539325
0.4918032786885246
0.36507936507936506
0.3090909090909091
0.4470588235294118
0.2465753424657534
0.28378378378378377
0.33962264150943394
0.31746031746031744
0.32432432432432434
0.3974358974358974
0.3333333333333333
0.43661971830985913
0.40540540540540543
0.4714285714285714
0.410958904109589
0.3380281690140845
0.27419354838709675
0.4126984126984127
0.32098765432098764
0.6413043478260869
0.3793103448275862
0.3595505617977528
0.4383561643835616
0.3076923076923077
0.6349206349206349
0.6363636363636364
0.4520547945205479
0.25882352941176473
0.4153846153846154
0.24509803921568626
0.2903225806451613
0.2542372881355932
0.32894736842105265
0.3492063492063492
0.26373626373626374
0.275
0.31645569620253167
0.23214285714285715
0.8524590163934426
0.3382352941176471
0.3548387096774194
0.5443037974683544
0.2898550724637681
0.4457831325301205
0.38461538461538464
0.24175824175824176
0.3559322033898305
0.352112676056338
0.45901639344262296
0.5606060606060606
0.35714285714285715
0.4583333333333333
0.46
0.36619718309859156
0.38235294117647056
0.5283018867924528
0.30612244897959184
0.3770491803278688
0.23809523809523808
0.52
0.4050632911392405
0.2972972972972973
0.36507936507936506
0.4342105263157895
0.43636363636363634
0.42857142857142855
0.32857142857142857
0.3380281690140845
0.5555555555555556
0.5606060606060606
0.48148148148148145
0.5970149253731343
0.38181818181818183
0.34328358208955223
0.38666666666666666
0.29292929292929293
0.24489795918367346
0.2911392405063291
0.3218390804597701
0.4186046511627907
0.3924050632911392
0.4868421052631579
0.5
0.3448275862068966
0.3
0.3194444444444444
0.45454545454545453
0.3424657534246575
0.5084745762711864
0.3373493975903614
0.4225352112676056
0.5945945945945946
0.31746031746031744
0.7317073170731707
0.6025641025641025
0.38636363636363635
0.5614035087719298
0.30864197530864196
0.3253012048192771
0.463768115942029
0.34615384615384615
0.6428571428571429
0.32222222222222224
0.25742574257425743
0.527027027027027
0.2948717948717949
0.2708333333333333
0.5466666666666666
0.275
0.47058823529411764
0.43103448275862066
0.3373493975903614
0.3055555555555556
0.410958904109589
0.38461538461538464
0.45
0.4264705882352941
0.4117647058823529
0.358695652173913
0.631578947368421
0.29310344827586204
0.4418604651162791
0.48148148148148145
0.33783783783783783
0.578125
0.37142857142857144
0.29850746268656714
0.32432432432432434
0.40476190476190477
0.543859649122807
0.3380281690140845
0.4117647058823529
0.3
0.3488372093023256
0.42424242424242425
0.559322033898305
0.4268292682926829
0.38666666666666666
0.5373134328358209
0.31746031746031744
0.5180722891566265
0.2441860465116279
0.32926829268292684
0.2708333333333333
0.22784810126582278
0.3974358974358974
0.2926829268292683
0.31666666666666665
0.2564102564102564
0.3157894736842105
0.3728813559322034
0.3389830508474576
0.32857142857142857
0.4603174603174603
0.27631578947368424
0.30337078651685395
0.3880597014925373
0.42105263157894735
0.2236842105263158
0.39655172413793105
0.375
0.2465753424657534
0.2978723404255319
0.31645569620253167
0.29545454545454547
0.3058823529411765
0.5
0.3170731707317073
0.3333333333333333
0.4307692307692308
0.46153846153846156
0.4578313253012048
0.5
0.4588235294117647
0.3870967741935484
0.296875
0.38202247191011235
0.3466666666666667
0.4605263157894737
0.3064516129032258
0.2982456140350877
0.4657534246575342
0.43529411764705883
0.38271604938271603
0.36065573770491804
0.4857142857142857
0.40789473684210525
0.25333333333333335
0.24691358024691357
0.23863636363636365
0.4714285714285714
0.4307692307692308
0.26666666666666666
0.5333333333333333
0.44642857142857145
0.38202247191011235
0.3132530120481928
0.7090909090909091
0.3611111111111111
0.7446808510638298
0.3561643835616438
0.3484848484848485
0.3670886075949367
0.34
0.4810126582278481
0.45161290322580644
0.28735632183908044
0.27419354838709675
0.5616438356164384
0.6142857142857143
0.35
0.7924528301886793
0.5692307692307692
0.2988505747126437
0.34782608695652173
0.32142857142857145
0.3972602739726027
0.5074626865671642
0.5428571428571428
0.30952380952380953
0.5
0.4375
0.27692307692307694
0.352112676056338
0.3484848484848485
0.3333333333333333
0.45714285714285713
0.2222222222222222
0.5584415584415584
0.65
0.391304347826087
0.35802469135802467
0.4142857142857143
0.4262295081967213
0.6197183098591549
0.352112676056338
0.45588235294117646
0.75
0.3023255813953488
0.6274509803921569
0.2619047619047619
0.19672131147540983
0.3108108108108108
0.515625
0.36764705882352944
0.38461538461538464
0.5774647887323944
0.4444444444444444
0.4431818181818182
0.6949152542372882
0.34375
0.6493506493506493
0.28125
0.2692307692307692
0.7142857142857143
0.7096774193548387
0.4032258064516129
0.38461538461538464
0.37662337662337664
0.34146341463414637
0.4098360655737705
0.4375
0.38666666666666666
0.358974358974359
0.4794520547945205
0.5638297872340425
0.36507936507936506
0.7796610169491526
0.3333333333333333
0.3375
0.38333333333333336
0.37349397590361444
0.31746031746031744
0.4875
0.2358490566037736
0.4393939393939394
0.22857142857142856
0.3235294117647059
0.3387096774193548
0.3333333333333333
0.41025641025641024
0.373134328358209
0.2727272727272727
0.3424657534246575
0.41379310344827586
0.4057971014492754
0.43529411764705883
0.373134328358209
0.3026315789473684
0.4642857142857143
0.3132530120481928
0.3522727272727273
0.32051282051282054
0.42168674698795183
0.35064935064935066
0.358974358974359
0.31521739130434784
0.2857142857142857
0.3170731707317073
0.417910447761194
0.4418604651162791
0.45121951219512196
0.417910447761194
0.46987951807228917
0.3291139240506329
0.4146341463414634
0.3116883116883117
0.5316455696202531
0.5714285714285714
0.627906976744186
0.423728813559322
0.32051282051282054
0.38235294117647056
0.2826086956521739
0.34285714285714286
0.19801980198019803
0.22413793103448276
0.2840909090909091
0.4266666666666667
0.6
0.5714285714285714
0.5138888888888888
0.2647058823529412
0.35064935064935066
0.32967032967032966
0.3968253968253968
0.3924050632911392
0.4444444444444444
0.3787878787878788
0.5
0.4027777777777778
0.38095238095238093
0.3888888888888889
0.4358974358974359
0.36619718309859156
0.4098360655737705
0.5
0.3389830508474576
0.37735849056603776
0.5384615384615384
0.38571428571428573
0.3409090909090909
0.30927835051546393
0.6166666666666667
0.25675675675675674
0.3088235294117647
0.26865671641791045
0.7846153846153846
0.31746031746031744
0.38666666666666666
0.24705882352941178
0.37349397590361444
0.5
0.3283582089552239
0.5689655172413793
0.25263157894736843
0.3888888888888889
0.3968253968253968
0.6125
0.34782608695652173
0.36764705882352944
0.34782608695652173
0.38666666666666666
0.4727272727272727
0.3392857142857143
0.453125
0.47619047619047616
0.6730769230769231
0.3142857142857143
0.26506024096385544
0.5
0.36538461538461536
0.4657534246575342
0.35802469135802467
0.35135135135135137
0.22580645161290322
0.25925925925925924
0.5079365079365079
0.4807692307692308
0.4027777777777778
0.25
0.375
0.2875
0.5370370370370371
0.3
0.46987951807228917
0.45588235294117646
0.4666666666666667
0.29411764705882354
0.358695652173913
0.4342105263157895
0.4025974025974026
0.37662337662337664
0.5294117647058824
0.3106796116504854
0.24489795918367346
0.27631578947368424
0.4533333333333333
0.5441176470588235
0.6451612903225806
0.4583333333333333
0.26595744680851063
0.5
0.43209876543209874
0.6363636363636364
0.2987012987012987
0.7948717948717948
0.4305555555555556
0.3466666666666667
0.5081967213114754
0.2835820895522388
0.30952380952380953
0.2711864406779661
0.40229885057471265
0.3787878787878788
0.41975308641975306
0.34523809523809523
0.359375
0.5409836065573771
0.3103448275862069
0.3188405797101449
0.3230769230769231
0.3108108108108108
0.5
0.36363636363636365
0.4
0.45614035087719296
0.5423728813559322
0.6349206349206349
0.36904761904761907
0.3253012048192771
0.5522388059701493
0.36363636363636365
0.25316455696202533
0.30434782608695654
0.6610169491525424
0.2891566265060241
0.47368421052631576
0.37662337662337664
0.34285714285714286
0.3709677419354839
0.23655913978494625
0.4383561643835616
0.5283018867924528
0.24675324675324675
0.3230769230769231
0.3333333333333333
0.1927710843373494
0.35
0.4153846153846154
0.26595744680851063
0.4
0.3625
0.2625
0.41333333333333333
0.35384615384615387
0.3375
0.40384615384615385
0.35714285714285715
0.3918918918918919
0.3333333333333333
0.3258426966292135
0.39436619718309857
0.6417910447761194
0.31343283582089554
0.3181818181818182
0.5
0.32142857142857145
0.35
0.3076923076923077
0.4189189189189189
0.6461538461538462
0.4727272727272727
0.2903225806451613
0.5352112676056338
0.24324324324324326
0.47435897435897434
0.2857142857142857
0.38202247191011235
0.5
0.3375
0.4936708860759494
0.36538461538461536
0.36
0.6349206349206349
0.6346153846153846
0.5757575757575758
0.43037974683544306
0.3333333333333333
0.45454545454545453
0.3291139240506329
0.7090909090909091
0.29508196721311475
0.26229508196721313
0.44285714285714284
0.54
0.527027027027027
0.3333333333333333
0.55
0.38596491228070173
0.38823529411764707
0.3472222222222222
0.4861111111111111
0.46153846153846156
0.3382352941176471
0.5285714285714286
0.4230769230769231
0.273972602739726
0.30985915492957744
0.41379310344827586
0.3977272727272727
0.4696969696969697
0.3333333333333333
0.5
0.39436619718309857
0.6268656716417911
0.33783783783783783
0.3389830508474576
0.4225352112676056
0.4266666666666667
0.23636363636363636
0.3384615384615385
0.30434782608695654
0.38461538461538464
0.3466666666666667
0.26744186046511625
0.4057971014492754
0.25609756097560976
0.532258064516129
0.2236842105263158
0.29850746268656714
0.2698412698412698
0.4105263157894737
0.44680851063829785
0.3058823529411765
0.30985915492957744
0.43636363636363634
0.5844155844155844
0.7166666666666667
0.3508771929824561
0.36764705882352944
0.696969696969697
0.3620689655172414
0.41379310344827586
0.38181818181818183
0.4868421052631579
0.4594594594594595
0.34
0.313953488372093
0.4583333333333333
0.4838709677419355
0.35714285714285715
0.3373493975903614
0.421875
0.5961538461538461
0.4246575342465753
0.42857142857142855
0.4444444444444444
0.29850746268656714
0.4603174603174603
0.4461538461538462
0.24752475247524752
0.24719101123595505
0.421875
0.3150684931506849
0.24675324675324675
0.32098765432098764
0.5192307692307693
0.37037037037037035
0.5492957746478874
0.5625
0.32
0.2987012987012987
0.42857142857142855
0.3709677419354839
0.32075471698113206
0.3
0.5833333333333334
0.7115384615384616
0.2692307692307692
0.4318181818181818
0.3076923076923077
0.3442622950819672
0.25757575757575757
0.5064935064935064
0.33783783783783783
0.4915254237288136
0.24719101123595505
0.38461538461538464
0.4925373134328358
0.35714285714285715
0.375
0.4383561643835616
0.2807017543859649
0.38596491228070173
0.5
0.32894736842105265
0.2625
0.6027397260273972
0.6229508196721312
0.6111111111111112
0.35384615384615387
0.40298507462686567
0.6470588235294118
0.26865671641791045
0.4473684210526316
0.31868131868131866
0.28205128205128205
0.42857142857142855
0.36363636363636365
0.3411764705882353
0.463768115942029
0.3888888888888889
0.2753623188405797
0.5507246376811594
0.35
0.3835616438356164
0.36231884057971014
0.4857142857142857
0.30303030303030304
0.25301204819277107
0.43209876543209874
0.3333333333333333
0.17333333333333334
0.46296296296296297
0.7
0.4745762711864407
0.4166666666666667
0.5733333333333334
0.3220338983050847
0.3225806451612903
0.3269230769230769
0.34328358208955223
0.22950819672131148
0.40963855421686746
0.34285714285714286
0.27419354838709675
0.35714285714285715
0.3620689655172414
0.16666666666666666
0.3333333333333333
0.35384615384615387
0.3584905660377358
0.3246753246753247
0.35
0.24528301886792453
0.5084745762711864
0.34375
0.31343283582089554
0.4878048780487805
0.44594594594594594
0.2564102564102564
0.41304347826086957
0.358974358974359
0.34545454545454546
0.647887323943662
0.4861111111111111
0.25
0.4626865671641791
0.36764705882352944
0.576271186440678
0.6363636363636364
0.49206349206349204
0.375
0.8392857142857143
0.3382352941176471
0.2875
0.4342105263157895
0.24299065420560748
0.4057971014492754
0.3090909090909091
0.4745762711864407
0.43564356435643564
0.3493975903614458
0.358974358974359
0.2413793103448276
0.34615384615384615
0.3050847457627119
0.4189189189189189
0.3561643835616438
0.32
0.3333333333333333
0.30120481927710846
0.3235294117647059
0.30303030303030304
0.2839506172839506
0.2857142857142857
0.3815789473684211
0.3291139240506329
0.3333333333333333
0.5147058823529411
0.2894736842105263
0.325
0.2702702702702703
0.49333333333333335
0.36231884057971014
0.4411764705882353
0.4305555555555556
0.4342105263157895
0.3620689655172414
0.7457627118644068
0.4342105263157895
0.35802469135802467
0.3493975903614458
0.5074626865671642
0.352112676056338
0.4897959183673469
0.3953488372093023
0.391304347826087
0.4625
0.423728813559322
0.3047619047619048
0.2909090909090909
0.379746835443038
0.4057971014492754
0.352112676056338
0.39436619718309857
0.5555555555555556
0.38461538461538464
0.6704545454545454
0.45454545454545453
0.3220338983050847
0.36923076923076925
0.375
0.28
0.5294117647058824
0.47368421052631576
0.22388059701492538
0.4807692307692308
0.2878787878787879
0.3194444444444444
0.6515151515151515
0.30434782608695654
0.3181818181818182
0.37333333333333335
0.29411764705882354
0.27848101265822783
0.391304347826087
0.390625
0.26136363636363635
0.36585365853658536
0.3880597014925373
0.3333333333333333
0.36231884057971014
0.4406779661016949
0.47058823529411764
0.4375
0.29333333333333333
0.5862068965517241
0.6029411764705882
0.42391304347826086
0.5192307692307693
0.35
0.5142857142857142
0.7
0.47619047619047616
0.2804878048780488
0.3023255813953488
0.3709677419354839
0.484375
0.3548387096774194
0.43636363636363634
0.5147058823529411
0.3787878787878788
0.2535211267605634
0.3333333333333333
0.4430379746835443
0.25
0.6727272727272727
0.40217391304347827
0.4578313253012048
0.2727272727272727
0.6901408450704225
0.3918918918918919
0.2926829268292683
0.3888888888888889
0.25609756097560976
0.7222222222222222
0.325
0.589041095890411
0.40963855421686746
0.47619047619047616
0.3246753246753247
0.5384615384615384
0.32558139534883723
0.7058823529411765
0.32786885245901637
0.38271604938271603
0.345679012345679
0.4222222222222222
0.4166666666666667
0.6865671641791045
0.3108108108108108
0.30357142857142855
0.3466666666666667
0.5405405405405406
0.32786885245901637
0.38461538461538464
0.29577464788732394
0.3684210526315789
0.37037037037037035
0.515625
0.4153846153846154
0.3380281690140845
0.36538461538461536
0.3855421686746988
0.5892857142857143
0.5882352941176471
0.36764705882352944
0.43023255813953487
0.3333333333333333
0.2987012987012987
0.296875
0.3333333333333333
0.4857142857142857
0.32926829268292684
0.3125
0.6545454545454545
0.4117647058823529
0.4805194805194805
0.358974358974359
0.3333333333333333
0.3333333333333333
0.5138888888888888
0.2755102040816326
0.3230769230769231
0.5
0.2413793103448276
0.3188405797101449
0.45714285714285713
0.25
0.5555555555555556
0.4411764705882353
0.4578313253012048
0.26153846153846155
0.676923076923077
0.359375
0.35
0.3220338983050847
0.4888888888888889
0.3508771929824561
0.47674418604651164
0.5409836065573771
0.2982456140350877
0.2777777777777778
0.5352112676056338
0.45454545454545453
0.25252525252525254
0.3409090909090909
0.40298507462686567
0.43103448275862066
0.43137254901960786
0.30357142857142855
0.6060606060606061
0.2982456140350877
0.3541666666666667
0.5394736842105263
0.2872340425531915
0.6060606060606061
0.3333333333333333
0.323943661971831
0.4025974025974026
0.3157894736842105
0.4936708860759494
0.5409836065573771
0.234375
0.3972602739726027
0.3484848484848485
0.4852941176470588
0.24390243902439024
0.2786885245901639
0.3974358974358974
0.463768115942029
0.2465753424657534
0.6212121212121212
0.35294117647058826
0.39436619718309857
0.5531914893617021
0.3037974683544304
0.5070422535211268
0.38461538461538464
0.3333333333333333
0.30303030303030304
0.3898305084745763
0.5333333333333333
0.3333333333333333
0.35714285714285715
0.24050632911392406
0.36619718309859156
0.2619047619047619
0.42045454545454547
0.44
0.4146341463414634
0.42857142857142855
0.4523809523809524
0.39285714285714285
0.3026315789473684
0.625
0.463768115942029
0.43478260869565216
0.4069767441860465
0.6612903225806451
0.4722222222222222
0.25333333333333335
0.5740740740740741
0.2982456140350877
0.373134328358209
0.6428571428571429
0.3728813559322034
0.5194805194805194
0.4098360655737705
0.31666666666666665
0.3225806451612903
0.27
0.352112676056338
0.3076923076923077
0.2638888888888889
0.4927536231884058
0.32941176470588235
0.2894736842105263
0.2535211267605634
0.3
0.34177215189873417
0.7254901960784313
0.7611940298507462
0.76
0.45454545454545453
0.47761194029850745
0.3466666666666667
0.4805194805194805
0.2876712328767123
0.43859649122807015
0.3387096774193548
0.26262626262626265
0.5
0.352112676056338
0.3090909090909091
0.3522727272727273
0.2676056338028169
0.28378378378378377
0.423728813559322
0.26666666666666666
0.4722222222222222
0.37333333333333335
0.2976190476190476
0.5531914893617021
0.42857142857142855
0.3333333333333333
0.41304347826086957
0.29545454545454547
0.3389830508474576
0.4230769230769231
0.37662337662337664
0.49230769230769234
0.4861111111111111
0.3048780487804878
0.4533333333333333
0.27848101265822783
0.43243243243243246
0.35384615384615387
0.3048780487804878
0.3424657534246575
0.32051282051282054
0.5272727272727272
0.5084745762711864
0.4827586206896552
0.6222222222222222
0.2857142857142857
0.6756756756756757
0.28205128205128205
0.2727272727272727
0.2727272727272727
0.4794520547945205
0.5454545454545454
0.4166666666666667
0.21739130434782608
0.4057971014492754
0.37349397590361444
0.36764705882352944
0.4057971014492754
0.2962962962962963
0.3493975903614458
0.375
0.5714285714285714
0.35
0.3870967741935484
0.5316455696202531
0.3770491803278688
0.3
0.4805194805194805
0.2833333333333333
0.44776119402985076
0.33783783783783783
0.35443037974683544
0.3709677419354839
0.21428571428571427
0.3375
0.25842696629213485
0.44594594594594594
0.2894736842105263
0.36923076923076925
0.5617977528089888
0.4307692307692308
0.24719101123595505
0.32926829268292684
0.323943661971831
0.5584415584415584
0.4074074074074074
0.4
0.3787878787878788
0.3522727272727273
0.44776119402985076
0.2638888888888889
0.21568627450980393
0.22916666666666666
0.5
0.3333333333333333
0.4852941176470588
0.3698630136986301
0.30985915492957744
0.4794520547945205
0.32954545454545453
0.75
0.39705882352941174
0.38666666666666666
0.6119402985074627
0.3384615384615385
0.4057971014492754
0.3023255813953488
0.38095238095238093
0.42592592592592593
0.417910447761194
0.42857142857142855
0.45454545454545453
0.5714285714285714
0.35443037974683544
0.3698630136986301
0.2608695652173913
0.3194444444444444
0.22413793103448276
0.38571428571428573
0.30120481927710846
0.39622641509433965
0.21666666666666667
0.375
0.6595744680851063
0.24096385542168675
0.5061728395061729
0.4264705882352941
0.28205128205128205
0.47368421052631576
0.328125
0.379746835443038
0.3333333333333333
0.410958904109589
0.3026315789473684
0.25396825396825395
0.2708333333333333
0.36585365853658536
0.36923076923076925
0.3375
0.42105263157894735
0.27380952380952384
0.31666666666666665
0.25757575757575757
0.42592592592592593
0.27848101265822783
0.582089552238806
0.36363636363636365
0.3333333333333333
0.3924050632911392
0.2191780821917808
0.4576271186440678
0.3333333333333333
0.43103448275862066
0.4444444444444444
0.30357142857142855
0.26595744680851063
0.34782608695652173
0.40625
0.463768115942029
0.3508771929824561
0.5934065934065934
0.4578313253012048
0.3582089552238806
0.6764705882352942
0.2786885245901639
0.4032258064516129
0.38095238095238093
0.373134328358209
0.44155844155844154
0.40625
0.36363636363636365
0.4155844155844156
0.3023255813953488
0.40625
0.4731182795698925
0.3103448275862069
0.5263157894736842
0.31666666666666665
0.2988505747126437
0.2619047619047619
0.35294117647058826
0.4375
0.38235294117647056
0.4583333333333333
0.26865671641791045
0.4305555555555556
0.3170731707317073
0.2717391304347826
0.54
0.2682926829268293
0.46153846153846156
0.3488372093023256
0.40298507462686567
0.3188405797101449
0.3711340206185567
0.323943661971831
0.38095238095238093
0.34328358208955223
0.4714285714285714
0.7804878048780488
0.4727272727272727
0.3225806451612903
0.6037735849056604
0.3493975903614458
0.39759036144578314
0.38666666666666666
0.543859649122807
0.288135593220339
0.275
0.4852941176470588
0.5789473684210527
0.35714285714285715
0.3176470588235294
0.375
0.26666666666666666
0.5595238095238095
0.34210526315789475
0.35526315789473684
0.36507936507936506
0.6060606060606061
0.3114754098360656
0.38571428571428573
0.3382352941176471
0.48333333333333334
0.3333333333333333
0.34146341463414637
0.22916666666666666
0.3380281690140845
0.3466666666666667
0.28
0.4117647058823529
0.37142857142857144
0.32926829268292684
0.3902439024390244
0.41379310344827586
0.4470588235294118
0.2619047619047619
0.3424657534246575
0.3125
0.25773195876288657
0.29310344827586204
0.2549019607843137
0.29577464788732394
0.5135135135135135
0.38181818181818183
0.36585365853658536
0.40298507462686567
0.4507042253521127
0.25675675675675674
0.3108108108108108
0.3870967741935484
0.41333333333333333
0.40298507462686567
0.3283582089552239
0.4057971014492754
0.43243243243243246
0.421875
0.31343283582089554
0.6774193548387096
0.2698412698412698
0.3076923076923077
0.3157894736842105
0.43636363636363634
0.4142857142857143
0.32098765432098764
0.42857142857142855
0.46835443037974683
0.3291139240506329
0.5753424657534246
0.3875
0.3
0.373134328358209
0.47058823529411764
0.3384615384615385
0.43478260869565216
0.3010752688172043
0.25
0.27586206896551724
0.6349206349206349
0.5076923076923077
0.44155844155844154
0.43859649122807015
0.3375
0.42857142857142855
0.4067796610169492
0.47058823529411764
0.22058823529411764
0.27058823529411763
0.26582278481012656
0.23943661971830985
0.25301204819277107
0.3181818181818182
0.3466666666666667
0.35443037974683544
0.3898305084745763
0.26865671641791045
0.6461538461538462
0.6206896551724138
0.3037974683544304
0.35802469135802467
0.32978723404255317
0.4788732394366197
0.3387096774193548
0.3230769230769231
0.5285714285714286
0.3559322033898305
0.5625
0.2537313432835821
0.390625
0.46875
0.3783783783783784
0.3880597014925373
0.38571428571428573
0.3389830508474576
0.3090909090909091
0.31521739130434784
0.53125
0.43243243243243246
0.45098039215686275
0.3269230769230769
0.36363636363636365
0.4126984126984127
0.32142857142857145
0.4153846153846154
0.5638297872340425
0.32432432432432434
0.2597402597402597
0.4375
0.375
0.3614457831325301
0.2987012987012987
0.36764705882352944
0.7666666666666667
0.5238095238095238
0.2638888888888889
0.36486486486486486
0.28735632183908044
0.273972602739726
0.4939759036144578
0.2878787878787879
0.375
0.3918918918918919
0.34146341463414637
0.3026315789473684
0.33766233766233766
0.2777777777777778
0.4166666666666667
0.4520547945205479
0.5194805194805194
0.4027777777777778
0.3472222222222222
0.6206896551724138
0.34210526315789475
0.41509433962264153
0.345679012345679
0.6545454545454545
0.35714285714285715
0.2807017543859649
0.33783783783783783
0.42857142857142855
0.27941176470588236
0.4050632911392405
0.31645569620253167
0.3380281690140845
0.4430379746835443
0.3780487804878049
0.35384615384615387
0.5161290322580645
0.3835616438356164
0.2857142857142857
0.3023255813953488
0.4027777777777778
0.3090909090909091
0.34285714285714286
0.37037037037037035
0.4838709677419355
0.5913978494623656
0.4666666666666667
0.358974358974359
0.3142857142857143