4.871300000000004
2.9045000000000014
3.173700000000001
2.7167400000000015
2.5168800000000005
3.4879000000000024
2.3099200000000004
5.065900000000001
2.14088
2.506400000000001
0.2308
0.81458
5.447820000000004
4.606800000000003
0.8571999999999997
1.7607
6.062600000000004
4.9223200000000045
3.1776000000000013
5.0430000000000055
2.3274999999999997
2.24834
3.5924200000000015
2.8073000000000015
3.1156200000000016
5.338340000000005
1.3031000000000001
4.683600000000004
2.4427200000000004
2.4946
3.4872400000000026
3.2580700000000027
4.639200000000004
3.055600000000002
4.270800000000004
2.713800000000001
2.6491000000000007
2.577700000000001
3.192000000000002
3.3824000000000023
2.777140000000001
0.3200000000000005
5.4814000000000025
3.0915000000000017
3.656600000000002
1.3878
5.343160000000004
5.7118000000000055
3.138600000000001
5.066100000000004
1.6065
4.0934000000000035
3.1593000000000018
4.398500000000004
6.949400000000006
1.9484800000000002
4.100000000000004
3.245800000000002
2.4640000000000004
3.6452000000000027
2.9282000000000012
4.1911600000000035
4.459940000000004
3.196900000000001
5.1886000000000045
1.8849
1.5873399999999998
1.5755999999999994
7.043220000000006
4.545840000000004
2.7447000000000017
1.4652999999999996
2.5544000000000002
3.689600000000003
3.920600000000002
3.6399000000000026
5.114600000000002
3.392800000000002
5.902080000000002
4.818200000000004
3.546400000000003
3.7717000000000027
5.129640000000005
3.566320000000002
2.8187000000000015
5.663800000000005
1.9080000000000004
3.382600000000002
3.0093000000000014
2.7113000000000005
5.446100000000002
4.078520000000003
3.268740000000002
2.1192
2.1171
3.2097000000000016
3.286200000000002
2.770500000000001
4.653400000000005
2.3660000000000005
2.4948200000000007
2.797620000000001
2.6546199999999995
1.1744999999999999
1.9498
7.30330000000001
3.0939000000000014
2.772500000000001
1.7126999999999992
4.701000000000003
2.6689000000000007
1.817270000000001
4.054700000000003
2.929400000000001
3.0810000000000013
1.8262199999999997
3.2063000000000015
2.1235799999999996
3.5248000000000017
3.101580000000001
2.4030000000000005
5.534400000000002
3.794400000000002
4.439900000000005
0.16689999999999944
1.644
2.393
2.8817000000000004
2.23424
1.9147999999999998
3.5934000000000017
4.637700000000003
3.237000000000002
2.778500000000001
2.3688000000000002
1.4845
4.254300000000002
0.8417399999999997
2.785800000000001
1.4167999999999996
2.5311199999999996
1.8642
1.7008199999999996
3.8318600000000025
2.53528
1.8567
4.186300000000003
3.844400000000002
2.4839
4.244100000000003
3.853620000000002
1.7628999999999997
4.593620000000004
3.8888000000000025
2.30804
1.0819999999999994
2.867840000000001
3.328000000000001
3.6058200000000014
2.718320000000001
1.0557999999999994
1.2609
3.201220000000002
1.0896
4.097020000000003
2.1739000000000006
3.431000000000002
3.2642000000000007
2.4255400000000007
4.217100000000002
4.977400000000004
2.521000000000001
6.481800000000005
4.974720000000004
3.005140000000001
1.3934999999999993
3.256400000000002
2.37062
4.424580000000003
2.3368
3.9048000000000025
4.584200000000002
0.8565400000000001
1.1674999999999993
1.8144999999999998
1.5002200000000012
5.668020000000004
2.860800000000001
3.1209000000000016
1.3753000000000002
3.7748000000000017
5.525840000000006
2.5567800000000007
1.12915
-1.4383199999999983
3.4551400000000023
3.6422000000000025
4.567120000000003
6.233900000000006
4.099400000000003
2.3524700000000003
4.115620000000003
1.2633999999999994
4.738440000000004
3.5257200000000024
6.699600000000005
2.0134999999999996
3.6143800000000024
4.5244000000000035
3.3038000000000016
5.118240000000004
3.0302000000000016
2.705400000000001
-0.43550000000000044
3.7239400000000025
2.8595000000000015
3.980000000000003
4.119800000000003
2.9662000000000006
1.3396
2.8712000000000018
4.906100000000002
3.4773000000000014
1.8163999999999998
3.199200000000002
3.442680000000002
2.2637
3.4235000000000024
3.0751000000000017
2.2339199999999995
3.4106400000000017
2.3597
2.3869
-0.27719999999999995
3.586000000000002
1.4430999999999994
4.204800000000003
2.902920000000001
4.186420000000003
3.3112000000000013
4.177620000000003
4.258200000000002
3.6061000000000014
4.061500000000001
5.311000000000005
3.019000000000001
3.348700000000002
3.175620000000001
5.081420000000003
3.7327800000000027
3.4770400000000024
1.4261999999999997
1.9630799999999997
1.8022999999999996
2.625700000000001
6.641980000000006
4.066800000000003
2.3979
3.5622000000000025
1.2965
4.132320000000003
6.762000000000007
2.732920000000001
3.5928000000000004
4.640000000000004
3.533400000000002
2.9445400000000017
3.2605200000000005
4.875900000000004
3.7334200000000024
3.155800000000002
3.2457800000000017
4.294600000000003
4.410620000000002
2.6056
4.476900000000002
3.1353800000000014
2.0061999999999998
2.813300000000001
1.5392000000000001
2.7033200000000006
3.258440000000002
4.318400000000003
5.100020000000004
2.4241200000000003
4.118600000000003
4.293800000000004
1.4325999999999997
2.942800000000001
1.8644999999999996
3.2071000000000014
3.695120000000002
5.637760000000005
4.357200000000003
2.876800000000001
2.7686
3.0005000000000006
2.2691999999999997
4.971700000000005
2.582
2.4445000000000006
2.4325
3.5131200000000025
3.5568000000000017
4.225800000000004
2.872200000000001
4.241000000000002
2.6325000000000003
1.6690199999999997
2.914600000000001
4.101900000000003
3.994200000000002
3.473900000000002
2.5834
2.4055
3.924400000000002
1.46012
4.1537200000000025
2.861700000000001
1.3432199999999999
4.082740000000004
2.1232999999999995
3.8066000000000013
2.3916000000000004
4.677300000000004
4.0489000000000015
1.502
1.8326999999999996
4.534300000000003
1.4909999999999994
3.868700000000003
3.5401000000000016
2.3625000000000007
1.4215999999999998
3.076100000000001
2.963520000000001
1.2991999999999997
3.6106000000000025
2.3468999999999998
2.0124
4.129890000000003
1.1616
2.8782000000000014
1.09884
1.7292999999999994
2.9773000000000014
4.743040000000003
3.147420000000001
3.106090000000002
3.8610000000000024
5.7621000000000056
2.425300000000001
1.91832
0.8412999999999999
4.927100000000004
4.641500000000004
2.9543000000000017
6.071320000000005
3.127320000000002
4.020940000000003
2.1925999999999997
3.528500000000001
5.090300000000002
3.912200000000002
4.229320000000001
1.4086999999999998
2.5132200000000005
2.665000000000001
4.938700000000003
3.677100000000002
4.408500000000003
3.5558000000000023
2.853700000000001
0.8127
3.8931000000000022
4.650100000000004
2.830280000000001
4.754820000000005
3.2489000000000017
1.3546999999999998
3.149000000000002
1.1701799999999996
4.954300000000004
3.1854000000000022
3.4406000000000025
4.384300000000003
3.0317000000000016
2.0167
3.4823000000000013
4.021300000000002
1.3211999999999995
3.1922000000000006
1.9600399999999996
6.1227000000000045
3.5122000000000018
3.7502400000000025
4.454800000000003
2.2536000000000005
3.1960000000000015
1.846219999999999
3.0333400000000017
2.7563000000000013
3.471420000000002
3.8487000000000027
4.8368000000000055
4.312440000000003
2.981420000000001
4.262500000000003
1.8379999999999996
3.7292000000000014
2.7822200000000006
4.7972000000000055
2.9007200000000006
2.5397000000000007
1.6737
1.8645999999999998
1.77782
2.7132000000000005
3.8389000000000024
3.9251000000000005
4.093180000000003
7.602820000000008
2.6990000000000007
4.854900000000002
3.745200000000003
3.587040000000002
2.082
3.809020000000003
6.085600000000005
2.5588000000000006
2.918000000000001
2.0882199999999997
1.343
3.0096000000000016
2.6470200000000013
3.7692000000000014
3.147000000000002
2.6695800000000007
4.889920000000004
4.849500000000003
4.0443000000000024
2.09
3.6156900000000016
4.542100000000002
3.5187000000000017
3.6952200000000017
0.29149999999999837
4.604300000000002
2.7002000000000006
3.576200000000002
3.0672000000000006
4.5452800000000035
3.996000000000002
2.8029
2.929400000000001
0.4179999999999996
3.5901000000000023
1.6724999999999999
2.701620000000001
2.0618999999999996
4.2577000000000025
3.6279000000000012
2.773600000000001
2.16122
2.939000000000001
3.096000000000002
3.5383000000000013
3.8282000000000007
3.041900000000001
1.9251999999999998
2.719940000000001
3.544900000000002
1.2245000000000001
3.241400000000003
2.697000000000001
2.3108000000000004
3.9113400000000027
2.700100000000001
4.221700000000004
4.2180000000000035
4.180200000000003
3.8100000000000023
3.4884000000000013
5.221100000000003
2.0549
2.5176000000000007
3.5052200000000013
3.8480000000000034
2.710000000000001
4.241200000000004
0.9191999999999998
5.3794600000000035
2.8514800000000013
3.8130000000000024
2.0949999999999998
2.9240000000000013
1.2779999999999998
3.921980000000003
3.8526200000000026
0.5818000000000003
1.4703000000000004
2.3161199999999997
2.4384900000000007
4.550800000000003
3.2899400000000014
2.7627000000000006
1.7577999999999998
4.107300000000003
3.221840000000002
3.2534600000000014
2.4952999999999994
2.04582
3.511820000000002
2.31562
1.8897999999999995
3.6503400000000026
2.2248
5.638000000000005
2.3782200000000007
3.5356000000000023
1.9969199999999998
2.6477000000000013
3.608420000000002
3.4414000000000016
1.3218999999999992
4.5530000000000035
1.5473200000000007
3.4618400000000022
3.974900000000003
1.0112999999999994
0.5453999999999999
2.3026
1.8367199999999997
1.0206
1.6058
1.8576999999999988
1.7078
4.2028000000000025
2.7859000000000016
3.110640000000002
3.379540000000002
4.585900000000004
1.4345999999999999
3.684700000000003
2.928000000000001
2.4128
0.9481999999999998
3.8545400000000036
1.4374999999999993
2.782400000000001
4.252400000000003
2.0550999999999995
3.269200000000002
3.062900000000001
3.176870000000001
3.3994000000000035
3.812520000000002
4.132900000000002
3.6052500000000025
3.5264000000000024
2.7386600000000003
2.1212199999999997
2.4200000000000004
-0.3460000000000005
5.362520000000004
4.216800000000002
3.0736000000000017
2.6503000000000005
1.2262999999999995
1.8229000000000002
3.1050000000000013
3.0271000000000017
3.8964200000000018
2.6691200000000013
2.4014000000000006
3.096020000000001
2.843980000000001
1.3316
1.9548999999999999
5.228000000000005
4.108500000000003
1.9782999999999997
0.9240399999999998
4.069100000000004
3.673120000000001
2.914620000000001
4.071600000000004
3.300300000000002
4.345100000000002
2.1694199999999997
3.1606000000000014
2.570900000000001
2.0728999999999997
5.498900000000005
3.077700000000001
0.8600999999999992
2.3993400000000005
3.2692000000000023
2.0082
2.7159000000000013
3.1937000000000006
4.176800000000002
3.5431000000000017
3.5905000000000022
5.306980000000005
2.6407000000000007
4.325600000000002
3.1452000000000018
6.500920000000005
3.4818000000000016
4.016600000000003
5.941100000000006
2.7871200000000016
1.4702
5.397520000000004
0.7367000000000001
3.899600000000003
3.2867000000000015
2.6587000000000005
3.9274000000000027
4.536900000000002
3.227000000000001
3.0136200000000013
3.954100000000003
2.9993200000000018
1.6109199999999988
2.548600000000001
3.091800000000001
5.467600000000005
2.20432
2.9877000000000002
6.023000000000007
5.437040000000005
4.395600000000004
4.342620000000004
3.778100000000002
2.4355
3.557100000000002
1.4866199999999996
4.191100000000004
3.0311000000000012
2.287920000000001
3.197700000000002
3.685240000000003
2.3281
3.4129000000000014
4.143720000000002
2.6900000000000013
2.87922
3.541900000000002
4.017200000000002
2.1775
3.0692000000000013
-1.1634999999999978
3.0252000000000017
2.688200000000001
3.233600000000002
-0.049000000000000155
1.2348
2.7681000000000004
3.4868000000000023
3.773520000000003
2.9152000000000013
5.838620000000004
4.347120000000004
3.5287000000000015
3.9780000000000015
2.4556000000000004
3.174500000000002
2.21542
3.4756000000000027
1.6867199999999998
4.034000000000002
2.3506
3.347000000000002
3.4126200000000013
0.4711999999999996
3.000700000000001
3.3417000000000012
4.8590000000000035
4.380700000000004
1.6627
4.547800000000005
4.812860000000004
4.685000000000003
2.5876
2.523200000000001
4.763920000000004
2.890600000000001
2.616600000000001
1.7907
3.261800000000002
6.391300000000005
3.743100000000002
2.608900000000001
4.421100000000004
4.149200000000003
1.9896
3.5966400000000025
3.324340000000002
2.6770000000000005
5.434200000000005
3.1298000000000012
2.799380000000001
3.078000000000001
2.6079000000000008
2.7361000000000004
2.1527000000000003
5.408320000000004
2.0376399999999997
2.493920000000001
2.8551
3.5722200000000015
4.396700000000004
2.765200000000001
2.3265000000000002
3.3011000000000017
3.460600000000002
0.8420999999999998
2.9040000000000017
2.384900000000001
4.835900000000004
1.0877999999999994
4.541400000000004
3.5531000000000024
0.27129999999999993
3.612860000000002
2.45624
3.204400000000002
3.365120000000001
1.2884000000000002
4.215520000000002
3.7486200000000016
4.209700000000002
4.962140000000004
4.204540000000004
4.182000000000004
3.974960000000003
2.7623200000000008
2.2758000000000003
2.1257
4.702300000000005
1.6285
4.001300000000002
2.971820000000001
5.1696000000000035
2.9216000000000006
2.02302
2.1736699999999995
1.0848999999999993
0.6787999999999998
3.520100000000002
3.1472000000000016
3.3748000000000022
2.5702000000000007
1.7431999999999994
3.5164000000000017
3.274320000000002
2.8633200000000008
5.103040000000002
3.2144000000000013
2.617800000000001
2.513300000000001
3.243800000000002
1.0849000000000002
3.4704200000000025
3.208800000000001
4.006600000000003
3.448500000000002
3.2707000000000024
3.5158400000000016
3.6936000000000018
2.950100000000001
1.2788
2.9035800000000016
3.2654000000000014
2.2586200000000005
3.3388000000000018
3.8171000000000017
2.27614
1.7271999999999998
1.7374200000000002
3.377900000000002
4.3434200000000045
1.8345599999999997
2.3138000000000005
4.909020000000005
2.8750000000000018
3.3192000000000013
4.696800000000004
2.404000000000001
5.223800000000003
2.571600000000001
1.1102999999999998
3.7001000000000026
3.576260000000002
3.3932200000000012
2.1202999999999994
3.0222000000000016
2.0443
3.6031400000000025
2.2601000000000004
2.2343
5.0137200000000055
2.910400000000001
4.4901000000000035
3.5938000000000008
3.4620000000000015
4.400000000000003
3.773200000000002
3.1902000000000017
2.4819200000000006
3.509140000000002
2.6934700000000005
1.9688700000000001
2.1507000000000005
3.8194000000000026
3.2045000000000012
3.6228200000000026
4.252420000000003
1.9862999999999993
1.6347999999999994
4.654700000000004
3.1651000000000025
1.7323199999999996
3.457300000000002
3.6285200000000026
2.6524600000000014
1.072899999999999
4.413700000000004
2.4599
2.5535000000000005
1.4723
5.441220000000004
2.918540000000001
2.2830000000000004
2.2619
4.001500000000003
3.7622000000000018
2.1306199999999995
1.2342000000000002
2.6076200000000007
2.829200000000001
3.8228200000000028
3.2917400000000026
2.25542
3.9071000000000025
3.7181000000000024
2.36874
2.765900000000001
4.040200000000003
0.2998999999999999
1.8358999999999996
3.398200000000002
2.8474000000000013
1.6893999999999998
4.707260000000003
3.2890000000000015
1.8875
1.9296999999999993
3.5254400000000023
2.8820000000000014
2.897000000000001
3.5664000000000025
2.2322
0.7413899999999998
4.823500000000002
4.408400000000003
1.3110999999999997
3.169100000000002
3.5501000000000023
3.4296000000000024
4.622320000000003
2.6682200000000007
2.9841200000000017
4.291000000000004
2.3600200000000005
3.176100000000001
2.3425000000000002
2.338
1.5214999999999992
3.4814000000000007
3.051400000000002
2.3558200000000005
4.061200000000002
2.351300000000001
2.721220000000001
2.6686000000000005
2.4043
2.7426200000000014
2.3138000000000005
1.5737
3.117700000000001
3.708700000000001
0.9544
4.2592000000000025
6.6916000000000055
5.601900000000005
3.8551800000000025
4.791200000000004
1.7103399999999997
2.405900000000001
6.139000000000007
1.0452999999999997
5.208620000000003
3.6869000000000023
3.103900000000001
1.4456199999999997
3.662320000000003
4.4616400000000045
2.4408000000000003
5.612600000000004
2.928700000000001
7.388620000000007
2.3996000000000004
1.6366999999999998
1.5677999999999996
0.04030000000000067
4.391620000000003
3.1647000000000016
4.740200000000004
2.633700000000001
4.674900000000004
3.5861000000000027
1.0925
3.6852000000000027
3.521200000000002
3.8190000000000026
3.5074000000000005
3.912480000000003
3.935670000000002
5.152300000000004
6.380820000000007
3.7119200000000028
2.1840000000000006
4.2009000000000025
3.897100000000002
3.972000000000003
2.7474000000000007
4.631400000000003
3.1949000000000023
3.514020000000002
1.9180699999999997
4.514800000000004
4.8770400000000045
3.986100000000003
2.40822
2.4817
3.519720000000002
2.4166999999999996
4.430720000000003
3.448070000000002
3.115400000000002
2.1769
2.870470000000002
3.810520000000002
4.007540000000002
3.6487000000000016
4.869400000000004
4.216700000000002
4.497500000000002
3.3046000000000015
2.986720000000001
3.7543000000000024
2.8543200000000004
2.0899999999999994
2.8042000000000007
2.987960000000001
4.730080000000004
2.81942
3.520800000000002
1.8492199999999999
4.221200000000003
4.142100000000003
3.375300000000002
4.020900000000002
-0.8265799999999994
2.3437
2.4715
3.2444000000000015
1.290399999999999
1.8673
2.5605200000000004
1.4132399999999996
5.943100000000004
3.738500000000003
2.4733
4.617820000000004
4.149600000000003
5.205000000000004
5.806420000000004
2.3785999999999996
4.135240000000002
2.028
3.9635000000000025
4.145420000000003
4.086400000000003
3.5175000000000023
6.495420000000004
2.9560000000000013
1.4696199999999993
3.636700000000001
1.4863999999999997
3.3588000000000013
1.4746999999999997
3.4175400000000016
2.8865200000000018
2.8294200000000016
2.5867200000000006
2.4118000000000004
2.629200000000001
4.350780000000004
2.897640000000001
0.052200000000000135
3.3694000000000024
4.645540000000004
1.9506
2.1604
3.4559000000000024
3.2306000000000017
4.2635000000000005
3.515040000000001
5.0535200000000025
4.334300000000003
2.7562000000000015
3.6026200000000017
1.9340999999999997
2.1555
3.163000000000001
3.4875000000000016
3.4159400000000018
2.2747
1.8417999999999999
3.572720000000003
3.812520000000002
2.6787
2.2813
3.6103400000000025
4.427200000000004
3.765900000000003
3.681600000000002
4.538700000000004
3.536200000000002
4.550900000000002
4.834390000000004
3.9552000000000023
3.5770000000000017
4.553600000000003
1.9313200000000006
2.7185000000000006
3.016190000000001
3.298300000000002
3.333700000000002
2.3922999999999996
2.6156000000000006
2.3463000000000003
1.4376999999999998
1.9975999999999996
1.2529999999999997
2.2104999999999997
3.0256000000000016
3.6960200000000016
3.335280000000002
1.7547199999999994
-0.3992000000000002
3.5742200000000013
3.7589200000000034
3.6605000000000025
5.374300000000005
4.850900000000005
3.353100000000002
1.3834400000000004
3.3394000000000013
4.226800000000003
2.980600000000001
3.950400000000002
2.686020000000001
4.016300000000002
4.545040000000003
1.9828
2.9896200000000013
3.232000000000002
2.7074000000000007
4.653420000000003
3.9940000000000033
2.719220000000001
4.099500000000003
3.169900000000001
3.341000000000002
2.916400000000001
4.4966000000000035
5.771500000000004
2.15144
3.342200000000002
3.1415000000000015
3.677800000000003
3.043400000000002
4.175900000000003
4.480720000000004
4.689900000000002
3.634240000000003
4.859340000000005
1.2917200000000002
4.525800000000003
2.4561
1.8371999999999997
4.207600000000001
2.4324000000000003
2.308300000000001
4.2249000000000025
1.8382000000000003
4.616740000000004
2.827020000000001
0.8988000000000009
2.6198000000000006
2.6820000000000017
0.9756999999999993
3.1092000000000013
2.443600000000001
4.200620000000003
2.3770000000000007
1.9405999999999999
2.7887000000000013
5.830980000000006
3.1076200000000016
2.3550000000000004
3.4301200000000023
4.465580000000002
1.8888
3.2212400000000017
2.7951000000000006
0.9943000000000007
1.7679199999999995
3.5863000000000023
4.3838000000000035
2.8381000000000016
2.3396999999999997
3.6838000000000024
2.6203000000000003
3.782700000000003
6.751300000000006
2.9078000000000013
3.1667000000000023
2.0469399999999998
3.928500000000003
2.269100000000001
4.012000000000003
3.8374200000000025
3.388300000000002
4.132400000000003
6.259640000000004
2.786500000000001
3.160520000000001
3.6026000000000025
3.4034200000000014
2.5329800000000002
1.2782999999999995
5.279500000000004
2.4009400000000003
3.2165000000000017
5.072200000000003
3.5455000000000023
0.36340000000000117
5.899620000000003
2.5364000000000004
3.2139000000000006
3.4754200000000015
0.3818999999999999
3.104700000000001
4.447100000000004
2.9639000000000015
4.817800000000004
4.021220000000003
2.0279999999999996
3.741400000000003
2.5753200000000005
1.2066
4.234900000000003
4.948700000000004
3.818500000000003
4.415520000000003
3.716560000000002
2.381500000000001
3.2238000000000016
6.734100000000006
5.352020000000004
4.062840000000003
3.2628200000000014
2.4133000000000004
1.8021200000000004
4.161300000000002
3.035540000000002
2.4119
4.237540000000004
3.9803000000000024
2.966020000000001
4.396200000000003
2.2394
1.8271
3.9205200000000024
2.9960000000000013
4.571900000000002
2.8412200000000007
4.749700000000003
2.937000000000001
2.5292000000000003
1.3590999999999995
4.695720000000003
3.2620400000000025
2.8668000000000013
2.0195
3.185200000000001
2.392200000000001
2.5172000000000008
3.5000000000000018
3.191700000000001
3.6037000000000026
5.5964200000000055
4.084800000000003
4.756800000000005
4.5841800000000035
3.3669800000000025
4.5614000000000035
5.434900000000004
3.7753000000000023
3.9790000000000028
4.299000000000004
5.613060000000005
2.1453999999999995
3.0028000000000015
2.2741
2.649300000000001
2.9952000000000014
2.8871400000000005
3.440500000000001
2.3209
3.8823200000000027
1.7478999999999998
7.157400000000006
3.0303000000000013
1.4638999999999995
2.4384000000000006
3.118800000000001
2.4395000000000007
4.559720000000002
3.413100000000002
3.6132800000000014
2.739420000000001
3.3233200000000016
3.875700000000003
3.2204000000000015
4.244640000000004
4.063200000000002
3.466400000000002
4.199900000000003
3.676420000000003
3.8514000000000026
3.549400000000003
2.5702000000000007
2.792200000000001
3.3960000000000017
2.766700000000001
3.7935000000000016
3.2823400000000023
4.437900000000004
1.8773699999999995
3.8968000000000016
3.004170000000001
2.5554000000000006
1.7386999999999997
2.5757000000000003
2.7163000000000004
2.2897999999999996
3.947200000000003
1.98854
-2.167199999999997
-0.9897999999999998
4.136000000000002
2.3575
3.9133800000000027