403.9790000000001
419.50300000000004
472.56700000000023
362.451
414.48700000000014
295.338
339.3510000000001
359.99400000000014
475.56700000000023
415.55900000000014
321.3180000000001
205.217
378.4530000000002
499.64000000000027
449.48500000000007
368.48400000000004
492.4090000000002
304.38900000000007
297.358
423.5340000000003
320.8050000000001
311.38500000000005
252.27300000000002
429.5420000000002
267.28799999999995
436.9430000000002
181.23499999999996
425.58300000000025
307.353
407.9230000000001
419.8940000000002
337.4480000000001
477.3990000000002
337.22800000000024
417.4870000000002
324.38000000000005
372.3770000000002
419.53200000000027
399.47600000000017
421.95400000000006
460.6000000000004
328.39
465.4810000000002
488.5250000000002
400.34700000000015
429.49900000000014
300.4710000000001
410.5870000000002
380.3660000000001
368.39200000000005
247.29099999999997
405.47300000000007
419.5260000000003
462.4320000000002
499.68000000000035
342.3209999999999
378.5160000000003
468.5290000000002
339.442
325.40800000000013
264.74100000000004
370.5180000000001
458.51400000000024
304.3750000000001
395.8460000000002
320.37
317.3450000000001
343.42
451.90900000000016
274.36700000000013
498.44300000000015
190.15799999999993
287.70300000000003
382.5330000000002
358.398
362.8860000000002
497.7410000000002
498.39500000000015
399.30200000000013
513.6420000000003
484.5120000000002
307.44
523.5290000000002
328.79900000000004
294.236
381.4790000000001
461.5350000000001
476.89800000000014
283.32700000000006
358.81000000000006
342.826
435.5530000000003
380.4770000000001
387.21100000000007
285.72700000000003
368.38500000000005
347.4400000000002
428.8940000000002
427.54100000000017
371.4180000000002
365.3930000000001
306.38700000000006
297.38700000000006
198.226
323.7610000000001
526.7850000000003
432.52400000000034
476.6060000000002
470.5700000000004
453.3110000000001
329.42500000000007
504.63200000000035
279.347
286.287
331.22800000000007
356.3260000000001
349.412
330.3840000000002
278.31100000000004
267.33599999999996
410.4780000000003
427.76200000000017
311.168
519.6420000000003
375.42900000000026
382.4820000000002
242.68700000000004
499.5450000000002
319.43399999999997
363.4390000000002
362.38500000000005
417.9180000000001
249.09300000000002
316.27900000000005
370.361
226.30099999999996
368.3920000000001
425.3200000000001
475.4760000000003
174.20700000000002
379.8290000000001
369.4870000000001
326.4180000000001
370.47400000000016
240.715
419.4880000000001
341.46100000000007
310.74
437.4240000000001
459.5270000000002
365.4580000000001
318.417
408.50400000000013
324.384
427.5450000000002
379.4380000000001
328.44500000000016
275.735
304.41100000000006
397.4750000000003
441.5320000000003
244.24999999999994
372.49
322.38600000000014
412.5110000000003
344.39200000000005
517.5860000000004
446.55400000000014
272.30400000000003
398.4220000000001
400.4340000000001
397.47500000000025
515.0340000000002
364.4050000000001
364.3740000000001
379.4610000000001
456.31400000000025
298.557
378.4530000000001
228.25500000000002
440.9790000000002
328.00300000000004
263.326
247.25
218.28500000000003
403.52300000000025
339.847
279.752
368.4840000000001
324.4650000000001
476.47000000000037
475.61000000000024
282.43800000000005
396.403
266.261
343.4080000000001
427.57000000000016
355.3970000000001
403.61400000000026
246.265
366.42100000000005
424.48200000000026
270.29599999999994
481.6370000000003
301.411
427.3800000000001
338.3630000000001
460.58100000000024
421.47500000000014
278.37699999999995
420.51300000000015
384.35400000000016
318.3730000000001
292.284
488.99700000000024
328.3240000000002
328.42199999999997
447.7200000000001
383.40400000000017
253.21399999999994
319.38199999999995
356.834
381.4320000000002
350.46300000000025
328.481
385.47100000000023
376.47800000000007
352.47800000000007
353.44100000000014
305.72100000000006
385.8990000000001
270.267
354.765
271.25399999999996
269.728
299.265
476.9390000000003
403.47900000000004
334.40400000000005
384.867
429.54900000000015
357.20700000000005
453.91100000000023
392.362
496.59200000000016
386.42900000000014
239.32200000000003
262.33399999999995
303.19200000000006
369.4210000000001
399.47200000000015
355.35400000000004
309.325
345.39900000000006
489.9810000000004
467.6160000000001
295.382
359.40100000000007
420.60400000000027
472.51700000000034
487.5970000000003
569.1260000000002
280.125
352.1770000000001
491.65700000000027
397.41800000000006
262.353
345.302
387.5930000000002
390.8920000000002
287.38500000000005
425.87200000000007
392.4840000000001
340.3820000000001
346.77400000000006
394.28300000000013
306.3
438.45900000000023
444.5200000000002
283.322
428.52900000000017
310.39700000000016
546.7780000000004
353.4250000000001
338.41100000000006
369.44600000000014
421.67800000000005
219.19600000000003
364.4050000000001
345.7900000000001
416.9050000000001
420.9620000000002
408.57100000000037
398.4840000000001
441.4780000000002
454.4830000000002
298.3419999999999
223.23100000000002
493.43100000000044
261.288
319.34200000000004
342.37000000000006
253.77299999999997
271.345
271.4039999999999
283.283
460.51500000000016
390.48600000000016
251.28199999999998
459.54900000000015
478.5740000000002
291.30600000000004
376.3240000000001
441.50700000000023
368.43700000000007
409.5110000000002
451.50100000000015
388.4230000000001
329.444
372.42100000000016
454.54800000000034
587.6590000000001
266.127
316.284
517.6340000000004
523.85
401.8970000000003
256.26500000000004
311.38100000000003
301.456
476.94500000000033
362.81300000000016
302.355
246.31
184.279
429.5310000000001
378.36200000000014
418.4150000000002
274.36400000000003
303.314
379.5510000000003
454.5260000000003
301.27700000000004
236.3
388.4450000000001
212.24799999999996
407.85700000000014
325.773
358.4230000000001
438.47400000000016
427.50400000000013
324.4710000000002
258.32500000000005
238.23200000000003
382.8760000000001
418.5340000000003
266.3910000000001
444.02500000000015
429.52100000000024
446.5070000000002
376.434
358.18100000000015
357.38100000000003
405.76000000000005
379.23900000000003
319.34600000000006
488.3490000000003
246.69699999999997
429.8670000000002
369.218
440.55000000000024
381.4570000000001
374.3740000000002
327.36600000000004
297.398
460.53400000000016
246.33499999999995
380.51300000000026
308.41
250.31799999999993
294.35400000000004
389.4330000000001
378.4240000000002
393.39500000000004
362.85700000000026
369.42400000000004
487.55300000000034
318.41700000000014
309.82200000000006
406.5580000000002
341.32700000000006
276.163
299.3740000000001
383.4220000000001
305.33299999999997
343.4710000000003
400.8180000000001
452.51500000000027
411.54600000000016
293.33000000000004
295.335
353.3550000000001
369.39600000000013
437.52500000000015
460.3680000000002
430.4760000000001
234.68599999999998
359.3850000000001
315.37300000000005
282.73400000000004
284.31500000000005
497.57000000000016
206.27000000000004
377.22400000000005
203.28199999999993
229.239
273.38300000000004
351.33600000000007
281.355
375.22799999999995
292.40400000000005
459.65900000000016
428.396
332.78700000000003
510.4170000000003
369.85600000000005
272.284
301.4150000000002
379.57400000000007
261.325
409.19200000000006
367.40500000000014
340.445
478.2900000000002
374.50600000000003
354.38700000000006
310.78100000000006
300.35800000000006
384.48300000000006
352.3900000000001
401.8750000000001
352.50000000000017
308.366
292.36300000000006
428.96300000000014
263.68399999999997
512.5520000000002
337.18100000000004
461.6090000000002
359.40700000000027
301.37100000000004
441.48700000000014
461.5250000000002
389.20900000000006
448.5040000000002
236.227
297.3539999999999
449.261
538.6700000000004
269.077
296.39500000000004
378.2220000000002
389.4520000000003
216.26899999999998
262.74
320.39200000000005
324.38
347.70500000000004
350.34600000000006
278.337
390.4170000000001
344.4070000000001
327.1890000000001
435.4450000000003
324.40200000000004
450.5240000000001
338.4070000000001
310.3970000000001
307.39300000000014
372.42400000000004
473.95700000000033
396.3990000000001
297.745
317.388
542.4810000000001
425.89000000000027
318.4020000000001
391.3090000000001
388.42000000000013
435.56800000000015
373.43200000000013
379.46000000000015
272.739
453.9700000000001
311.341
348.4720000000002
314.34800000000007
328.799
430.3020000000002
341.3310000000001
475.52300000000025
324.38400000000007
223.25300000000001
364.401
327.40900000000005
430.50100000000026
402.4760000000001
341.43
323.4440000000001
402.8420000000001
384.52400000000034
282.317
268.14300000000003
276.29200000000003
476.57600000000025
388.50800000000027
285.229
404.4910000000001
439.55900000000014
352.478
421.4940000000002
431.5100000000001
247.31899999999996
375.4530000000001
334.37600000000015
369.4610000000002
430.5300000000002
314.42900000000003
494.5440000000002
316.361
316.2960000000001
379.45300000000015
294.3140000000001
191.27799999999993
348.3190000000001
319.4050000000001
296.128
428.28600000000006
303.43100000000004
375.475
395.50300000000027
275.7789999999999
353.4440000000002
460.6250000000002
367.37700000000007
261.34999999999997
201.229
474.5610000000003
276.3359999999999
332.42500000000007
426.5230000000001
407.5360000000003
339.42
384.82300000000015
404.5360000000001
495.21500000000015
353.33800000000014
416.35900000000004
298.3860000000001
440.49600000000027
456.49500000000023
488.59200000000027
444.53200000000015
423.4910000000001
478.5010000000002
309.749
309.73400000000004
362.769
428.4700000000002
524.6400000000003
277.121
393.4910000000001
347.37100000000004
418.8810000000002
224.30399999999997
342.44300000000015
250.257
224.329
319.71399999999994
450.56000000000023
379.46000000000015
404.44400000000013
425.4880000000001
448.51900000000023
495.38000000000017
336.4170000000001
415.5110000000001
311.38100000000003
360.37700000000007
375.49800000000005
391.43100000000004
381.4320000000001
273.28799999999995
457.5920000000004
243.33500000000006
360.4140000000001
258.28499999999997
326.3040000000001
381.84100000000024
429.4980000000001
272.329
339.288
288.34700000000004
483.38400000000024
449.5760000000002
410.4340000000002
417.581
383.37900000000013
509.8970000000004
294.43
343.766
441.55000000000007
378.49400000000014
374.4180000000002
312.37200000000007
195.218
373.4970000000002
300.4020000000001
282.278
462.5240000000002
506.4510000000001
454.8950000000001
365.43300000000005
325.434
466.4600000000002
453.5030000000002
364.32300000000004
419.355
392.8860000000001
402.31400000000014
302.355
454.6550000000004
383.5170000000001
504.05200000000025
394.5440000000002
293.37
235.37099999999995
442.52400000000017
381.4980000000002
402.49400000000014
249.269
336.4420000000001
446.95600000000024
386.51700000000017
325.43000000000006
255.252
375.83700000000005
349.4750000000001
392.79900000000015
333.387
329.581
354.4060000000002
252.726
447.44400000000013
273.2629999999999
263.68
236.2899999999999
394.44900000000007
295.291
226.32
377.4000000000001
242.303
254.28900000000002
414.2880000000001
382.51400000000007
443.28300000000024
281.155
340.836
312.344
245.30700000000002
441.5050000000002
305.2460000000001
314.7320000000001
337.33500000000004
487.6470000000003
293.77900000000005
268.342
385.4680000000001
314.36600000000004
422.5540000000001
358.41500000000013
343.33500000000004
403.90600000000006
461.5090000000001
383.78700000000015
481.5960000000003
299.355
369.4860000000002
356.76500000000004
345.39500000000004
289.122
399.39400000000023
471.5570000000002
578.757
348.39000000000004
429.92900000000026
394.4960000000001
423.5130000000001
439.53700000000015
431.5140000000001
419.90900000000016
415.9900000000001
378.18200000000013
394.46000000000026
382.46000000000015
321.295
338.36300000000006
372.49700000000007
377.4650000000001
298.34600000000006
415.55900000000014
229.07000000000005
519.6010000000002
419.5060000000002
314.21999999999997
323.3960000000001
428.2460000000001
480.5840000000003
285.32099999999997
441.55300000000017
512.4260000000002
514.9660000000002
371.31500000000005
494.63600000000054
409.4170000000002
198.29099999999997
394.58100000000024
414.48100000000017
374.4370000000001
275.73900000000003
556.4350000000002
324.40900000000005
418.99300000000017
252.31699999999998
468.5530000000002
472.58500000000026
281.82700000000006
271.75100000000003
295.3640000000001
403.5480000000003
388.4010000000001
509.45200000000017
306.39099999999996
273.33200000000005
262.334
330.84
380.44400000000013
360.3910000000002
530.5780000000002
407.4480000000002
226.16299999999998
416.5250000000002
350.8270000000001
392.5000000000001
507.87400000000014
459.5240000000003
270.115
366.3690000000001
486.5690000000003
356.0360000000001
391.4450000000002
335.7910000000002
343.35800000000006
321.38000000000005
417.46200000000016
410.5360000000003
304.777
383.48800000000017
395.48400000000004
494.54800000000023
473.5580000000002
441.35500000000013
393.4870000000001
383.38200000000006
364.46700000000016
385.48900000000026
380.49100000000027
369.42100000000005
408.545
280.331
449.5290000000004
285.30300000000005
415.54000000000025
471.0250000000002
392.4520000000002
526.4530000000002
431.53600000000034
325.41200000000003
386.45200000000006
404.86900000000026
318.4020000000001
367.367
369.42100000000016
351.41300000000007
496.40800000000024
350.4180000000001
411.7670000000001
396.49400000000026
488.97100000000034
211.353
355.173
247.29399999999998
278.69500000000005
536.0750000000003
267.19699999999995
450.92200000000014
379.8030000000001
352.39000000000004
354.41300000000007
294.30600000000004
358.7850000000001
386.43300000000005
336.3910000000001
413.5220000000002
336.43600000000004
230.242
303.159
333.3910000000001
399.47200000000015
437.4470000000002
474.5650000000002
308.4030000000001
295.42599999999993
494.61700000000036
305.33400000000006
311.37800000000004
473.9860000000002
336.46100000000007
369.42500000000007
411.5090000000001
331.43700000000007
482.94200000000023
276.29200000000003
323.39500000000004
336.4460000000001
236.65800000000002
437.5430000000001
329.45000000000005
333.77100000000013
286.291
247.25
321.288
417.50200000000024
517.6340000000002
489.53100000000023
346.43700000000007
327.4490000000001
367.4010000000001
397.4310000000001
484.56300000000033
345.4140000000002
201.25100000000003
384.48000000000013
407.38800000000015
356.4910000000001
353.4440000000002
481.61800000000034
352.3710000000001
232.23899999999995
474.4730000000002
276.31700000000006
382.41600000000017
323.73199999999997
360.8660000000001
455.3780000000001
362.41500000000013
304.321
463.53000000000037
222.28800000000004
370.40900000000005
416.54700000000025
351.4020000000001
287.3620000000001
351.4500000000001
391.8800000000003
467.99400000000014
529.5660000000001
555.0600000000002
228.251
479.3200000000004
459.5240000000002
341.802
344.43600000000004
322.41100000000006
270.33200000000005
445.36100000000016
224.32899999999995
297.2890000000001
342.75400000000013
308.79
526.4530000000002
339.35100000000017
233.31099999999995
275.101
416.4340000000002
304.84600000000006
482.5800000000002
415.4930000000001
334.354
397.5440000000002
342.31500000000017
391.49700000000007
532.7250000000003
279.344
530.5620000000002
254.67299999999997
341.40700000000015
376.48200000000014
258.3169999999999
490.6480000000003
189.21400000000003
446.5100000000001
455.25400000000013
520.0290000000003
221.26000000000002
338.7550000000001
287.35600000000005
291.307
491.5000000000002
216.28
428.53300000000013
433.45700000000016
448.42600000000016
277.4079999999999
271.276
441.5970000000002
409.4860000000003
518.7050000000004
264.20599999999996
443.5510000000002
373.2060000000001
418.90900000000016
426.66500000000025
406.52900000000034
237.32800000000003
391.4710000000002
312.442
325.36400000000003
369.67599999999993
372.4760000000001
395.5030000000002
247.301
492.4880000000002
467.59100000000035
425.5540000000001
379.40299999999996
338.473
304.37100000000004
357.45000000000016
460.60000000000036
337.81000000000006
405.8340000000002
409.57700000000017
371.9340000000001
381.39500000000004
336.3910000000001
371.4870000000001
421.4780000000001
450.5350000000003
486.2380000000001
406.8760000000001
379.2350000000002
464.54700000000037
430.4820000000003
456.0080000000003
230.22299999999998
372.49400000000014
371.3890000000001
494.5800000000002
295.37100000000004
418.5150000000003
330.34400000000016
432.5490000000001
315.332
289.375
428.5350000000001
276.25600000000003
279.72700000000003
214.224
387.50500000000005
455.5000000000003
269.22999999999996
288.37600000000003
368.3720000000001
425.4040000000001
439.53700000000026
498.6490000000003
438.5490000000001
309.84299999999996
362.45400000000006
399.27700000000016
406.8910000000002
369.49000000000024
329.2530000000001
405.42900000000014
383.5170000000002
398.81200000000007
413.4360000000001
465.47500000000014
298.258
364.82200000000006
199.27800000000002
300.3620000000001
389.24900000000014
295.368
304.77700000000004
447.5380000000003
286.419
305.399
478.4170000000002
371.44100000000003
380.4920000000003
381.39200000000005
197.18999999999997
436.51100000000014
443.50300000000027
296.33000000000004
370.4270000000002
309.40900000000005
394.3800000000001
294.788
372.4460000000002
362.34100000000007
487.6230000000002
442.49300000000017
408.4580000000003
321.72
330.2960000000001
356.3590000000001
412.5110000000002
327.4090000000001
446.5250000000002
200.19700000000003
389.4480000000001
353.33800000000014
408.4720000000001
330.306
356.44700000000006
498.5830000000003
412.2980000000002
572.7280000000005
354.53800000000007
410.47400000000016
347.34000000000003
346.50200000000007
446.5880000000002
297.749
384.8480000000001
429.5420000000002
345.3550000000001
395.4840000000001
317.772
386.398
296.41100000000006
352.3500000000001
426.4690000000003
426.44800000000015
295.3450000000001
358.7890000000002
267.672
258.365
323.35200000000003
292.3380000000001
245.16000000000003
403.3910000000001
318.33600000000007
499.04000000000025
517.6670000000003
385.4670000000001
469.67000000000047
303.377
434.5180000000002
357.88500000000016
364.4450000000001
338.314
304.393
451.54500000000036
314.3910000000001
475.93200000000024
298.342
467.5510000000004
368.3410000000001
488.65400000000045
348.358
374.4290000000001
354.15999999999997
349.184
297.745
435.2990000000001
354.3810000000001
378.8059999999999
460.0240000000001
414.89300000000014
300.22099999999995
413.4400000000002
431.49200000000025
358.4630000000001
478.6140000000002
435.5240000000003
401.4180000000001
310.4410000000001
371.4400000000001
423.4180000000002
459.3800000000001
444.58200000000016
408.4320000000002
315.657
356.4300000000001
488.6580000000003
445.93200000000024
286.287
439.4630000000001
360.4350000000001
431.5140000000002
340.3350000000001
489.5280000000003
353.37900000000025
344.392
294.4380000000001
350.41800000000006
339.4390000000001
453.4510000000003
278.78300000000013
530.6250000000003
342.3550000000001
305.4030000000001
457.5520000000002
406.414
351.40600000000006
299.765
398.55100000000016
460.53700000000026
315.4170000000001
342.4870000000002
293.41
368.79400000000015
464.5840000000003
413.4740000000001
395.5030000000001
380.5130000000001
453.55700000000013
282.29900000000004
255.42699999999996
523.6120000000003
374.50600000000014
260.3809999999999
405.4980000000002
425.46000000000004
273.313
360.45700000000016
389.33800000000014
330.409
324.40900000000005
482.6280000000003
332.4110000000001
371.3490000000001
314.40700000000004
453.9440000000001
303.387
340.46700000000016
372.29200000000003
409.5340000000002
416.4770000000001
391.92400000000015
346.86200000000014
281.315
391.22100000000006
263.34899999999993
316.401
366.288
403.4600000000001
415.35600000000017
303.446
317.41799999999995
471.6230000000002
418.4320000000001
371.16200000000003
431.5610000000004
416.4810000000002
496.5680000000002
376.909
416.5250000000002
381.4570000000001
489.4750000000001
428.53200000000015
459.4980000000003
499.54500000000024
467.5980000000002
317.2720000000001
361.261
337.3450000000001
259.284
425.51800000000026
416.6110000000001
421.8840000000001
430.53600000000006
436.4890000000002
267.35400000000004
341.3710000000001
450.49100000000016
480.5460000000003
347.85200000000003
365.3890000000001
371.5310000000002
384.4130000000001
248.71300000000002
270.329
301.39300000000003
260.289
419.51000000000016
326.7800000000001
493.6320000000003
319.382
387.41700000000014
308.293
491.61300000000017
249.31300000000002
425.5250000000003
380.5360000000002
392.48000000000013
384.4830000000001
350.42200000000014
375.4530000000001
338.8340000000001
420.4650000000002
368.4580000000001
474.3950000000002
414.4570000000002
382.42400000000015
325.34700000000004
379.36300000000006
271.3639999999999
464.50300000000016
372.4750000000001
253.714
383.1980000000001
432.5960000000001
221.281
421.9970000000001
324.38000000000005
209.17599999999996
257.264
319.361
236.27799999999996
387.5050000000001
319.426
214.29300000000003
405.4720000000001
346.427
360.4540000000002
415.51500000000027
488.58800000000036
296.798
284.384
493.41600000000045
283.396
461.5840000000001
422.46000000000015
265.316
238.29
406.3940000000001
493.5200000000002
485.65000000000026
365.4510000000001
354.57900000000006
484.5340000000002
298.367
496.5490000000002
440.9310000000004
393.50900000000024
351.3880000000001
431.6210000000004
337.42700000000013
369.4210000000002
216.166
381.3930000000001
291.2710000000001
330.2360000000001
221.29999999999995
298.7729999999999