43
52
59
44
51
35
39
35
65
50
32
28
49
65
54
39
63
33
36
46
33
35
30
54
32
50
19
48
44
46
49
36
57
32
49
41
43
42
46
48
60
39
59
54
62
47
35
49
44
54
28
48
43
47
66
40
43
57
39
38
27
42
54
38
44
37
37
34
57
35
50
25
39
43
40
41
50
50
43
65
63
32
70
37
36
42
52
60
34
40
36
49
42
42
33
46
36
51
46
43
41
34
32
29
36
48
52
61
53
49
39
65
32
41
34
41
46
39
35
34
47
43
31
68
44
46
27
61
35
41
43
43
22
42
45
24
46
49
58
22
40
45
39
46
23
50
38
31
57
56
40
33
47
35
46
43
37
30
37
45
61
33
45
40
50
44
61
52
32
50
53
50
61
54
42
44
49
30
43
26
48
24
30
33
23
49
38
27
42
38
53
58
30
59
37
39
50
44
47
28
49
57
32
63
32
49
43
58
55
29
49
47
40
33
61
46
36
43
45
44
32
38
45
41
34
46
42
40
41
35
44
31
41
34
28
37
59
47
39
42
56
35
49
45
57
44
27
31
33
43
51
43
36
39
59
59
35
40
45
56
60
67
30
39
58
45
32
40
41
48
34
50
47
42
46
39
36
56
50
35
50
37
68
44
39
51
40
25
46
47
43
42
46
49
51
62
34
28
57
34
34
43
23
27
32
33
52
46
31
52
54
36
58
49
43
46
56
49
45
48
58
74
26
37
58
63
43
28
35
33
65
40
33
30
17
48
53
51
30
35
41
56
44
29
47
27
47
36
42
53
49
33
28
34
39
48
28
46
50
60
45
40
44
48
44
44
55
24
50
37
48
45
47
33
36
55
31
45
35
32
36
45
47
48
41
42
58
37
28
38
40
28
37
48
39
41
46
58
46
35
38
45
48
49
45
55
27
41
37
29
32
60
22
41
21
32
29
47
32
49
32
46
46
36
57
44
43
37
43
31
44
53
41
51
44
42
35
37
44
38
42
42
37
34
44
35
55
40
57
41
33
50
63
40
59
28
35
54
70
22
30
34
45
24
30
39
38
40
48
31
46
47
33
52
35
55
40
36
37
44
56
47
30
35
51
45
38
44
42
51
41
47
32
53
43
46
41
35
43
39
55
35
25
44
40
49
50
42
38
54
44
35
26
34
48
49
34
50
49
42
48
55
26
42
44
44
54
40
54
40
43
45
34
22
47
39
26
49
36
44
45
30
40
55
39
27
25
58
32
40
44
48
38
41
50
45
54
51
43
55
61
60
56
50
62
31
39
44
54
68
31
45
38
51
27
41
32
22
36
47
46
50
51
57
53
39
55
36
42
39
44
45
38
51
26
43
30
43
44
50
31
43
28
52
52
44
45
47
50
26
43
57
44
46
37
25
47
40
35
55
50
52
46
36
59
54
46
42
48
42
35
51
45
60
39
35
30
54
43
46
30
36
58
45
41
26
42
40
44
43
27
41
27
57
30
34
26
46
36
22
48
27
32
44
42
45
35
33
37
25
48
43
34
42
59
30
34
43
36
51
43
39
43
56
47
58
31
43
45
45
36
45
57
67
43
49
46
50
54
49
47
44
44
47
42
39
39
42
45
34
52
25
62
51
34
38
44
61
34
54
54
62
45
54
52
22
46
51
48
28
56
39
44
28
60
57
28
34
43
45
46
50
34
30
27
38
44
45
66
50
28
53
39
48
59
58
26
44
60
45
42
37
41
43
52
47
34
41
47
64
55
54
45
52
47
45
42
41
47
34
50
31
45
53
47
55
52
35
44
47
37
46
40
41
53
47
53
43
58
24
42
29
36
64
35
54
48
45
43
35
41
47
42
52
44
24
28
40
49
51
55
38
33
61
46
41
57
37
45
47
35
56
35
39
34
27
55
34
36
34
31
41
45
62
69
39
34
43
47
55
40
23
47
51
40
36
58
45
32
64
39
48
39
41
44
46
32
56
26
43
45
45
33
42
49
54
65
65
24
58
56
36
40
37
27
44
22
37
38
37
55
40
29
25
53
29
61
51
42
45
48
46
66
35
73
38
40
47
32
60
20
55
55
58
24
42
31
36
66
26
49
59
56
28
38
50
45
65
29
54
39
48
52
46
22
47
39
39
35
42
46
31
64
62
53
49
40
33
48
57
38
52
50
40
51
40
44
55
51
65
51
36
53
47
56
24
45
48
67
33
50
46
48
38
29
49
36
28
25
48
54
32
31
53
70
56
61
50
28
40
41
47
44
43
46
40
46
49
55
50
43
22
32
38
27
38
53
34
36
69
46
40
47
25
50
59
33
43
36
54
29
44
51
56
55
49
34
45
41
48
36
53
25
47
52
47
37
41
61
46
68
39
49
41
32
50
33
42
52
37
48
33
47
32
47
48
55
30
42
39
30
36
35
32
51
40
56
65
46
57
30
54
40
44
39
31
55
35
59
36
57
44
60
41
40
41
43
32
45
42
42
47
52
25
49
56
42
62
54
46
35
44
53
48
51
51
36
36
56
49
37
52
46
48
44
61
43
39
32
39
40
55
32
66
49
34
55
48
43
35
49
59
35
40
31
43
59
48
43
43
60
33
30
64
41
27
55
48
33
40
40
40
37
58
38
52
36
53
36
32
34
47
50
39
37
35
38
31
36
34
49
46
33
34
55
51
37
53
51
62
41
53
46
60
54
59
67
54
37
37
41
32
49
45
51
54
53
33
43
58
57
37
46
43
44
29
30
34
30
47
34
56
35
48
43
59
30
53
44
44
49
42
41
41
47
43
46
54
46
37
41
34
57
44
23
42
48
25
44
34
26
31
44
31
43
36
25
48
40
43
46
61
36
32
58
31
53
51
32
24
50
62
58
46
43
58
32
62
48
49
51
53
45
42
28
48
31
29
23
33