37.27
71.74
109.65999999999998
75.71000000000001
125.2
54.620000000000005
85.94
52.06
116.84999999999997
69.72
140.82
65.69
72.24
81.13
131.10999999999999
92.26
101.55
33.370000000000005
92.16000000000001
67.79
66.38
71.09
58.620000000000005
86.78999999999999
61.040000000000006
60.68000000000001
29.54
67.08000000000001
53.459999999999994
79.37
99.0
49.09
84.5
68.29
86.92000000000002
62.550000000000004
91.93
99.00000000000001
93.38
78.42999999999999
85.95
76.15
76.24000000000001
122.88000000000002
152.93
126.73000000000002
24.39
59.81
53.010000000000005
63.449999999999996
69.39
55.510000000000005
88.91
62.72
55.63
78.25
32.78
87.78999999999999
89.02000000000001
46.61
43.07
49.410000000000004
86.22000000000001
81.81
72.37
79.62
82.45
120.32000000000001
52.33
16.130000000000003
82.97
57.38000000000001
105.36
50.160000000000004
76.14
30.03000000000001
98.83
82.14
53.75
95.47
115.88999999999999
46.17
109.77
49.410000000000004
52.31
40.43000000000001
71.33000000000001
140.52999999999997
38.769999999999996
76.35
17.3
88.08
85.59
105.48
75.63
71.06000000000002
77.25
94.16999999999999
57.230000000000004
93.36999999999999
90.63
66.48
69.62
64.19999999999999
80.12
64.99000000000001
67.67
95.38
111.42999999999998
49.410000000000004
52.650000000000006
143.92999999999998
45.78
83.68
70.67
102.44000000000001
88.62
88.41999999999999
55.24
55.11
89.52000000000001
75.27
51.22
104.03000000000002
146.53000000000003
84.94
65.97999999999999
132.05999999999997
63.39000000000001
93.89
70.00999999999999
77.25
46.53
66.04
111.49
44.120000000000005
72.19
168.97000000000003
91.56
53.6
101.64
104.37
86.71000000000001
70.5
52.89
133.39
54.02
48.03
97.30000000000001
89.77
71.09
58.64
75.93
43.6
74.27
106.62
74.23
49.33
60.69
80.76
91.35999999999999
66.48
57.690000000000005
74.76
79.62
83.55000000000001
108.97000000000001
104.62
63.83
96.59
92.33
54.34
66.48
94.09
88.0
105.56
93.89
78.1
83.21000000000001
56.22
75.42
20.23
86.69
63.68
55.04
62.32000000000001
29.96
54.88
88.33
64.01
69.72
63.68
99.74
146.57
126.33
80.4
79.37
67.49000000000001
27.63
30.21
84.78
97.6
77.23
75.02000000000001
38.33
28.8
59.08000000000001
101.49
127.64000000000001
34.59
59.81
84.5
84.5
150.76999999999998
105.4
81.91
52.31
68.50999999999999
94.17
98.75
64.63
58.2
79.12
82.08000000000001
32.34
65.28
84.5
35.940000000000005
35.580000000000005
81.17999999999999
54.69
59.81
75.71000000000001
117.42
29.1
92.41
58.440000000000005
78.51
56.74
59.39
64.59
51.22
91.16000000000001
83.98
80.48
97.64
37.28
55.13
25.78
80.75
81.5
112.14
91.22
76.83
97.71000000000001
39.92
29.54
71.53
69.04
92.36999999999999
104.37
57.690000000000005
57.78
87.24
60.93000000000001
46.61000000000001
41.57000000000001
72.48
44.7
71.33
77.25
99.5
72.80000000000001
46.64
79.58
68.00999999999999
70.71000000000001
98.82
106.14000000000001
35.580000000000005
77.1
36.69
91.71999999999998
46.92
69.03999999999999
75.81
65.7
79.65
87.31999999999998
75.92000000000002
67.87
67.43
58.120000000000005
69.15
69.72
123.91999999999999
68.28999999999999
37.38
66.92
48.010000000000005
83.29
49.85
12.47
50.95
20.310000000000002
61.56
102.41
77.73
68.54
97.83
92.78999999999999
69.89
106.82
81.51
86.94000000000001
73.22
143.81
81.43
75.43
84.94
96.69
160.26999999999998
43.09
61.83000000000001
103.35000000000001
96.76
80.97
62.06
33.120000000000005
73.39
76.67
64.80000000000001
64.24
49.410000000000004
26.3
110.60999999999999
132.68
49.85000000000001
58.2
91.93
66.89
102.45000000000002
87.76
94.03
92.77999999999999
26.3
71.53
83.47
112.86000000000001
58.64
77.25
41.57
84.06
123.62
56.74
75.27
33.2
36.440000000000005
80.97999999999999
87.38
95.94000000000001
84.67
46.260000000000005
85.61000000000001
84.71000000000001
92.47
114.90000000000002
41.99
73.57000000000001
58.2
107.19999999999999
65.79
114.62000000000002
110.0
38.33
65.54
53.75
50.27
33.09
35.53
54.120000000000005
117.52
65.74000000000001
94.83999999999999
54.71000000000001
57.010000000000005
84.25000000000001
60.85000000000001
50.95
69.9
110.87
49.33
63.13
31.35
55.73
61.440000000000005
89.80000000000001
103.39999999999999
48.41000000000001
85.83
56.260000000000005
80.75
76.24
91.49
67.79
75.27
55.980000000000004
68.54
64.43
50.17
63.83
77.73
45.150000000000006
93.73
58.56
74.85
71.09
104.97000000000001
38.33
60.92
62.12
38.56
107.96
41.99
68.58000000000001
64.74000000000001
76.11999999999999
46.09
7.12
71.09
107.77000000000001
101.25999999999999
78.87
70.58000000000001
60.85
88.52
58.64
71.35
41.8
51.22
65.38000000000001
49.85000000000001
55.21
38.92
84.5
68.06
182.56
48.910000000000004
78.0
82.11
63.25
89.42
131.54000000000002
99.41
112.22999999999999
87.99000000000001
47.56
108.38
92.16
43.07
41.99
56.790000000000006
96.97000000000001
43.08
48.38
40.620000000000005
67.43
67.49
98.54
80.9
111.64
69.67
78.87
72.91000000000001
87.22
92.93
66.65
32.78
29.540000000000003
55.45
88.18
99.03
58.900000000000006
38.33
112.66000000000001
82.14
80.37
72.19
82.73
63.57
79.26
46.400000000000006
52.81
69.72
62.620000000000005
61.650000000000006
107.99000000000001
53.33
73.22
125.19
114.47999999999999
69.03999999999999
55.37
81.42999999999999
63.99
95.12000000000002
107.60999999999999
46.92
45.980000000000004
107.88000000000002
64.68
69.67
22.0
73.58
110.80000000000001
84.5
85.95
57.38000000000001
101.74000000000001
49.410000000000004
87.74
106.60999999999999
52.82000000000001
63.99
87.94999999999999
56.790000000000006
102.31000000000002
36.690000000000005
106.56000000000002
107.11000000000001
97.07
74.30000000000001
83.97999999999999
32.5
165.53
78.51
72.7
66.73
53.49
89.02
61.88000000000001
16.380000000000003
63.27000000000001
74.57000000000001
71.62
39.94
35.91
104.54
58.64
58.970000000000006
81.35000000000001
86.78999999999999
88.24000000000001
88.74
93.57
52.650000000000006
132.98000000000002
93.21
73.94
86.66000000000001
138.85
77.53
116.06000000000002
135.38000000000002
94.55999999999999
42.24
84.6
98.54
114.20000000000002
98.31
38.96
79.6
81.16
116.31
55.13
76.02000000000001
73.98
33.29
44.370000000000005
69.68
84.22
98.81999999999998
144.66
84.16
113.33000000000001
85.26
83.91
40.05
107.84
72.28
86.28
82.45
63.68
73.86
50.08
85.91
119.28
85.97000000000001
88.6
106.09
61.36
38.33
27.05
76.15
80.32
104.38000000000001
62.300000000000004
96.44000000000001
52.57000000000001
50.7
55.84
39.34
71.78
106.77
35.010000000000005
83.55
63.91
49.410000000000004
59.81
122.41000000000001
100.35000000000001
116.72999999999999
62.21
54.88
87.38000000000001
130.82
73.13
89.25999999999999
51.22
79.46000000000001
70.59
49.85
55.29
86.78999999999999
43.18000000000001
46.92
23.47
80.75999999999999
87.74000000000001
58.64
38.66
62.89
74.76
49.85
63.68
50.42
85.09
69.31
103.72000000000001
48.300000000000004
54.27
60.03
41.99
159.94999999999996
47.89
55.730000000000004
32.34
132.14000000000001
90.92999999999999
24.06
86.81
38.92
57.42
55.4
69.88
95.98
33.120000000000005
80.03999999999999
52.900000000000006
54.35
94.83999999999999
124.57
80.05000000000001
93.79
78.0
54.88
61.82
63.050000000000004
64.36
76.02000000000001
53.99000000000001
85.30000000000001
59.0
71.09
88.74
136.82
71.09
55.4
75.71000000000001
65.07000000000001
71.63
66.74000000000001
55.32
128.28
49.410000000000004
74.08
59.92
78.94999999999999
99.60000000000001
107.47999999999999
71.11000000000001
48.13
93.83
105.72000000000001
67.87
51.91000000000001
81.42000000000002
92.26
51.47
61.940000000000005
60.93000000000001
53.6
139.89999999999998
92.08
37.190000000000005
52.65
91.49000000000001
82.61
92.7
80.64000000000001
100.04
105.4
90.28999999999999
84.86
77.69
32.34
75.27000000000001
90.54
114.95
54.02
123.27
66.91
75.27
30.96
75.71000000000001
70.08000000000001
21.259999999999998
30.19
84.27000000000001
69.72
125.82
67.46
100.27
29.1
62.22
38.92
66.15
107.72
154.61999999999998
106.94
77.49
74.13
82.45
72.19
114.9
114.04
42.24
82.81
102.19999999999999
55.5
75.25000000000001
77.25
65.38
52.980000000000004
113.26
84.94000000000001
51.22
59.0
78.84
90.35999999999999
110.00000000000001
75.71000000000001
63.57000000000001
131.99
88.26
64.55000000000001
75.71000000000001
79.9
82.36
59.290000000000006
98.69000000000001
94.81
72.27
93.19999999999999
85.38000000000001
100.04
71.5
53.6
97.56
55.57
67.35000000000001
33.120000000000005
74.61
113.08000000000001
106.5
60.660000000000004
78.51
101.49
130.08
18.84
73.58000000000001
59.31
65.27
118.47999999999999
29.1
67.87
80.32
81.31
66.91
55.760000000000005
78.27
114.19
71.19
96.81
93.57
41.99
42.32
60.050000000000004
92.51
70.59
84.11
57.690000000000005
21.259999999999998
67.25000000000001
95.71000000000001
60.77000000000001
96.66
83.98
83.08000000000001
63.050000000000004
46.61000000000001
111.24000000000001
87.99000000000001
29.96
82.0
55.12
119.30000000000001
47.78
56.790000000000006
82.18
63.68
87.82
77.46000000000001
68.70000000000002
145.04000000000002
77.74000000000001
29.54
66.76
103.54
124.07999999999998
55.730000000000004
62.300000000000004
72.96000000000001
81.78000000000002
40.620000000000005
73.34
90.04
79.2
69.97
135.51
72.24
92.81
99.76
24.940000000000005
114.18
121.03999999999999
41.13
105.83999999999999
64.52
97.97
94.56000000000002
66.84
29.1
61.440000000000005
71.75
69.72
104.60999999999999
118.66000000000001
51.22
103.17000000000002
105.24999999999999
64.86
58.64
89.25999999999999
25.78
64.68
46.010000000000005
52.96
84.5
72.52
100.04
85.61000000000001
46.17
30.21
139.48
24.06
63.4
67.6
70.71000000000001
49.17
128.98000000000002
90.21000000000001
66.92
84.71000000000001
147.51
69.17
56.790000000000006
84.3
35.53
56.33000000000001
48.39
76.47
123.9
81.71000000000001
38.67
139.23000000000002
81.70000000000002
110.52000000000001
129.36
37.3
71.26
128.23
101.03999999999999
21.700000000000003
77.63
69.72
79.12
112.81
46.010000000000005
81.81
75.32
52.18
18.46
75.71
70.97
67.6
52.54
57.650000000000006
59.59
67.66
54.040000000000006
38.67
138.33
108.13
76.30000000000001
64.63000000000001
57.690000000000005
63.5
68.54
75.09
68.00999999999999
94.91000000000003
65.37
52.65
94.38
62.660000000000004
71.42
89.76999999999998
77.07000000000001
149.86
98.02000000000001
59.59
97.67000000000002
85.07000000000002
86.79
61.31
72.68
109.75000000000001
107.67000000000002
55.96
84.94
92.72
61.08
68.02000000000001
29.1
78.87
100.74
70.14
52.08
79.37
126.46
67.93
62.45
90.50000000000001
126.99000000000001
75.88
91.72
75.71000000000001
20.310000000000002
54.6
58.2
83.55000000000001
59.91
61.77
65.38
57.01
32.78
67.79
63.25
111.0
127.40000000000002
26.02
76.88
67.42999999999999
85.84
61.96
97.83
23.550000000000004
55.4
180.88
105.57
79.11
119.23
103.78000000000002
107.73
80.23
83.45
75.71000000000001
29.54
129.77
41.99
76.66000000000001
90.7
79.95
97.13000000000001
81.76
90.41
107.77000000000001
83.68
76.66000000000001
75.11
102.01
63.08
63.68
132.98000000000002
99.13000000000001
58.64
61.190000000000005
74.35
72.39
128.28
23.550000000000004
99.77000000000001
56.92
27.05
68.31
67.93
72.95
95.58000000000001
72.48
76.12
47.56
58.64
66.48
98.76
94.17
87.63999999999999
73.34
85.90999999999998
84.6
34.03
77.25
53.33
67.49000000000001
161.07
72.95
75.74000000000001
133.82999999999998
54.46
69.72
21.700000000000003
113.62
35.580000000000005
58.97
80.89999999999999
34.15
100.36999999999999
51.22
90.29
62.550000000000004
113.4
92.03999999999999
91.72
74.45
82.52
87.25999999999999
72.24
53.49
89.27
42.010000000000005
49.410000000000004
45.67
85.99000000000001
21.59
71.53
88.48
66.48
83.55000000000001
90.27
77.77
15.71
78.27000000000001
134.3
104.21000000000001
82.60999999999999
103.39999999999999
30.19
86.11999999999999
82.11000000000001
90.63
126.64
85.84
75.71000000000001
104.81
90.51
118.92000000000002
97.18999999999998
82.29
68.28
62.66000000000001
44.81
115.76
23.550000000000004
97.23
110.30999999999999
61.77
100.88
79.53
82.86
48.0
56.75000000000001
141.21999999999997
54.34
50.160000000000004
12.47
78.9
101.06
79.37
71.53
49.410000000000004
37.38
64.35
20.310000000000002
154.30999999999997
67.43
24.5
74.43
83.92000000000002
56.24
45.480000000000004
47.56
66.48
60.67
47.10000000000001
60.040000000000006
127.63000000000001
84.50000000000001
79.12
71.42
33.730000000000004
29.1
62.11
142.03
30.19
48.470000000000006
67.00999999999999
69.15
74.41
66.65
21.700000000000003
121.53000000000002
32.34
38.33
72.7
86.78999999999999
108.7
70.30000000000001
77.98000000000002
78.27
106.15
49.410000000000004
50.60000000000001
70.58000000000001
95.58
55.650000000000006
75.99000000000001
128.08
118.29
78.63000000000001
66.48
38.25
47.370000000000005
88.53
68.28
80.32000000000001
95.16
103.78000000000002
49.620000000000005
116.15
85.24000000000001
92.28
54.88
79.79
45.230000000000004
89.80000000000001
41.46
95.5
37.28
48.67
75.66000000000001
59.08
105.66999999999999
75.96
89.79
82.33
95.58000000000001
22.0
83.94000000000001
54.18
51.129999999999995
59.81
79.11
60.92
26.3
77.10000000000001
67.43
67.79
65.74000000000001
128.07
67.94
84.67
39.07
119.38999999999999
83.98
54.02
77.10000000000001
74.66
46.17
29.33
56.510000000000005
66.49000000000001
46.17
107.82000000000002
43.6
71.62
46.61000000000001
36.68
98.76999999999998
49.410000000000004
84.5
88.69000000000001
104.54
58.2
53.22
95.16
20.310000000000002
96.97000000000001
81.91000000000001
49.03
45.15
117.86999999999999
115.95000000000002
104.37
76.82
40.620000000000005
129.1
55.13
145.63
76.46000000000001
86.78999999999999
123.04000000000002
70.67
72.7
59.230000000000004
54.46
194.65999999999997
143.53
42.24
38.33
44.1