-0.16440894166979397
-0.265149348671634
-0.40453466323836745
-0.21972387451467
-0.17038364627462174
-0.30373789482868946
-0.201682930015903
-0.3321050034036809
-0.21795815328545343
-0.2203074723649479
-0.25140843947669045
-0.22892738977130206
-0.31701942749168666
-0.18863749299799779
-0.3195137645474729
-0.24250606146289175
-0.18226518237064135
-0.17695276725655695
-0.3972138954642362
-0.24646882697328004
-0.2650161008740256
-0.20759417472841363
-0.2611683785312086
-0.36795927035999637
-0.34751160821542726
-0.20632099589827546
-0.13801565111269554
-0.22106312975464693
-0.19389724251067536
-0.26778033829156445
-0.49420715418287847
-0.24850743342627576
-0.3198877994542684
-0.2575215602922542
-0.22607427889953507
-0.23040622651545278
-0.1686019220700845
-0.2876923566513453
-0.2026023358841884
-0.1854633806529259
-0.13320319720602214
-0.22482766666621223
-0.19892819096738523
-0.22342243584339408
-0.17311957099796638
-0.2092809312640746
-0.2459739755751266
-0.2986483975213666
-0.2294580546449448
-0.19006942465188917
-0.2203290256109606
-0.3721936696393558
-0.2593956149993008
-0.21519350090592881
-0.30354965529022593
-0.20997363961900414
-0.17597004636931965
-0.2874199310568064
-0.273109980753158
-0.2789830061985413
-0.28103568722175704
-0.18706857394160775
-0.22268096901626888
-0.13562105097221888
-0.41580218569207694
-0.19415618214085556
-0.2619858633715323
-0.24436041081154497
-0.29232778435902845
-0.2663639894441408
-0.24150674876347208
-0.17942476519596254
-0.129142995980647
-0.26738143578628765
-0.17684646334539061
-0.3160620990763294
-0.3229954082381643
-0.21941720993752895
-0.3287181402585904
-0.34787713175500795
-0.1942117869684584
-0.26329691215280315
-0.25655303857511336
-0.19096302640856114
-0.349209728996862
-0.2686225709749117
-0.23190181871733942
-0.24679357894600193
-0.456006227115564
-0.29246771598269716
-0.2386216793819181
-0.22687559204933141
-0.22474940660483111
-0.25194300261497454
-0.4930755960786691
-0.27213042066503956
-0.2633500378088445
-0.31245335814816805
-0.2281829565061931
-0.24086692534211743
-0.2664151357290892
-0.19938688965776571
-0.248120618618415
-0.2605341759049416
-0.24310788404955502
-0.23487786877235667
-0.6515239787459188
-0.1404010940017397
-0.36038094869048254
-0.12867370276290302
-0.2764122536428886
-0.1656229288603624
-0.17852698012954704
-0.19382129719526486
-0.2006655506305709
-0.26887815126268083
-0.3800695416636055
-0.26281947043611104
-0.2657859036164309
-0.25189726153610387
-0.2131704351743085
-0.25054865230425133
-0.22289600489305172
-0.47506972792590124
-0.18379272022565876
-0.30326890344131796
-0.22559035387415433
-0.27590746175385067
-0.21361419320837172
-0.3009889262283296
-0.37330410368003736
-0.30420765269551314
-0.2849927063772128
-0.30324992643151444
-0.35888053704292133
-0.14143146819206157
-0.30898028199444433
-0.36219889772133357
-0.27017236780610276
-0.23247794999607052
-0.3841489443087279
-0.2710147824492593
-0.1818429532543672
-0.2832712882054102
-0.18235381212918847
-0.2503545210778455
-0.15218735431133407
-0.352816759776299
-0.27831998434101024
-0.3509300998489909
-0.1722962889846746
-0.2338380946424329
-0.38644704395659346
-0.18213180187679678
-0.4108754457108315
-0.21117823710117165
-0.15774553436560382
-0.2828276511474542
-0.30477265621257527
-0.17547803815461382
-0.24417405579755172
-0.20630301277255683
-0.15728405533556505
-0.18376357070751545
-0.17978331292116617
-0.1641440130400695
-0.1484619738364851
-0.3601030738085855
-0.17097559801176224
-0.2269252166110568
-0.2335853587367291
-0.2226192838345354
-0.20542427341319588
-0.3250028577406116
-0.2562920699372866
-0.2379823087893366
-0.2883989141587904
-0.3989116116426556
-0.21396614617150142
-0.16917119403458122
-0.21699260900756473
-0.21239049595365328
-0.2194943614921292
-0.3473371467329741
-0.21534408374342115
-0.24229468873095356
-0.28572211745647685
-0.1903633306996922
-0.2789991334943417
-0.29924735029194516
-0.2738693937691013
-0.28062829310656145
-0.19123080912212378
-0.312955574677192
-0.4310433126136724
-0.26258649455496946
-0.1860230854751541
-0.47991533129567704
-0.27214434594708053
-0.22444498129386437
-0.3310876915376042
-0.18135184407162375
-0.21469850693831308
-0.15633600475912104
-0.22478158166324888
-0.2943658164242498
-0.30444996573201344
-0.24353153274435446
-0.38239397019741
-0.3163402640355031
-0.27019087324647967
-0.2656243991312373
-0.2511870968460727
-0.2929034727572359
-0.21308538390782852
-0.2559902549714189
-0.2579539826685246
-0.2128921625433975
-0.20979708906060215
-0.17687875053057825
-0.22896777842134547
-0.2300659724670613
-0.2910788774692209
-0.24659999879640965
-0.2986254532758059
-0.3636289003462783
-0.3055148282784397
-0.21906820202130936
-0.1982782658443881
-0.39619889291813026
-0.34531195748195387
-0.2175853432714508
-0.23998148839502556
-0.1804192173826121
-0.24430711685086912
-0.1543399470502994
-0.296379668573714
-0.2055375376104092
-0.18943818767293516
-0.2668384554707369
-0.2644496428287024
-0.2564429282955762
-0.19106731944244734
-0.4212120408594196
-0.20399089252155617
-0.3809923366628804
-0.17266909653518134
-0.2122424364341485
-0.3119640414690593
-0.2170875518741939
-0.16428484591220377
-0.26354433605897437
-0.24922746822614164
-0.23898120070090126
-0.28095040109373853
-0.30673182801719384
-0.38436965463608885
-0.3063917686056883
-0.37440887364465725
-0.29034969212230993
-0.3124484023727356
-0.39423583416126146
-0.12322411347572813
-0.22095338304783044
-0.22898434219092045
-0.14181205810396255
-0.3370257875320807
-0.2665581451193046
-0.30824760637332344
-0.1505588795384588
-0.20024763189698547
-0.17794222597572035
-0.35715175802726573
-0.24183238616434768
-0.21474401508979046
-0.28865429201255827
-0.2727877328616553
-0.16269165085263473
-0.13377158556413823
-0.2718503383366615
-0.2934063779207842
-0.28872657715169225
-0.17556840520026495
-0.21025493453929028
-0.20465280600530295
-0.2678737129641848
-0.18227414846721027
-0.1718801506501576
-0.24735985429880283
-0.17724623342368262
-0.25240520790190535
-0.2306767451069396
-0.13299256197569775
-0.25881886752666916
-0.41438946542402844
-0.20798030244333232
-0.20422102087122768
-0.28973572899781175
-0.2607473442101089
-0.25968789834965483
-0.2554450936637035
-0.3218908717989346
-0.31002152923650783
-0.3926610830397597
-0.2834022127039498
-0.253927249404948
-0.24099897135582413
-0.29643023880459124
-0.26679057090509695
-0.185559863589936
-0.2276889666486816
-0.3748505679135843
-0.1848751900448938
-0.2285192397631536
-0.20592942646173182
-0.2350009868478873
-0.23367328170512028
-0.27915590151970276
-0.27405858223452845
-0.24869635189664527