0.3695652173913043
0.5131578947368421
0.2978723404255319
0.3333333333333333
0.2777777777777778
0.2619047619047619
0.2808988764044944
0.21621621621621623
0.27058823529411763
0.32558139534883723
0.26744186046511625
0.5119047619047619
0.25287356321839083
0.5119047619047619
0.23469387755102042
0.25
0.25301204819277107
0.2911392405063291
0.26595744680851063
0.2602739726027397
0.32142857142857145
0.3442622950819672
0.3055555555555556
0.3291139240506329
0.32222222222222224
0.27419354838709675
0.6190476190476191
0.3333333333333333
0.2765957446808511
0.5714285714285714
0.26744186046511625
0.19148936170212766
0.34408602150537637
0.325
0.2857142857142857
0.3230769230769231
0.2604166666666667
0.27472527472527475
0.3626373626373626
0.2696629213483146
0.31746031746031744
0.3522727272727273
0.27380952380952384
0.2833333333333333
0.30434782608695654
0.3050847457627119
0.36666666666666664
0.37894736842105264
0.3170731707317073
0.30434782608695654
0.2597402597402597
0.5272727272727272
0.3717948717948718
0.42528735632183906
0.2923076923076923
0.27941176470588236
0.2676056338028169
0.3684210526315789
0.29411764705882354
0.27710843373493976
0.23529411764705882
0.41304347826086957
0.30337078651685395
0.3258426966292135
0.2619047619047619
0.32954545454545453
0.352112676056338
0.27380952380952384
0.23333333333333334
0.265625
0.2926829268292683
0.2736842105263158
0.2682926829268293
0.41333333333333333
0.31666666666666665
0.3064516129032258
0.5128205128205128
0.2375
0.3614457831325301
0.21052631578947367
0.3103448275862069
0.3620689655172414
0.3275862068965517
0.2891566265060241
0.25
0.379746835443038
0.28125
0.25842696629213485
0.3924050632911392
0.7368421052631579
0.38095238095238093
0.22549019607843138
0.24210526315789474
0.24675324675324675
0.3064516129032258
0.2647058823529412
0.3146067415730337
0.25925925925925924
0.27906976744186046
0.2753623188405797
0.3103448275862069
0.26666666666666666
0.32
0.25675675675675674
0.25
0.410958904109589
0.2777777777777778
0.3375
0.2318840579710145
0.3684210526315789
0.3870967741935484
0.3409090909090909
0.2602739726027397
0.29347826086956524
0.1941747572815534
0.2777777777777778
0.2702702702702703
0.3253012048192771
0.375
0.18811881188118812
0.5365853658536586
0.3392857142857143
0.2765957446808511
0.3050847457627119
0.2608695652173913
0.3953488372093023
0.3114754098360656
0.2708333333333333
0.23404255319148937
0.4482758620689655
0.3333333333333333
0.25609756097560976
0.2361111111111111
0.3253012048192771
0.25
0.26595744680851063
0.3103448275862069
0.36065573770491804
0.5641025641025641
0.2413793103448276
0.43373493975903615
0.2608695652173913
0.2608695652173913
0.3064516129032258
0.2647058823529412
0.3076923076923077
0.375
0.2823529411764706
0.42045454545454547
0.3389830508474576
0.23529411764705882
0.32
0.3409090909090909
0.5694444444444444
0.5119047619047619
0.24358974358974358
0.31746031746031744
0.29069767441860467
0.23595505617977527
0.2857142857142857
0.4225352112676056
0.2608695652173913
0.2982456140350877
0.2923076923076923
0.425
0.2375
0.3
0.265625
0.32098765432098764
0.2535211267605634
0.3269230769230769
0.328125
0.2871287128712871
0.2535211267605634
0.2698412698412698
0.2967032967032967
0.288135593220339
0.27722772277227725
0.3108108108108108
0.3448275862068966
0.38095238095238093
0.31343283582089554
0.2972972972972973
0.27380952380952384
0.3037974683544304
0.2391304347826087
0.391304347826087
0.4492753623188406
0.2604166666666667
0.3
0.3466666666666667
0.26229508196721313
0.475
0.2911392405063291
0.2857142857142857
0.23529411764705882
0.5714285714285714
0.41379310344827586
0.25263157894736843
0.3404255319148936
0.25
0.2608695652173913
0.35294117647058826
0.25842696629213485
0.41818181818181815
0.3472222222222222
0.2988505747126437
0.2727272727272727
0.3050847457627119
0.3283582089552239
0.5694444444444444
0.2962962962962963
0.26436781609195403
0.3956043956043956
0.37777777777777777
0.2891566265060241
0.26136363636363635
0.3220338983050847
0.4533333333333333
0.34177215189873417
0.31666666666666665
0.32894736842105265
0.2804878048780488
0.3103448275862069
0.25
0.2727272727272727
0.3253012048192771
0.2553191489361702
0.19607843137254902
0.22784810126582278
0.3442622950819672
0.27586206896551724
0.32222222222222224
0.3442622950819672
0.27848101265822783
0.56
0.24444444444444444
0.23469387755102042
0.2413793103448276
0.3220338983050847
0.36538461538461536
0.26506024096385544
0.2926829268292683
0.4823529411764706
0.42045454545454547
0.25
0.2222222222222222
0.3220338983050847
0.25
0.2976190476190476
0.2777777777777778
0.28735632183908044
0.35443037974683544
0.2835820895522388
0.3176470588235294
0.32
0.2839506172839506
0.30434782608695654
0.3176470588235294
0.2823529411764706
0.3108108108108108
0.358974358974359
0.3064516129032258
0.56
0.2872340425531915
0.33
0.25806451612903225
0.32608695652173914
0.31746031746031744
0.5308641975308642
0.4125
0.3333333333333333
0.31746031746031744
0.5058823529411764
0.34065934065934067
0.8823529411764706
0.3953488372093023
0.33707865168539325
0.2823529411764706
0.358974358974359
0.352112676056338
0.5714285714285714
0.3582089552238806
0.34210526315789475
0.30526315789473685
0.3103448275862069
0.32098765432098764
0.3170731707317073
0.375
0.34523809523809523
0.34615384615384615
0.28735632183908044
0.25396825396825395
0.26582278481012656
0.24175824175824176
0.29896907216494845
0.2976190476190476
0.26373626373626374
0.5125
0.42105263157894735
0.27058823529411763
0.325
0.3225806451612903
0.2876712328767123
0.24175824175824176
0.3333333333333333
0.26804123711340205
0.36363636363636365
0.29850746268656714
0.32978723404255317
0.26744186046511625
0.3442622950819672
0.2835820895522388
0.20202020202020202
0.27848101265822783
0.3392857142857143
0.35714285714285715
0.3181818181818182
0.22580645161290322
0.3472222222222222
0.43820224719101125
0.21348314606741572
0.3058823529411765
0.28125
0.36
0.26865671641791045
0.5324675324675324
0.29310344827586204
0.42045454545454547
0.3
0.2698412698412698
0.3333333333333333
0.29310344827586204
0.2222222222222222
0.4025974025974026
0.21
0.36363636363636365
0.32926829268292684
0.4125
0.3375
0.2808988764044944
0.3103448275862069
0.5921052631578947
0.2804878048780488
0.24210526315789474
0.3389830508474576
0.325
0.4246575342465753
0.2638888888888889
0.23076923076923078
0.2608695652173913
0.32
0.39361702127659576
0.3684210526315789
0.28125
0.27472527472527475
0.3448275862068966
0.4090909090909091
0.3384615384615385
0.4936708860759494
0.3384615384615385
0.3709677419354839
0.3188405797101449
0.35051546391752575
0.25333333333333335
0.27692307692307694
0.23076923076923078
0.39344262295081966
0.21
0.45121951219512196
0.3176470588235294
0.3150684931506849
0.3333333333333333
0.21621621621621623
0.2876712328767123
0.2702702702702703
0.2976190476190476
0.2786885245901639
0.2345679012345679
0.3132530120481928
0.23
0.24210526315789474
0.3375
0.20833333333333334
0.21621621621621623
0.3103448275862069
0.3333333333333333
0.24719101123595505
0.25
0.5342465753424658
0.2755102040816326
0.27692307692307694
0.27692307692307694
0.39622641509433965
0.5569620253164557
0.35365853658536583
0.3010752688172043
0.3333333333333333
0.3434343434343434
0.3157894736842105
0.2716049382716049
0.25609756097560976
0.31666666666666665
0.34615384615384615
0.3
0.3582089552238806
0.3218390804597701
0.42045454545454547
0.5119047619047619
0.2839506172839506
0.5584415584415584
0.25609756097560976
0.273972602739726
0.3
0.3924050632911392
0.3125
0.23863636363636365
0.4642857142857143
0.33766233766233766
0.2903225806451613
0.22784810126582278
0.23958333333333334
0.2962962962962963
0.23157894736842105
0.2717391304347826
0.35353535353535354
0.44594594594594594
0.2696629213483146
0.27848101265822783
0.3611111111111111
0.42168674698795183
0.41333333333333333
0.25274725274725274
0.4915254237288136
0.2976190476190476
0.43037974683544306
0.3218390804597701
0.35185185185185186
0.3076923076923077
0.29069767441860467
0.26506024096385544
0.43037974683544306
0.44871794871794873
0.21153846153846154
0.29545454545454547
0.4431818181818182
0.3392857142857143
0.5189873417721519
0.28125
0.2696629213483146
0.28735632183908044
0.26744186046511625
0.3582089552238806
0.2727272727272727
0.2857142857142857
0.5301204819277109
0.24390243902439024
0.3287671232876712
0.16129032258064516
0.30434782608695654
0.23170731707317074
0.4666666666666667
0.4157303370786517
0.36
0.29333333333333333
0.3333333333333333
0.5512820512820513
0.4489795918367347
0.5119047619047619
0.2696629213483146
0.35555555555555557
0.25396825396825395
0.2962962962962963
0.4936708860759494
0.28205128205128205
0.26
0.23404255319148937
0.4470588235294118
0.2962962962962963
0.23711340206185566
0.32558139534883723
0.29069767441860467
0.3225806451612903
0.3333333333333333
0.37894736842105264
0.29508196721311475
0.32098765432098764
0.5641025641025641
0.3275862068965517
0.2696629213483146
0.30434782608695654
0.3783783783783784
0.28125
0.29333333333333333
0.3220338983050847
0.3382352941176471
0.4788732394366197
0.22727272727272727
0.35555555555555557
0.4457831325301205
0.28735632183908044
0.2608695652173913
0.2982456140350877
0.30612244897959184
0.3103448275862069
0.3582089552238806
0.325
0.2647058823529412
0.40540540540540543
0.36764705882352944
0.3333333333333333
0.23809523809523808
0.32
0.35443037974683544
0.3050847457627119
0.3924050632911392
0.31343283582089554
0.29333333333333333
0.25
0.2727272727272727
0.28888888888888886
0.3229166666666667
0.2631578947368421
0.29545454545454547
0.2631578947368421
0.3424657534246575
0.30851063829787234
0.3424657534246575
0.24675324675324675
0.3116883116883117
0.3
0.30985915492957744
0.3064516129032258
0.2972972972972973
0.27419354838709675
0.4025974025974026
0.42857142857142855
0.2028985507246377
0.26153846153846155
0.3076923076923077
0.30864197530864196
0.5641025641025641
0.29545454545454547
0.25333333333333335
0.2857142857142857
0.47058823529411764
0.29577464788732394
0.3924050632911392
0.1797752808988764
0.27906976744186046
0.3617021276595745
0.2982456140350877
0.43137254901960786
0.2682926829268293
0.24561403508771928
0.3258426966292135
0.2222222222222222
0.32222222222222224
0.2717391304347826
0.21739130434782608
0.5714285714285714
0.3103448275862069
0.375
0.23404255319148937
0.2840909090909091
0.25773195876288657
0.3181818181818182
0.31666666666666665
0.3037974683544304
0.26865671641791045
0.30303030303030304
0.275
0.2786885245901639
0.2361111111111111
0.328125
0.2716049382716049
0.288135593220339
0.33783783783783783
0.26881720430107525
0.2857142857142857
0.27058823529411763
0.27058823529411763
0.27956989247311825
0.3333333333333333
0.23809523809523808
0.27586206896551724
0.26804123711340205
0.31746031746031744
0.6527777777777778
0.31666666666666665
0.5714285714285714
0.2727272727272727
0.2631578947368421
0.296875
0.3263157894736842
0.2857142857142857
0.29333333333333333
0.5
0.2857142857142857
0.23333333333333334
0.3170731707317073
0.3787878787878788
0.2692307692307692
0.325
0.4810126582278481
0.3333333333333333
0.4594594594594595
0.26744186046511625
0.2708333333333333
0.3723404255319149
0.56
0.38235294117647056
0.2682926829268293
0.26865671641791045
0.6666666666666666
0.4358974358974359
0.27710843373493976
0.20952380952380953
0.3058823529411765
0.2777777777777778
0.4225352112676056
0.375
0.34177215189873417
0.2403846153846154
0.27906976744186046
0.390625
0.26881720430107525
0.3333333333333333
0.3333333333333333
0.32786885245901637
0.4444444444444444
0.29333333333333333
0.4810126582278481
0.25
0.29333333333333333
0.3114754098360656
0.24390243902439024
0.375
0.32098765432098764
0.3877551020408163
0.2891566265060241
0.3114754098360656
0.28888888888888886
0.3375
0.2823529411764706
0.2465753424657534
0.27472527472527475
0.2765957446808511
0.25
0.3472222222222222
0.26
0.3230769230769231
0.3125
0.3291139240506329
0.25333333333333335
0.32
0.32142857142857145
0.3333333333333333
0.2988505747126437
0.3229166666666667
0.25688073394495414
0.25316455696202533
0.25
0.32558139534883723
0.29069767441860467
0.26582278481012656
0.2804878048780488
0.3595505617977528
0.27835051546391754
0.27927927927927926
0.2696629213483146
0.32222222222222224
0.3050847457627119
0.3218390804597701
0.21333333333333335
0.3090909090909091
0.3409090909090909
0.5125
0.35
0.4375
0.26666666666666666
0.3103448275862069
0.24742268041237114
0.3974358974358974
0.2682926829268293
0.3157894736842105
0.5921052631578947
0.30666666666666664
0.42857142857142855
0.2982456140350877
0.2786885245901639
0.42045454545454547
0.2553191489361702
0.26582278481012656
0.34782608695652173
0.2619047619047619
0.2647058823529412
0.35443037974683544
0.35135135135135137
0.27586206896551724
0.36470588235294116
0.26373626373626374
0.31666666666666665
0.3333333333333333
0.3953488372093023
0.29850746268656714
0.24175824175824176
0.23684210526315788
0.4482758620689655
0.26229508196721313
0.5714285714285714
0.4823529411764706
0.25
0.4605263157894737
0.3055555555555556
0.2891566265060241
0.2463768115942029
0.3125
0.4025974025974026
0.2878787878787879
0.4418604651162791
0.3333333333333333
0.3132530120481928
0.32
0.25961538461538464
0.29347826086956524
0.2765957446808511
0.2318840579710145
0.3611111111111111
0.2807017543859649
0.2413793103448276
0.5443037974683544
0.24390243902439024
0.3253012048192771
0.30952380952380953
0.2692307692307692
0.25
0.34408602150537637
0.3442622950819672
0.32926829268292684
0.4235294117647059
0.25396825396825395
0.2857142857142857
0.24691358024691357
0.4430379746835443
0.24390243902439024
0.27906976744186046
0.20833333333333334
0.23170731707317074
0.2804878048780488
0.30357142857142855
0.3
0.2638888888888889
0.25
0.28125
0.25842696629213485
0.2976190476190476
0.19753086419753085
0.4186046511627907
0.3
0.2717391304347826
0.5058823529411764
0.2976190476190476
0.27906976744186046
0.2872340425531915
0.3953488372093023
0.29069767441860467
0.2535211267605634
0.3389830508474576
0.345679012345679
0.3333333333333333
0.2891566265060241
0.3125
0.35443037974683544
0.27058823529411763
0.2808988764044944
0.2982456140350877
0.2692307692307692
0.2857142857142857
0.30851063829787234
0.25555555555555554
0.3375
0.3088235294117647
0.2857142857142857
0.2608695652173913
0.27941176470588236
0.27710843373493976
0.2717391304347826
0.3253012048192771
0.35064935064935066
0.3114754098360656
0.2982456140350877
0.27058823529411763
0.2911392405063291
0.22857142857142856
0.6486486486486487
0.44594594594594594
0.24705882352941178
0.23863636363636365
0.4189189189189189
0.4782608695652174
0.42045454545454547
0.24731182795698925
0.25
0.4457831325301205
0.32926829268292684
0.25925925925925924
0.2597402597402597
0.25555555555555554
0.24742268041237114
0.2318840579710145
0.2823529411764706
0.26744186046511625
0.24731182795698925
0.3076923076923077
0.35294117647058826
0.27631578947368424
0.22058823529411764
0.2553191489361702
0.34210526315789475
0.4470588235294118
0.5432098765432098
0.27058823529411763
0.5641025641025641
0.27692307692307694
0.2191780821917808
0.5125
0.26666666666666666
0.56
0.2871287128712871
0.3804347826086957
0.4186046511627907
0.1797752808988764
0.20430107526881722
0.26229508196721313
0.3953488372093023
0.23
0.28125
0.4111111111111111
0.25274725274725274
0.4722222222222222
0.3118279569892473
0.2976190476190476
0.29347826086956524
0.3384615384615385
0.3181818181818182
0.21428571428571427
0.29411764705882354
0.5119047619047619
0.24444444444444444
0.2537313432835821
0.40229885057471265
0.28
0.2786885245901639
0.2878787878787879
0.3058823529411765
0.35714285714285715
0.4235294117647059
0.35
0.2638888888888889
0.25675675675675674
0.32
0.2696629213483146
0.4810126582278481
0.35789473684210527
0.1956521739130435
0.3181818181818182
0.3770491803278688
0.2786885245901639
0.25773195876288657
0.26582278481012656
0.2976190476190476
0.4878048780487805
0.29411764705882354
0.33707865168539325
0.32786885245901637
0.2765957446808511
0.4482758620689655
0.3488372093023256
0.26436781609195403
0.30303030303030304
0.2903225806451613
0.2857142857142857
0.28169014084507044
0.25
0.29411764705882354
0.2604166666666667
0.28735632183908044
0.3684210526315789
0.35714285714285715
0.581081081081081
0.27380952380952384
0.4864864864864865
0.23232323232323232
0.42105263157894735
0.27906976744186046
0.26744186046511625
0.26865671641791045
0.26881720430107525
0.325
0.4810126582278481
0.3402061855670103
0.18604651162790697
0.3064516129032258
0.2987012987012987
0.24390243902439024
0.2653061224489796
0.38181818181818183
0.2878787878787879
0.2413793103448276
0.288135593220339
0.31958762886597936
0.26595744680851063
0.4157303370786517
0.3939393939393939
0.32
0.2987012987012987
0.25274725274725274
0.4142857142857143
0.2857142857142857
0.27692307692307694
0.3978494623655914
0.4634146341463415
0.4823529411764706
0.3333333333333333
0.2926829268292683
0.5121951219512195
0.22580645161290322
0.25
0.4936708860759494
0.3
0.22916666666666666
0.2716049382716049
0.24390243902439024
0.3181818181818182
0.29069767441860467
0.27631578947368424
0.3132530120481928
0.2891566265060241
0.5
0.40789473684210525
0.5675675675675675
0.27419354838709675
0.3275862068965517
0.24175824175824176
0.275
0.3076923076923077
0.23404255319148937
0.5333333333333333
0.26881720430107525
0.27380952380952384
0.4065934065934066
0.38095238095238093
0.34177215189873417
0.3595505617977528
0.26136363636363635
0.373134328358209
0.31666666666666665
0.3333333333333333
0.29213483146067415
0.2696629213483146
0.26436781609195403
0.2558139534883721
0.32098765432098764
0.32
0.21153846153846154
0.2857142857142857
0.36363636363636365
0.3170731707317073
0.37777777777777777
0.26865671641791045
0.375
0.29850746268656714
0.2987012987012987
0.28125
0.3235294117647059
0.42528735632183906
0.4722222222222222
0.3333333333333333
0.23076923076923078
0.27692307692307694
0.3424657534246575
0.19753086419753085
0.2786885245901639
0.3493975903614458
0.3375
0.24468085106382978
0.30666666666666664
0.2926829268292683
0.2222222222222222
0.26136363636363635
0.28735632183908044
0.373134328358209
0.29213483146067415
0.26881720430107525
0.2717391304347826
0.4
0.4745762711864407
0.28125
0.3181818181818182
0.6885245901639344
0.2638888888888889
0.25
0.25
0.4810126582278481
0.40217391304347827
0.32
0.3291139240506329
0.27586206896551724
0.2891566265060241
0.29069767441860467
0.3076923076923077
0.25555555555555554
0.313953488372093
0.3103448275862069
0.4098360655737705
0.5409836065573771
0.37662337662337664
0.27692307692307694
0.323943661971831
0.40789473684210525
0.23655913978494625
0.32558139534883723
0.31666666666666665
0.5
0.3829787234042553
0.42857142857142855
0.25316455696202533
0.2982456140350877
0.3473684210526316
0.35
0.29333333333333333
0.26
0.3875
0.2982456140350877
0.2625
0.3561643835616438
0.4722222222222222
0.6885245901639344
0.29333333333333333
0.43902439024390244
0.27848101265822783
0.17857142857142858
0.36486486486486486
0.29069767441860467
0.3375
0.39080459770114945
0.3617021276595745
0.2875
0.2988505747126437
0.34615384615384615
0.5
0.21568627450980393
0.23529411764705882
0.2441860465116279
0.313953488372093
0.42857142857142855
0.39361702127659576
0.37209302325581395
0.367816091954023
0.26595744680851063
0.27906976744186046
0.3380281690140845
0.24175824175824176
0.26666666666666666
0.29850746268656714
0.26865671641791045
0.3037974683544304
0.2978723404255319
0.2391304347826087
0.23170731707317074
0.25806451612903225
0.23863636363636365
0.26582278481012656
0.27586206896551724
0.42857142857142855
0.29411764705882354
0.328125
0.3108108108108108
0.21839080459770116
0.25274725274725274
0.3188405797101449
0.25274725274725274
0.2692307692307692
0.3076923076923077
0.5384615384615384
0.25757575757575757
0.2804878048780488
0.2840909090909091
0.25
0.2676056338028169
0.30434782608695654
0.3188405797101449
0.35294117647058826
0.26881720430107525
0.2571428571428571
0.2702702702702703
0.41304347826086957
0.2112676056338028
0.2804878048780488
0.3037974683544304
0.5061728395061729
0.3375
0.3974358974358974
0.27380952380952384
0.3411764705882353
0.296875
0.26
0.32926829268292684
0.296875
0.25
0.36231884057971014
0.3333333333333333
0.345679012345679
0.2054794520547945
0.5061728395061729
0.25
0.25
0.358695652173913
0.3409090909090909
0.3424657534246575
0.3409090909090909
0.29213483146067415
0.2926829268292683
0.45714285714285713
0.3058823529411765
0.31313131313131315
0.2878787878787879
0.2537313432835821
0.27906976744186046
0.2804878048780488
0.17777777777777778
0.3333333333333333
0.3170731707317073
0.32653061224489793
0.32941176470588235
0.4067796610169492
0.3875
0.28125
0.28735632183908044
0.29213483146067415
0.30434782608695654
0.26666666666666666
0.22950819672131148
0.325
0.3076923076923077
0.2619047619047619
0.3064516129032258
0.3442622950819672
0.33766233766233766
0.22580645161290322
0.24489795918367346
0.3225806451612903
0.25609756097560976
0.3431372549019608
0.30952380952380953
0.3114754098360656
0.26582278481012656
0.35443037974683544
0.3125
0.3625
0.3389830508474576
0.3125
0.3404255319148936
0.265625
0.2631578947368421
0.28125
0.3230769230769231
0.328125
0.2926829268292683
0.3291139240506329
0.20930232558139536
0.21621621621621623
0.25925925925925924
0.265625
0.2982456140350877
0.26744186046511625
0.4578313253012048
0.3953488372093023
0.3263157894736842
0.5058823529411764
0.30927835051546393
0.2894736842105263
0.29069767441860467
0.2631578947368421
0.21359223300970873
0.25609756097560976
0.36486486486486486
0.3815789473684211
0.24731182795698925
0.3170731707317073
0.27710843373493976
0.5675675675675675
0.2463768115942029
0.29411764705882354
0.27586206896551724
0.2878787878787879
0.2804878048780488
0.297029702970297
0.3
0.24390243902439024
0.3283582089552239
0.3026315789473684
0.29069767441860467
0.2537313432835821
0.3064516129032258
0.296875
0.2619047619047619
0.5064935064935064
0.2619047619047619
0.2857142857142857
0.22580645161290322
0.2222222222222222
0.36363636363636365
0.2413793103448276
0.3424657534246575
0.34444444444444444
0.2222222222222222
0.24050632911392406
0.29545454545454547
0.4111111111111111
0.4642857142857143
0.3116883116883117
0.358974358974359
0.3375
0.34782608695652173
0.3050847457627119
0.5119047619047619
0.2535211267605634
0.29069767441860467
0.32558139534883723
0.26436781609195403
0.3103448275862069
0.29577464788732394
0.34444444444444444
0.2982456140350877
0.33766233766233766
0.26126126126126126
0.5
0.3333333333333333
0.4666666666666667
0.5714285714285714
0.2376237623762376
0.24324324324324326
0.27710843373493976
0.2891566265060241
0.4166666666666667
0.24489795918367346
0.31666666666666665
0.26865671641791045
0.4810126582278481
0.26865671641791045
0.2926829268292683
0.375
0.2191780821917808
0.3466666666666667
0.2727272727272727
0.22340425531914893
0.25
0.33707865168539325
0.25
0.2891566265060241
0.2911392405063291
0.2714285714285714
0.5324675324675324
0.3118279569892473
0.3050847457627119
0.26436781609195403
0.38095238095238093
0.25263157894736843
0.3125
0.25
0.25
0.4098360655737705
0.41333333333333333
0.275
0.4
0.26373626373626374
0.25882352941176473
0.32098765432098764
0.3114754098360656
0.2823529411764706
0.27956989247311825
0.3218390804597701
0.4166666666666667
0.30120481927710846
0.3373493975903614
0.3953488372093023
0.6363636363636364
0.31666666666666665
0.24489795918367346
0.3
0.3023255813953488
0.4358974358974359
0.3181818181818182
0.30952380952380953
0.25
0.29850746268656714
0.2804878048780488
0.3368421052631579
0.3707865168539326
0.31521739130434784
0.4810126582278481
0.3404255319148936
0.2222222222222222
0.2857142857142857
0.20454545454545456
0.3953488372093023
0.26744186046511625
0.2777777777777778
0.26582278481012656
0.32558139534883723
0.27710843373493976
0.39285714285714285
0.2537313432835821
0.25
0.25263157894736843
0.296875
0.2857142857142857
0.23170731707317074
0.3764705882352941
0.23809523809523808
0.25333333333333335
0.2857142857142857
0.29333333333333333
0.2261904761904762
0.23376623376623376
0.25
0.2716049382716049
0.2857142857142857
0.2638888888888889
0.29411764705882354
0.2261904761904762
0.34177215189873417
0.3103448275862069
0.3
0.18292682926829268
0.2857142857142857
0.2553191489361702
0.5
0.5432098765432098
0.26136363636363635
0.36585365853658536
0.34375
0.3380281690140845
0.25806451612903225
0.28125
0.34285714285714286
0.2087912087912088
0.2638888888888889
0.29333333333333333
0.25806451612903225
0.4111111111111111
0.5194805194805194
0.25806451612903225
0.3493975903614458
0.38596491228070173
0.3148148148148148
0.25263157894736843
0.2736842105263158
0.3275862068965517
0.32926829268292684
0.288135593220339
0.28
0.24705882352941178
0.24210526315789474
0.26881720430107525
0.3409090909090909
0.2878787878787879
0.3283582089552239
0.19101123595505617
0.25510204081632654
0.31958762886597936
0.4339622641509434
0.4339622641509434
0.2916666666666667
0.2840909090909091
0.1978021978021978
0.2786885245901639
0.33707865168539325
0.3442622950819672
0.2702702702702703
0.2857142857142857
0.2982456140350877
0.5301204819277109
0.1839080459770115
0.23255813953488372
0.3404255319148936
0.26595744680851063
0.32894736842105265
0.2698412698412698
0.2608695652173913
0.3548387096774194
0.4782608695652174
0.5119047619047619
0.25
0.32051282051282054
0.30158730158730157
0.25555555555555554
0.30158730158730157
0.3333333333333333
0.3484848484848485
0.2982456140350877
0.2682926829268293
0.423728813559322
0.31666666666666665
0.37
0.29545454545454547
0.5063291139240507
0.26582278481012656
0.24468085106382978
0.5675675675675675
0.2777777777777778
0.27380952380952384
0.2875
0.35064935064935066
0.24468085106382978
0.30864197530864196
0.25
0.2553191489361702
0.34615384615384615
0.2857142857142857
0.24705882352941178
0.6779661016949152
0.3409090909090909
0.3181818181818182
0.2033898305084746
0.2608695652173913
0.20253164556962025
0.1797752808988764
0.3037974683544304
0.5714285714285714
0.3333333333333333
0.20588235294117646
0.34831460674157305
0.4457831325301205
0.28
0.5512820512820513
0.5921052631578947
0.29
0.313953488372093
0.3368421052631579
0.30864197530864196
0.3404255319148936
0.2777777777777778
0.3
0.2911392405063291
0.2625
0.32558139534883723
0.23255813953488372
0.23333333333333334
0.27692307692307694
0.3076923076923077
0.3389830508474576
0.29411764705882354
0.3229166666666667
0.5119047619047619
0.2441860465116279
0.21333333333333335
0.23711340206185566
0.3974358974358974
0.2535211267605634
0.26804123711340205
0.37037037037037035
0.2911392405063291
0.2891566265060241
0.2926829268292683
0.3877551020408163
0.2875
0.2125
0.22535211267605634
0.3125
0.3181818181818182
0.25555555555555554
0.2948717948717949
0.3404255319148936
0.2872340425531915
0.3611111111111111
0.26436781609195403
0.3582089552238806
0.3333333333333333
0.3116883116883117
0.38333333333333336
0.35365853658536583
0.5512820512820513
0.21739130434782608
0.27380952380952384
0.3375
0.3150684931506849
0.34177215189873417
0.3076923076923077
0.30952380952380953
0.25773195876288657
0.20618556701030927
0.2948717948717949
0.2222222222222222
0.25
0.23157894736842105
0.24358974358974358
0.3333333333333333
0.3103448275862069
0.3548387096774194
0.2923076923076923
0.27631578947368424
0.3448275862068966
0.33707865168539325
0.26136363636363635
0.32222222222222224
0.25
0.26666666666666666
0.2857142857142857
0.2
0.29069767441860467
0.34177215189873417
0.313953488372093
0.1956521739130435
0.25609756097560976
0.2696629213483146
0.2537313432835821
0.3924050632911392
0.23469387755102042
0.3048780487804878
0.2702702702702703
0.3968253968253968
0.3132530120481928
0.25
0.2631578947368421
0.2926829268292683
0.3157894736842105
0.3670886075949367
0.3409090909090909
0.2696629213483146
0.27835051546391754
0.26595744680851063
0.25287356321839083
0.2857142857142857
0.2916666666666667
0.25555555555555554
0.2558139534883721
0.375
0.3409090909090909
0.32
0.5375
0.33
0.5432098765432098
0.2608695652173913
0.3492063492063492
0.3695652173913043
0.2736842105263158
0.29347826086956524
0.32989690721649484
0.3625
0.32954545454545453
0.29508196721311475
0.28
0.5714285714285714
0.30864197530864196
0.5125
0.3026315789473684
0.2857142857142857
0.30434782608695654
0.26865671641791045
0.336734693877551
0.34615384615384615
0.35443037974683544
0.31666666666666665
0.27472527472527475
0.23170731707317074
0.35443037974683544
0.3
0.2727272727272727
0.4642857142857143
0.25
0.3275862068965517
0.45121951219512196
0.3924050632911392
0.32
0.28888888888888886
0.4473684210526316
0.31666666666666665
0.3387096774193548
0.3333333333333333
0.30985915492957744
0.42528735632183906
0.2978723404255319
0.3953488372093023
0.3263157894736842
0.21296296296296297
0.3372093023255814
0.38202247191011235
0.32075471698113206
0.4157303370786517
0.3253012048192771
0.32558139534883723
0.2903225806451613
0.2608695652173913
0.22727272727272727
0.4189189189189189
0.2839506172839506
0.28378378378378377
0.31521739130434784
0.4722222222222222
0.3229166666666667
0.3409090909090909
0.3068181818181818
0.3333333333333333
0.3146067415730337
0.3
0.3058823529411765
0.28125
0.3614457831325301
0.36764705882352944
0.27848101265822783
0.3111111111111111
0.2987012987012987
0.25
0.29069767441860467
0.31343283582089554
0.23469387755102042
0.25806451612903225
0.4375
0.2033898305084746
0.32098765432098764
0.2413793103448276
0.3333333333333333
0.3411764705882353
0.2676056338028169
0.28125
0.3125
0.2535211267605634
0.23809523809523808
0.3375
0.32941176470588235
0.32
0.26
0.29850746268656714
0.25925925925925924
0.32926829268292684
0.36363636363636365
0.26666666666666666
0.40229885057471265
0.2631578947368421
0.27380952380952384
0.5205479452054794
0.3333333333333333
0.32954545454545453
0.3170731707317073
0.2441860465116279
0.26595744680851063
0.3283582089552239
0.375
0.3466666666666667
0.2926829268292683
0.29545454545454547
0.2553191489361702
0.4305555555555556
0.46153846153846156
0.4044943820224719
0.2702702702702703
0.2717391304347826
0.31666666666666665
0.29545454545454547
0.3148148148148148
0.2727272727272727
0.20689655172413793
0.34615384615384615
0.28125
0.3
0.3132530120481928
0.2878787878787879
0.3050847457627119
0.2708333333333333
0.25609756097560976
0.29411764705882354
0.24242424242424243
0.3108108108108108
0.28125
0.25287356321839083
0.27835051546391754
0.2753623188405797
0.2765957446808511
0.30357142857142855
0.2765957446808511
0.3108108108108108
0.35365853658536583
0.25333333333333335
0.3132530120481928
0.2875
0.41975308641975306
0.3698630136986301
0.3409090909090909
0.24444444444444444
0.2967032967032967
0.375
0.3382352941176471
0.24691358024691357
0.25842696629213485
0.22535211267605634
0.2988505747126437
0.25
0.22058823529411764
0.3088235294117647
0.3563218390804598
0.3157894736842105
0.30434782608695654
0.32142857142857145
0.2159090909090909
0.32
0.37681159420289856
0.27722772277227725
0.42857142857142855
0.35789473684210527
0.26506024096385544
0.3150684931506849
0.5584415584415584
0.2054794520547945
0.37362637362637363
0.3137254901960784
0.3125
0.37777777777777777
0.24
0.2631578947368421
0.3050847457627119
0.25
0.2903225806451613
0.39655172413793105
0.27906976744186046
0.28205128205128205
0.26666666666666666
0.26436781609195403
0.3442622950819672
0.28205128205128205
0.3229166666666667
0.3090909090909091
0.2459016393442623
0.29411764705882354
0.26582278481012656
0.21176470588235294
0.4107142857142857
0.29545454545454547
0.2716049382716049
0.3150684931506849
0.2765957446808511
0.5714285714285714
0.25301204819277107
0.3287671232876712
0.27710843373493976
0.2926829268292683
0.2982456140350877
0.2840909090909091
0.3125
0.34177215189873417
0.2727272727272727
0.2619047619047619
0.3146067415730337
0.2857142857142857
0.24210526315789474
0.2608695652173913
0.3148148148148148
0.2833333333333333
0.4166666666666667
0.26744186046511625
0.5443037974683544
0.2878787878787879
0.23943661971830985
0.30952380952380953
0.2318840579710145
0.29577464788732394
0.2857142857142857
0.3974358974358974
0.3620689655172414
0.25806451612903225
0.3953488372093023
0.2625
0.29411764705882354
0.4588235294117647
0.3050847457627119
0.3023255813953488
0.26436781609195403
0.3484848484848485
0.44155844155844154
0.2631578947368421
0.25
0.2714285714285714
0.3137254901960784
0.3617021276595745
0.3375
0.32894736842105265
0.36666666666666664
0.42857142857142855
0.22857142857142856
0.2391304347826087
0.5584415584415584
0.3409090909090909
0.29850746268656714
0.25
0.3411764705882353
0.3068181818181818
0.38333333333333336
0.25555555555555554
0.29411764705882354
0.3563218390804598
0.28888888888888886
0.26666666666666666
0.3448275862068966
0.25842696629213485
0.28
0.21212121212121213
0.2112676056338028
0.313953488372093
0.40217391304347827
0.35
0.36666666666666664
0.30434782608695654
0.425
0.30952380952380953
0.28735632183908044
0.20253164556962025
0.25301204819277107
0.3448275862068966
0.21951219512195122
0.27692307692307694
0.2875
0.22535211267605634
0.3924050632911392
0.3218390804597701
0.3048780487804878
0.3382352941176471
0.2923076923076923
0.32608695652173914
0.22972972972972974
0.2727272727272727
0.25925925925925924
0.2608695652173913
0.27380952380952384
0.32
0.3181818181818182
0.34615384615384615
0.4069767441860465
0.28169014084507044
0.3114754098360656
0.5657894736842105
0.2602739726027397
0.5125
0.2391304347826087
0.5714285714285714
0.28378378378378377
0.25287356321839083
0.2972972972972973
0.27710843373493976
0.42045454545454547
0.3225806451612903
0.26436781609195403
0.2923076923076923
0.328125
0.25555555555555554
0.2073170731707317
0.2702702702702703
0.5384615384615384
0.27380952380952384
0.3225806451612903
0.36904761904761907
0.2328767123287671
0.24675324675324675
0.4
0.2857142857142857
0.32098765432098764
0.328125
0.30158730158730157
0.25301204819277107
0.2413793103448276
0.27586206896551724
0.3253012048192771
0.2717391304347826
0.27906976744186046
0.3939393939393939
0.2571428571428571
0.2857142857142857
0.38461538461538464
0.32142857142857145
0.46153846153846156
0.3953488372093023
0.25
0.24691358024691357
0.325
0.559322033898305
0.39361702127659576
0.34615384615384615
0.3263157894736842
0.2638888888888889
0.22580645161290322
0.35185185185185186
0.2808988764044944
0.27941176470588236
0.40963855421686746
0.26136363636363635
0.3103448275862069
0.29411764705882354
0.2222222222222222
0.25274725274725274
0.3898305084745763
0.2727272727272727
0.3424657534246575
0.3
0.39215686274509803
0.26153846153846155
0.25555555555555554
0.3170731707317073
0.3898305084745763
0.4235294117647059
0.27380952380952384
0.31746031746031744
0.37777777777777777
0.25396825396825395
0.2765957446808511
0.3333333333333333
0.3582089552238806
0.23170731707317074
0.32941176470588235
0.3522727272727273
0.3048780487804878
0.19444444444444445
0.31666666666666665
0.28735632183908044
0.25
0.25842696629213485
0.3050847457627119
0.4457831325301205
0.35
0.30303030303030304
0.25842696629213485
0.33783783783783783
0.36666666666666664
0.4520547945205479
0.3170731707317073
0.2608695652173913
0.27380952380952384
0.28
0.2571428571428571
0.26744186046511625
0.27710843373493976
0.23809523809523808
0.32954545454545453
0.375
0.2608695652173913
0.2857142857142857
0.26744186046511625
0.325
0.2608695652173913
0.3333333333333333
0.328125
0.25
0.2647058823529412
0.25252525252525254
0.3170731707317073
0.27419354838709675
0.3
0.25609756097560976
0.28888888888888886
0.5128205128205128
0.3953488372093023
0.36585365853658536
0.5694444444444444
0.2631578947368421
0.391304347826087
0.5714285714285714
0.5128205128205128
0.35294117647058826
0.1958762886597938
0.2714285714285714
0.24444444444444444
0.25301204819277107
0.38333333333333336
0.23809523809523808
0.2982456140350877
0.4823529411764706
0.34831460674157305
0.5
0.37777777777777777
0.3448275862068966
0.32
0.31666666666666665
0.35443037974683544
0.2835820895522388
0.2465753424657534
0.31666666666666665
0.27586206896551724
0.2727272727272727
0.2765957446808511
0.24731182795698925
0.42857142857142855
0.35
0.2804878048780488
0.25882352941176473
0.2318840579710145
0.34523809523809523
0.3611111111111111
0.2926829268292683
0.2736842105263158
0.26865671641791045
0.5882352941176471
0.35294117647058826
0.38181818181818183
0.3953488372093023
0.40298507462686567
0.359375
0.3220338983050847
0.4482758620689655
0.5185185185185185
0.23711340206185566
0.2962962962962963
0.29347826086956524
0.2894736842105263
0.30434782608695654
0.32558139534883723
0.2894736842105263
0.21
0.2537313432835821
0.2982456140350877
0.25274725274725274
0.4117647058823529
0.2631578947368421
0.38961038961038963
0.32051282051282054
0.24705882352941178
0.18518518518518517
0.27419354838709675
0.37735849056603776
0.27941176470588236
0.3888888888888889
0.3291139240506329
0.4642857142857143
0.3404255319148936
0.21739130434782608
0.25925925925925924
0.32786885245901637
0.34615384615384615
0.36065573770491804
0.25263157894736843
0.3424657534246575
0.26373626373626374
0.24615384615384617
0.2911392405063291
0.27058823529411763
0.34285714285714286
0.25842696629213485
0.27419354838709675
0.3103448275862069
0.2625
0.2857142857142857
0.25
0.24324324324324326
0.3409090909090909
0.3026315789473684
0.2923076923076923
0.25263157894736843
0.24675324675324675
0.32
0.25
0.56
0.27472527472527475
0.24719101123595505
0.3442622950819672
0.2976190476190476
0.2840909090909091
0.3888888888888889
0.27710843373493976
0.3488372093023256
0.5641025641025641
0.30303030303030304
0.5641025641025641
0.3953488372093023
0.23076923076923078
0.3877551020408163
0.367816091954023
0.2441860465116279
0.3146067415730337
0.27472527472527475
0.24719101123595505
0.2727272727272727
0.28888888888888886
0.26136363636363635
0.23469387755102042
0.25
0.2923076923076923
0.55
0.3404255319148936
0.25
0.2682926829268293
0.3037974683544304
0.3620689655172414
0.23529411764705882
0.25274725274725274
0.4166666666666667
0.2823529411764706
0.4166666666666667
0.19444444444444445
0.4025974025974026
0.2608695652173913
0.1797752808988764
0.2872340425531915
0.32954545454545453
0.34615384615384615
0.2891566265060241
0.2972972972972973
0.2948717948717949
0.6363636363636364
0.5
0.2926829268292683
0.2717391304347826
0.5384615384615384
0.18095238095238095
0.2222222222222222
0.4098360655737705
0.25
0.3684210526315789
0.3380281690140845
0.3275862068965517
0.5432098765432098
0.2808988764044944
0.3953488372093023
0.32558139534883723
0.2328767123287671
0.3275862068965517
0.2608695652173913
0.21621621621621623
0.3333333333333333
0.3953488372093023
0.2465753424657534
0.30952380952380953
0.3698630136986301
0.3068181818181818
0.28378378378378377
0.2222222222222222
0.2159090909090909
0.42528735632183906
0.34782608695652173
0.26595744680851063
0.3142857142857143
0.36923076923076925
0.2537313432835821
0.358974358974359
0.3695652173913043
0.2247191011235955
0.27358490566037735
0.3333333333333333
0.26744186046511625
0.21839080459770116
0.3023255813953488
0.3442622950819672
0.27586206896551724
0.24444444444444444
0.34146341463414637
0.29591836734693877
0.25
0.2714285714285714
0.29411764705882354
0.2926829268292683
0.1956521739130435
0.28125
0.3181818181818182
0.3333333333333333
0.29850746268656714
0.4642857142857143
0.3116883116883117
0.38028169014084506
0.43037974683544306
0.27848101265822783
0.30120481927710846
0.34523809523809523
0.2962962962962963
0.3333333333333333
0.26666666666666666
0.3230769230769231
0.28125
0.3253012048192771
0.3333333333333333
0.5921052631578947
0.47058823529411764
0.36666666666666664
0.423728813559322
0.2839506172839506
0.3170731707317073
0.5443037974683544
0.30120481927710846
0.23595505617977527
0.38636363636363635
0.30952380952380953
0.3695652173913043
0.2698412698412698
0.2345679012345679
0.2982456140350877
0.23170731707317074
0.39344262295081966
0.3
0.3974358974358974
0.2804878048780488
0.3076923076923077
0.3333333333333333
0.2716049382716049
0.2676056338028169
0.2804878048780488
0.38596491228070173
0.3541666666666667
0.3953488372093023
0.4482758620689655
0.2127659574468085
0.29347826086956524
0.2602739726027397
0.35443037974683544
0.29213483146067415
0.2808988764044944
0.3
0.34615384615384615
0.23880597014925373
0.34444444444444444
0.29411764705882354
0.313953488372093
0.3442622950819672
0.3375
0.2857142857142857
0.36231884057971014
0.4025974025974026
0.5694444444444444
0.2808988764044944
0.3068181818181818
0.26136363636363635
0.31666666666666665
0.3582089552238806
0.3132530120481928
0.296875
0.288135593220339
0.30952380952380953
0.34782608695652173
0.30158730158730157
0.26136363636363635
0.3448275862068966
0.313953488372093
0.4318181818181818
0.3181818181818182
0.3194444444444444
0.4
0.28735632183908044
0.33766233766233766
0.3373493975903614
0.22666666666666666
0.43373493975903615
0.32098765432098764
0.2857142857142857
0.28735632183908044
0.3404255319148936
0.31313131313131315
0.3595505617977528
0.3375
0.3291139240506329
0.35135135135135137
0.25333333333333335
0.2647058823529412
0.32
0.2875
0.2808988764044944
0.3695652173913043
0.29333333333333333
0.24468085106382978
0.3090909090909091
0.3291139240506329
0.2967032967032967
0.34831460674157305
0.5135135135135135
0.28205128205128205
0.23170731707317074
0.2982456140350877
0.5641025641025641
0.3387096774193548
0.2079207920792079
0.23809523809523808
0.3442622950819672
0.42857142857142855
0.27058823529411763
0.4166666666666667
0.2857142857142857
0.3424657534246575
0.576271186440678
0.25252525252525254
0.34615384615384615
0.2077922077922078
0.3050847457627119
0.2391304347826087
0.24731182795698925
0.20930232558139536
0.26666666666666666
0.2857142857142857
0.3076923076923077
0.5714285714285714
0.4067796610169492
0.26666666666666666
0.25
0.3411764705882353
0.2676056338028169
0.27692307692307694
0.23684210526315788
0.35185185185185186
0.2711864406779661
0.296875
0.3037974683544304
0.25862068965517243
0.25555555555555554
0.1839080459770115
0.3582089552238806
0.3181818181818182
0.32941176470588235
0.3333333333333333
0.22388059701492538
0.23711340206185566
0.2375
0.43529411764705883
0.4146341463414634
0.23809523809523808
0.27906976744186046
0.2926829268292683
0.375
0.35064935064935066
0.3132530120481928
0.25274725274725274
0.2857142857142857
0.27058823529411763
0.26744186046511625
0.25
0.23655913978494625
0.379746835443038
0.2972972972972973
0.3188405797101449
0.2
0.28205128205128205
0.3170731707317073
0.34065934065934067
0.35443037974683544
0.42528735632183906
0.35
0.3611111111111111
0.3218390804597701
0.3333333333333333
0.29850746268656714
0.3220338983050847
0.2604166666666667
0.2903225806451613
0.3058823529411765
0.35714285714285715
0.4230769230769231
0.3333333333333333
0.3125
0.33707865168539325
0.29333333333333333
0.46153846153846156
0.42857142857142855
0.5384615384615384
0.3090909090909091
0.2676056338028169
0.29333333333333333
0.25
0.2222222222222222
0.33
0.2786885245901639
0.27380952380952384
0.41379310344827586
0.3287671232876712
0.25842696629213485
0.40476190476190477
0.3465346534653465
0.4722222222222222
0.32142857142857145
0.24675324675324675
0.23170731707317074
0.3695652173913043
0.39473684210526316
0.32926829268292684
0.31645569620253167
0.3333333333333333
0.3
0.27058823529411763
0.28205128205128205
0.25806451612903225
0.5921052631578947
0.25
0.2727272727272727
0.5319148936170213
0.29310344827586204
0.27419354838709675
0.6527777777777778
0.1875
0.2753623188405797
0.27710843373493976
0.30666666666666664
0.5569620253164557
0.35714285714285715
0.2716049382716049
0.2753623188405797
0.3132530120481928
0.3387096774193548
0.5352112676056338
0.2608695652173913
0.29473684210526313
0.28125
0.41379310344827586
0.5945945945945946
0.2840909090909091
0.375
0.5535714285714286
0.24561403508771928
0.23170731707317074
0.27586206896551724
0.27906976744186046
0.2537313432835821
0.32941176470588235
0.2708333333333333
0.3333333333333333
0.31645569620253167
0.4594594594594595
0.3442622950819672
0.3956043956043956
0.2717391304347826
0.32653061224489793
0.5882352941176471
0.5121951219512195
0.3076923076923077
0.25
0.30158730158730157
0.3375
0.5714285714285714
0.2708333333333333
0.2807017543859649
0.29577464788732394
0.32142857142857145
0.26373626373626374
0.3375
0.21686746987951808
0.2553191489361702
0.32098765432098764
0.4523809523809524
0.22826086956521738
0.2727272727272727
0.3023255813953488
0.32
0.26136363636363635
0.34177215189873417
0.3448275862068966
0.32
0.26262626262626265
0.345679012345679
0.36486486486486486
0.26136363636363635
0.26744186046511625
0.2708333333333333
0.5061728395061729
0.3617021276595745
0.31666666666666665
0.25882352941176473
0.2786885245901639
0.296875
0.28
0.2608695652173913
0.28125
0.2608695652173913
0.39436619718309857
0.2222222222222222
0.29333333333333333
0.27419354838709675
0.25287356321839083
0.31666666666666665
0.37362637362637363
0.5641025641025641
0.43333333333333335
0.22916666666666666
0.27586206896551724
0.3050847457627119
0.20833333333333334
0.27058823529411763
0.3978494623655914
0.2839506172839506
0.24175824175824176
0.26153846153846155
0.2535211267605634
0.34615384615384615
0.3409090909090909
0.3375
0.2597402597402597
0.29333333333333333
0.2676056338028169
0.5675675675675675
0.5
0.19753086419753085
0.3333333333333333
0.3333333333333333
0.2982456140350877
0.18181818181818182
0.38235294117647056
0.2804878048780488
0.2222222222222222
0.36046511627906974
0.45714285714285713
0.2903225806451613
0.4
0.2631578947368421
0.5384615384615384
0.3522727272727273
0.5641025641025641
0.30952380952380953
0.41333333333333333
0.25301204819277107
0.3275862068965517
0.2676056338028169
0.3953488372093023
0.23529411764705882
0.2537313432835821
0.29333333333333333
0.28205128205128205
0.3114754098360656
0.32142857142857145
0.2597402597402597
0.23376623376623376
0.24242424242424243
0.3582089552238806
0.4
0.26595744680851063
0.25396825396825395
0.24468085106382978
0.29545454545454547
0.3442622950819672
0.42857142857142855
0.2608695652173913
0.30158730158730157
0.3010752688172043
0.23529411764705882
0.2028985507246377
0.27472527472527475
0.6349206349206349
0.3333333333333333
0.26373626373626374
0.25806451612903225
0.27906976744186046
0.25882352941176473
0.2835820895522388
0.26744186046511625
0.2631578947368421
0.28888888888888886
0.3064516129032258
0.25
0.4067796610169492
0.26666666666666666
0.46987951807228917
0.22535211267605634
0.34328358208955223
0.39473684210526316
0.25301204819277107
0.3230769230769231
0.34444444444444444
0.32954545454545453
0.2903225806451613
0.25
0.3448275862068966
0.17525773195876287
0.26666666666666666
0.2
0.30158730158730157
0.26436781609195403
0.2375
0.3132530120481928
0.34375
0.288135593220339
0.3409090909090909
0.40229885057471265
0.32
0.5063291139240507
0.3076923076923077
0.38181818181818183
0.4482758620689655
0.23232323232323232
0.2696629213483146
0.25
0.3157894736842105
0.391304347826087
0.2708333333333333
0.5128205128205128
0.27692307692307694
0.2876712328767123
0.3488372093023256
0.42528735632183906
0.29411764705882354
0.2698412698412698
0.30952380952380953
0.35294117647058826
0.30952380952380953
0.3924050632911392
0.21428571428571427
0.2891566265060241
0.5714285714285714
0.3409090909090909
0.2247191011235955
0.25
0.24390243902439024
0.27692307692307694
0.41818181818181815
0.325
0.24468085106382978
0.25301204819277107
0.3409090909090909
0.25555555555555554
0.3263157894736842
0.3
0.4177215189873418
0.21649484536082475
0.21739130434782608
0.3263157894736842
0.2535211267605634
0.28735632183908044
0.41304347826086957
0.3283582089552239
0.3333333333333333
0.2619047619047619
0.5
0.21621621621621623
0.26582278481012656
0.3373493975903614
0.28
0.3375
0.30434782608695654
0.25
0.3974358974358974
0.25609756097560976
0.2916666666666667
0.29333333333333333
0.3854166666666667
0.2894736842105263
0.3
0.2967032967032967
0.28735632183908044
0.30434782608695654
0.5061728395061729
0.234375
0.2826086956521739
0.3411764705882353
0.3068181818181818
0.2736842105263158
0.2692307692307692
0.2777777777777778
0.3380281690140845
0.29411764705882354
0.4411764705882353
0.26666666666666666
0.296875
0.2875
0.3402061855670103
0.2702702702702703
0.3442622950819672
0.30337078651685395
0.2857142857142857
0.25609756097560976
0.4025974025974026
0.3048780487804878
0.5714285714285714
0.48484848484848486
0.5945945945945946
0.4024390243902439
0.44047619047619047
0.6774193548387096
0.44642857142857145
0.4936708860759494
0.32978723404255317
0.26582278481012656
0.22727272727272727
0.2604166666666667
0.27692307692307694
0.32432432432432434
0.31666666666666665
0.5714285714285714
0.25333333333333335
0.23469387755102042
0.25
0.30097087378640774
0.34523809523809523
0.2375
0.3835616438356164
0.2804878048780488
0.3611111111111111
0.3023255813953488
0.21052631578947367
0.3375
0.3181818181818182
0.32
0.29333333333333333
0.23404255319148937
0.41333333333333333
0.2441860465116279
0.3875
0.4069767441860465
0.2976190476190476
0.3384615384615385
0.5384615384615384
0.325
0.34523809523809523
0.32954545454545453
0.27710843373493976
0.30120481927710846
0.27710843373493976
0.26865671641791045
0.38202247191011235
0.3163265306122449
0.32
0.5084745762711864
0.27631578947368424
0.25
0.2727272727272727
0.358974358974359
0.3375
0.524390243902439
0.32954545454545453
0.32098765432098764
0.3684210526315789
0.2804878048780488
0.3333333333333333
0.20967741935483872
0.2857142857142857
0.2911392405063291
0.4935064935064935
0.2857142857142857
0.3620689655172414
0.2923076923076923
0.29545454545454547
0.2840909090909091
0.35064935064935066
0.24390243902439024
0.3387096774193548
0.29508196721311475
0.25
0.25
0.27380952380952384
0.33
0.38571428571428573
0.2988505747126437
0.34146341463414637
0.2537313432835821
0.37735849056603776
0.41379310344827586
0.2857142857142857
0.5119047619047619
0.2647058823529412
0.34177215189873417
0.5657894736842105
0.3026315789473684
0.2191780821917808
0.28125
0.27710843373493976
0.28169014084507044
0.25
0.2857142857142857
0.2871287128712871
0.3263157894736842
0.3508771929824561
0.23863636363636365
0.28
0.2558139534883721
0.28125
0.3409090909090909
0.2708333333333333
0.41975308641975306
0.5714285714285714
0.3888888888888889
0.24705882352941178
0.26666666666666666
0.36904761904761907
0.3582089552238806
0.3409090909090909
0.35714285714285715
0.27472527472527475
0.3670886075949367
0.22448979591836735
0.4823529411764706
0.34782608695652173
0.23404255319148937
0.25287356321839083
0.2564102564102564
0.4642857142857143
0.3
0.27906976744186046
0.25
0.24390243902439024
0.30434782608695654
0.3333333333333333
0.26881720430107525
0.29069767441860467
0.24742268041237114
0.35789473684210527
0.43037974683544306
0.3050847457627119
0.22784810126582278
0.4810126582278481
0.36046511627906974
0.3181818181818182
0.21428571428571427
0.358974358974359
0.3563218390804598
0.3253012048192771
0.3333333333333333
0.3508771929824561
0.27586206896551724
0.34545454545454546
0.32727272727272727
0.24705882352941178
0.30952380952380953
0.3170731707317073
0.2653061224489796
0.26229508196721313
0.21739130434782608
0.21839080459770116
0.2987012987012987
0.35443037974683544
0.2222222222222222
0.27380952380952384
0.3764705882352941
0.2702702702702703
0.4520547945205479
0.2564102564102564
0.44155844155844154
0.25301204819277107
0.2631578947368421
0.29850746268656714
0.265625
0.30952380952380953
0.3387096774193548
0.3492063492063492
0.3055555555555556
0.3333333333333333
0.25925925925925924
0.3424657534246575
0.27058823529411763
0.2926829268292683
0.2222222222222222
0.35384615384615387
0.30120481927710846
0.27941176470588236
0.5
0.25757575757575757
0.46153846153846156
0.3424657534246575
0.4
0.3108108108108108
0.3684210526315789
0.2542372881355932
0.28735632183908044
0.4528301886792453
0.42528735632183906
0.2717391304347826
0.26744186046511625
0.3026315789473684
0.22916666666666666
0.3380281690140845
0.56
0.3132530120481928
0.5714285714285714
0.3142857142857143
0.3125
0.5714285714285714
0.25806451612903225
0.3854166666666667
0.3088235294117647
0.26229508196721313
0.3448275862068966
0.2857142857142857
0.24615384615384617
0.36486486486486486
0.25
0.5694444444444444
0.2916666666666667
0.1941747572815534
0.24444444444444444
0.4666666666666667
0.297029702970297
0.2621359223300971
0.325
0.30158730158730157
0.3191489361702128
0.25
0.2804878048780488
0.22972972972972974
0.325
0.30357142857142855
0.2553191489361702
0.25
0.3103448275862069
0.25609756097560976
0.2923076923076923
0.2727272727272727
0.24444444444444444
0.5
0.2465753424657534
0.4675324675324675
0.32
0.35714285714285715
0.2804878048780488
0.35
0.3263157894736842
0.3116883116883117
0.30952380952380953
0.27906976744186046
0.3076923076923077
0.2840909090909091
0.45454545454545453
0.2777777777777778
0.2653061224489796
0.25757575757575757
0.3333333333333333
0.27906976744186046
0.3870967741935484
0.2891566265060241
0.29545454545454547
0.3898305084745763
0.3492063492063492
0.2727272727272727
0.29850746268656714
0.20689655172413793
0.23809523809523808
0.34615384615384615
0.42528735632183906
0.3132530120481928
0.2786885245901639
0.4222222222222222
0.288135593220339
0.2702702702702703
0.30952380952380953
0.275
0.27941176470588236
0.24390243902439024
0.2608695652173913
0.4090909090909091
0.2840909090909091
0.2696629213483146
0.24719101123595505
0.3103448275862069
0.46835443037974683
0.3125
0.36764705882352944
0.3132530120481928
0.2916666666666667
0.43023255813953487
0.3764705882352941
0.2608695652173913
0.3076923076923077
0.2894736842105263
0.32
0.5675675675675675
0.3258426966292135
0.24444444444444444
0.3181818181818182
0.4166666666666667
0.3058823529411765
0.2926829268292683
0.21428571428571427
0.5714285714285714
0.27710843373493976
0.29411764705882354
0.23958333333333334
0.25301204819277107
0.25742574257425743
0.22727272727272727
0.25925925925925924
0.27710843373493976
0.3125
0.328125
0.30337078651685395
0.27710843373493976
0.32142857142857145
0.36923076923076925
0.2727272727272727
0.3466666666666667
0.2898550724637681
0.31868131868131866
0.3559322033898305
0.2808988764044944
0.29333333333333333
0.23076923076923078
0.2830188679245283
0.275
0.27692307692307694
0.25842696629213485
0.23333333333333334
0.5409836065573771
0.56
0.26666666666666666
0.2765957446808511
0.3230769230769231
0.3333333333333333
0.21739130434782608
0.2553191489361702
0.2696629213483146
0.28125
0.43023255813953487
0.29213483146067415
0.34615384615384615
0.4430379746835443
0.2926829268292683
0.5357142857142857
0.5666666666666667
0.2926829268292683
0.27941176470588236
0.3958333333333333
0.25
0.2727272727272727
0.3974358974358974
0.3111111111111111
0.3114754098360656
0.6774193548387096
0.3384615384615385
0.22580645161290322
0.4
0.27058823529411763
0.25274725274725274
0.32954545454545453
0.24468085106382978
0.2549019607843137
0.3103448275862069
0.273972602739726
0.26506024096385544
0.29333333333333333
0.30952380952380953
0.3956043956043956
0.21875
0.2926829268292683
0.32098765432098764
0.37142857142857144
0.27184466019417475
0.2857142857142857
0.3
0.2524271844660194
0.24705882352941178
0.34375
0.23711340206185566
0.28125
0.33962264150943394
0.2948717948717949
0.2840909090909091
0.30357142857142855
0.2894736842105263
0.27710843373493976
0.37777777777777777
0.2631578947368421
0.2777777777777778
0.3953488372093023
0.3116883116883117
0.22105263157894736
0.24675324675324675
0.32098765432098764
0.27380952380952384
0.35443037974683544
0.29347826086956524
0.4
0.21176470588235294
0.24390243902439024
0.3333333333333333
0.34615384615384615
0.5733333333333334
0.29850746268656714
0.325
0.31868131868131866
0.26582278481012656
0.3
0.34523809523809523
0.5119047619047619
0.3125
0.3058823529411765
0.2898550724637681
0.2597402597402597
0.31868131868131866
0.31746031746031744
0.5675675675675675
0.38461538461538464
0.4782608695652174
0.3384615384615385
0.35802469135802467
0.34375
0.25
0.358974358974359
0.4819277108433735
0.3142857142857143
0.2911392405063291
0.25
0.2602739726027397
0.31746031746031744
0.4
0.3050847457627119
0.36065573770491804
0.27848101265822783
0.46774193548387094
0.26881720430107525
0.3176470588235294
0.2765957446808511
0.29473684210526313
0.2857142857142857
0.5584415584415584
0.2982456140350877
0.3230769230769231
0.2840909090909091
0.30864197530864196
0.5512820512820513
0.358974358974359
0.35294117647058826
0.25
0.3181818181818182
0.2761904761904762
0.21739130434782608
0.2647058823529412
0.3064516129032258
0.3076923076923077
0.30952380952380953
0.2631578947368421
0.3595505617977528
0.2727272727272727
0.35384615384615387
0.2988505747126437
0.2602739726027397
0.2535211267605634
0.2696629213483146
0.32
0.29545454545454547
0.26744186046511625
0.25609756097560976
0.36
0.2982456140350877
0.3118279569892473
0.24390243902439024
0.36065573770491804
0.3333333333333333
0.5119047619047619
0.2717391304347826
0.27710843373493976
0.3181818181818182
0.29213483146067415
0.25274725274725274
0.34444444444444444
0.5675675675675675
0.26666666666666666
0.25925925925925924
0.32926829268292684
0.2345679012345679
0.26436781609195403
0.27380952380952384
0.3492063492063492
0.28735632183908044
0.2376237623762376
0.25609756097560976
0.2535211267605634
0.2835820895522388
0.27586206896551724
0.30851063829787234
0.32098765432098764
0.41333333333333333
0.3924050632911392
0.23809523809523808
0.24358974358974358
0.29069767441860467
0.26436781609195403
0.34177215189873417
0.23809523809523808
0.2441860465116279
0.2967032967032967
0.29473684210526313
0.3191489361702128
0.25274725274725274
0.3409090909090909
0.5584415584415584
0.33766233766233766
0.32941176470588235
0.25
0.3372093023255814
0.3283582089552239
0.2537313432835821
0.3076923076923077
0.24705882352941178
0.5584415584415584
0.32989690721649484
0.24675324675324675
0.2535211267605634
0.38095238095238093
0.37142857142857144
0.3013698630136986
0.40789473684210525
0.25
0.25806451612903225
0.26865671641791045
0.2727272727272727
0.23809523809523808
0.25
0.2711864406779661
0.45121951219512196
0.25675675675675674
0.37777777777777777
0.4722222222222222
0.328125
0.3230769230769231
0.3617021276595745
0.32142857142857145
0.26136363636363635
0.2988505747126437
0.5
0.25
0.5375
0.3103448275862069
0.28735632183908044
0.2638888888888889
0.4810126582278481
0.3076923076923077
0.5454545454545454
0.3132530120481928
0.27906976744186046
0.2717391304347826
0.2903225806451613
0.2826086956521739
0.3402061855670103
0.2535211267605634
0.5584415584415584
0.4482758620689655
0.3146067415730337
0.3188405797101449
0.22727272727272727
0.22448979591836735
0.32
0.28169014084507044
0.358974358974359
0.2571428571428571
0.27586206896551724
0.4533333333333333
0.27710843373493976
0.33707865168539325
0.3170731707317073
0.29411764705882354
0.3375
0.23404255319148937
0.24242424242424243
0.3333333333333333
0.35064935064935066
0.3103448275862069
0.3375
0.3132530120481928
0.2736842105263158
0.42528735632183906
0.27380952380952384
0.32098765432098764
0.26744186046511625
0.3950617283950617
0.3953488372093023
0.34444444444444444
0.26436781609195403
0.2753623188405797
0.3382352941176471
0.3181818181818182
0.30952380952380953
0.3064516129032258
0.24175824175824176
0.3291139240506329
0.20987654320987653
0.3815789473684211
0.24615384615384617
0.3582089552238806
0.26744186046511625
0.5789473684210527
0.359375
0.27956989247311825
0.3375
0.3181818181818182
0.3375
0.4
0.38095238095238093
0.2903225806451613
0.5119047619047619
0.27941176470588236
0.3
0.25688073394495414
0.2619047619047619
0.2808988764044944
0.2698412698412698
0.3409090909090909
0.24691358024691357
0.5641025641025641
0.27419354838709675
0.2619047619047619
0.5066666666666667
0.24358974358974358
0.2857142857142857
0.42857142857142855
0.3333333333333333
0.26136363636363635
0.29411764705882354
0.3764705882352941
0.3333333333333333
0.4230769230769231
0.5
0.34831460674157305
0.2777777777777778
0.3150684931506849
0.2962962962962963
0.3472222222222222
0.24731182795698925
0.2318840579710145
0.24691358024691357
0.288135593220339
0.2727272727272727
0.265625
0.30526315789473685
0.325
0.29333333333333333
0.2
0.29333333333333333
0.27586206896551724
0.3
0.25925925925925924
0.2727272727272727
0.26744186046511625
0.5694444444444444
0.25
0.28888888888888886
0.3333333333333333
0.3114754098360656
0.31343283582089554
0.27058823529411763
0.27184466019417475
0.3048780487804878
0.46153846153846156
0.3291139240506329
0.30985915492957744
0.3384615384615385
0.5641025641025641
0.358974358974359
0.3253012048192771
0.2608695652173913
0.3392857142857143
0.18085106382978725
0.32
0.3170731707317073
0.34615384615384615
0.3220338983050847
0.5641025641025641
0.297029702970297
0.25773195876288657
0.2916666666666667
0.21739130434782608
0.2857142857142857
0.3655913978494624
0.3116883116883117
0.25
0.2708333333333333
0.3333333333333333
0.2375
0.2696629213483146
0.2857142857142857
0.3181818181818182
0.27058823529411763
0.5681818181818182
0.3617021276595745
0.25
0.2345679012345679
0.30864197530864196
0.288135593220339
0.23711340206185566
0.24050632911392406
0.29545454545454547
0.3972602739726027
0.2857142857142857
0.27835051546391754
0.3424657534246575
0.27058823529411763
0.3010752688172043
0.29411764705882354
0.2978723404255319
0.3380281690140845
0.2978723404255319
0.2535211267605634
0.2714285714285714
0.3684210526315789
0.31666666666666665
0.34523809523809523
0.3375
0.26
0.2079207920792079
0.4153846153846154
0.2840909090909091
0.31521739130434784
0.3146067415730337
0.26605504587155965
0.35294117647058826
0.2926829268292683
0.26582278481012656
0.27692307692307694
0.3488372093023256
0.37362637362637363
0.28125
0.5
0.28865979381443296
0.2962962962962963
0.3974358974358974
0.29333333333333333
0.4157303370786517
0.3013698630136986
0.29577464788732394
0.3275862068965517
0.3283582089552239
0.34615384615384615
0.2804878048780488
0.2988505747126437
0.27586206896551724
0.4166666666666667
0.25301204819277107
0.4936708860759494
0.29333333333333333
0.5119047619047619
0.2727272727272727
0.27692307692307694
0.2962962962962963
0.2982456140350877
0.29213483146067415
0.25
0.3561643835616438
0.24444444444444444
0.32926829268292684
0.36363636363636365
0.28888888888888886
0.32142857142857145
0.2755102040816326
0.4074074074074074
0.3333333333333333
0.27692307692307694
0.30666666666666664
0.3275862068965517
0.2987012987012987
0.24175824175824176
0.2988505747126437
0.32098765432098764
0.3
0.313953488372093
0.27848101265822783
0.24444444444444444
0.24390243902439024
0.25555555555555554
0.3968253968253968
0.34782608695652173
0.25609756097560976
0.3023255813953488
0.37037037037037035
0.3125
0.26436781609195403
0.25806451612903225
0.5512820512820513
0.2978723404255319
0.32786885245901637
0.336734693877551
0.5263157894736842
0.20689655172413793
0.25287356321839083
0.4
0.34444444444444444
0.2328767123287671
0.2537313432835821
0.30952380952380953
0.2765957446808511
0.3170731707317073
0.36363636363636365
0.31343283582089554
0.3368421052631579
0.2857142857142857
0.2268041237113402
0.2982456140350877
0.3253012048192771
0.29473684210526313
0.5384615384615384
0.3125
0.32
0.2926829268292683
0.32142857142857145
0.2619047619047619
0.3465346534653465
0.19230769230769232
0.3037974683544304
0.475
0.3333333333333333
0.24210526315789474
0.38461538461538464
0.2804878048780488
0.47058823529411764
0.27586206896551724
0.3375
0.297029702970297
0.25675675675675674
0.2696629213483146
0.22535211267605634
0.26865671641791045
0.36363636363636365
0.42857142857142855
0.25
0.2857142857142857
0.3548387096774194
0.2696629213483146
0.27710843373493976
0.4157303370786517
0.24444444444444444
0.25925925925925924
0.1917808219178082
0.5125
0.34375
0.2698412698412698
0.3116883116883117
0.25555555555555554
0.5571428571428572
0.2926829268292683
0.32941176470588235
0.5657894736842105
0.265625
0.28735632183908044
0.3655913978494624
0.2857142857142857
0.38571428571428573
0.32142857142857145
0.35
0.2982456140350877
0.24193548387096775
0.3626373626373626
0.4523809523809524
0.26582278481012656
0.38372093023255816
0.5058823529411764
0.2558139534883721
0.29333333333333333
0.2765957446808511
0.25316455696202533
0.31666666666666665
0.40217391304347827
0.45
0.2833333333333333
0.35
0.2716049382716049
0.26744186046511625
0.29333333333333333
0.4457831325301205
0.2375
0.2696629213483146
0.3114754098360656
0.3114754098360656
0.3626373626373626
0.375
0.3375
0.25609756097560976
0.26136363636363635
0.2375
0.25842696629213485
0.3333333333333333
0.23863636363636365
0.38095238095238093
0.5675675675675675
0.35135135135135137
0.3
0.25806451612903225
0.40963855421686746
0.367816091954023
0.38333333333333336
0.3448275862068966
0.3148148148148148
0.2619047619047619
0.2891566265060241
0.36363636363636365
0.5921052631578947
0.2804878048780488
0.2625
0.2807017543859649
0.29333333333333333
0.3026315789473684
0.26744186046511625
0.2222222222222222
0.2345679012345679