0.3442622950819672
0.3614457831325301
0.4
0.2558139534883721
0.3076923076923077
0.27419354838709675
0.29508196721311475
0.37254901960784315
0.27906976744186046
0.25
0.28421052631578947
0.36231884057971014
0.25510204081632654
0.2361111111111111
0.2537313432835821
0.3875
0.34210526315789475
0.19736842105263158
0.3181818181818182
0.2903225806451613
0.2727272727272727
0.32894736842105265
0.2876712328767123
0.3548387096774194
0.42857142857142855
0.273972602739726
0.3709677419354839
0.3018867924528302
0.24742268041237114
0.30434782608695654
0.3793103448275862
0.3
0.26229508196721313
0.3373493975903614
0.33783783783783783
0.2682926829268293
0.3382352941176471
0.29850746268656714
0.23376623376623376
0.21428571428571427
0.30864197530864196
0.2857142857142857
0.32926829268292684
0.18518518518518517
0.2638888888888889
0.26804123711340205
0.379746835443038
0.3392857142857143
0.5
0.24561403508771928
0.35294117647058826
0.2413793103448276
0.26865671641791045
0.2808988764044944
0.1891891891891892
0.38235294117647056
0.4745762711864407
0.22413793103448276
0.3684210526315789
0.3114754098360656
0.24358974358974358
0.3492063492063492
0.19767441860465115
0.29213483146067415
0.2542372881355932
0.35526315789473684
0.4142857142857143
0.26136363636363635
0.3409090909090909
0.3246753246753247
0.203125
0.2631578947368421
0.35714285714285715
0.2571428571428571
0.391304347826087
0.3023255813953488
0.42105263157894735
0.35
0.25
0.26666666666666666
0.3333333333333333
0.23076923076923078
0.3
0.23076923076923078
0.36764705882352944
0.35294117647058826
0.21518987341772153
0.28125
0.41818181818181815
0.288135593220339
0.3492063492063492
0.2247191011235955
0.296875
0.30434782608695654
0.3333333333333333
0.25
0.30158730158730157
0.36666666666666664
0.3225806451612903
0.26666666666666666
0.2413793103448276
0.3620689655172414
0.3283582089552239
0.3488372093023256
0.3076923076923077
0.23170731707317074
0.25
0.3125
0.4
0.17647058823529413
0.3392857142857143
0.3230769230769231
0.4406779661016949
0.27058823529411763
0.3448275862068966
0.3448275862068966
0.3877551020408163
0.23728813559322035
0.2898550724637681
0.2727272727272727
0.5333333333333333
0.5666666666666667
0.30666666666666664
0.2878787878787879
0.288135593220339
0.6226415094339622
0.37254901960784315
0.45161290322580644
0.2537313432835821
0.2962962962962963
0.26262626262626265
0.23728813559322035
0.2857142857142857
0.4186046511627907
0.4074074074074074
0.32142857142857145
0.26666666666666666
0.31746031746031744
0.22535211267605634
0.32098765432098764
0.38333333333333336
0.25
0.3048780487804878
0.36923076923076925
0.3493975903614458
0.25925925925925924
0.2535211267605634
0.3333333333333333
0.3472222222222222
0.3064516129032258
0.38333333333333336
0.35
0.2727272727272727
0.21052631578947367
0.3695652173913043
0.2898550724637681
0.390625
0.3333333333333333
0.4117647058823529
0.2318840579710145
0.38095238095238093
0.3333333333333333
0.3
0.273972602739726
0.345679012345679
0.3037974683544304
0.30303030303030304
0.24719101123595505
0.31343283582089554
0.2602739726027397
0.4
0.36619718309859156
0.23684210526315788
0.36764705882352944
0.34782608695652173
0.3793103448275862
0.3076923076923077
0.3157894736842105
0.42
0.3225806451612903
0.423728813559322
0.18292682926829268
0.3076923076923077
0.3333333333333333
0.38461538461538464
0.25
0.5757575757575758
0.36363636363636365
0.27710843373493976
0.2222222222222222
0.3125
0.4222222222222222
0.4426229508196721
0.16470588235294117
0.3448275862068966
0.21052631578947367
0.25
0.25675675675675674
0.20634920634920634
0.3055555555555556
0.3709677419354839
0.3958333333333333
0.3373493975903614
0.17073170731707318
0.40384615384615385
0.4444444444444444
0.2708333333333333
0.19318181818181818
0.2463768115942029
0.27906976744186046
0.2676056338028169
0.323943661971831
0.3611111111111111
0.328125
0.2631578947368421
0.31343283582089554
0.2972972972972973
0.21333333333333335
0.265625
0.2375
0.3559322033898305
0.3235294117647059
0.38235294117647056
0.32894736842105265
0.3684210526315789
0.31645569620253167
0.39655172413793105
0.3142857142857143
0.20833333333333334
0.1794871794871795
0.24691358024691357
0.2261904761904762
0.23943661971830985
0.3387096774193548
0.29411764705882354
0.24444444444444444
0.2608695652173913
0.4027777777777778
0.3088235294117647
0.35
0.3559322033898305
0.3780487804878049
0.47619047619047616
0.36619718309859156
0.2571428571428571
0.23529411764705882
0.2318840579710145
0.3076923076923077
0.3088235294117647
0.3584905660377358
0.23170731707317074
0.39622641509433965
0.24719101123595505
0.2463768115942029
0.29508196721311475
0.44680851063829785
0.29333333333333333
0.35365853658536583
0.31746031746031744
0.30434782608695654
0.22972972972972974
0.24691358024691357
0.2638888888888889
0.3050847457627119
0.2682926829268293
0.2602739726027397
0.2631578947368421
0.24324324324324326
0.28125
0.2823529411764706
0.3246753246753247
0.22784810126582278
0.35185185185185186
0.30434782608695654
0.3013698630136986
0.23376623376623376
0.35714285714285715
0.391304347826087
0.24096385542168675
0.3448275862068966
0.373134328358209
0.22058823529411764
0.2125
0.35
0.3728813559322034
0.24
0.34545454545454546
0.4318181818181818
0.3283582089552239
0.36363636363636365
0.3448275862068966
0.25
0.2948717948717949
0.4
0.24615384615384617
0.296875
0.2682926829268293
0.2962962962962963
0.2727272727272727
0.1794871794871795
0.4444444444444444
0.37333333333333335
0.4126984126984127
0.37037037037037035
0.3181818181818182
0.375
0.2923076923076923
0.25
0.3150684931506849
0.25862068965517243
0.2702702702702703
0.20967741935483872
0.35384615384615387
0.22826086956521738
0.3333333333333333
0.3076923076923077
0.275
0.32786885245901637
0.3116883116883117
0.25609756097560976
0.37142857142857144
0.27419354838709675
0.3387096774193548
0.3384615384615385
0.273972602739726
0.2857142857142857
0.3064516129032258
0.2558139534883721
0.36363636363636365
0.30158730158730157
0.359375
0.36231884057971014
0.30303030303030304
0.22580645161290322
0.3013698630136986
0.27631578947368424
0.27380952380952384
0.275
0.23684210526315788
0.42857142857142855
0.4057971014492754
0.24285714285714285
0.3
0.3125
0.2631578947368421
0.3888888888888889
0.38461538461538464
0.2894736842105263
0.288135593220339
0.2465753424657534
0.3404255319148936
0.30434782608695654
0.24096385542168675
0.18478260869565216
0.2375
0.28169014084507044
0.34375
0.3220338983050847
0.2823529411764706
0.5084745762711864
0.4117647058823529
0.26666666666666666
0.3902439024390244
0.37142857142857144
0.24242424242424243
0.3137254901960784
0.2833333333333333
0.30303030303030304
0.29411764705882354
0.352112676056338
0.2716049382716049
0.3387096774193548
0.36231884057971014
0.2597402597402597
0.3888888888888889
0.35294117647058826
0.24719101123595505
0.2823529411764706
0.34375
0.3793103448275862
0.2898550724637681
0.2857142857142857
0.3076923076923077
0.2318840579710145
0.3088235294117647
0.30666666666666664
0.21052631578947367
0.36363636363636365
0.2153846153846154
0.2191780821917808
0.3384615384615385
0.39759036144578314
0.42105263157894735
0.37142857142857144
0.19444444444444445
0.3466666666666667
0.26744186046511625
0.18055555555555555
0.2702702702702703
0.32894736842105265
0.2840909090909091
0.3088235294117647
0.32786885245901637
0.3103448275862069
0.29850746268656714
0.40816326530612246
0.3157894736842105
0.375
0.23376623376623376
0.38961038961038963
0.48717948717948717
0.3698630136986301
0.4067796610169492
0.2988505747126437
0.27941176470588236
0.31666666666666665
0.3146067415730337
0.2903225806451613
0.30434782608695654
0.25333333333333335
0.24193548387096775
0.3013698630136986
0.29850746268656714
0.30434782608695654
0.36363636363636365
0.4883720930232558
0.25675675675675674
0.3076923076923077
0.3472222222222222
0.3448275862068966
0.273972602739726
0.3114754098360656
0.4838709677419355
0.2222222222222222
0.23809523809523808
0.2608695652173913
0.35
0.2833333333333333
0.25609756097560976
0.42857142857142855
0.24285714285714285
0.3684210526315789
0.2839506172839506
0.3157894736842105
0.2631578947368421
0.20430107526881722
0.4084507042253521
0.17073170731707318
0.25287356321839083
0.3125
0.3253012048192771
0.2571428571428571
0.41379310344827586
0.3125
0.2857142857142857
0.4406779661016949
0.2597402597402597
0.2972972972972973
0.375
0.2608695652173913
0.359375
0.3877551020408163
0.45161290322580644
0.3146067415730337
0.30303030303030304
0.2878787878787879
0.26666666666666666
0.23684210526315788
0.37037037037037035
0.32894736842105265
0.3561643835616438
0.3448275862068966
0.25
0.25
0.2727272727272727
0.3048780487804878
0.3235294117647059
0.26582278481012656
0.3181818181818182
0.24691358024691357
0.2875
0.3466666666666667
0.32051282051282054
0.26785714285714285
0.4
0.3442622950819672
0.4166666666666667
0.3770491803278688
0.4
0.2976190476190476
0.8085106382978723
0.19480519480519481
0.26666666666666666
0.2696629213483146
0.27586206896551724
0.29850746268656714
0.3230769230769231
0.23376623376623376
0.29411764705882354
0.35384615384615387
0.25316455696202533
0.35384615384615387
0.38596491228070173
0.24358974358974358
0.34375
0.29850746268656714
0.2857142857142857
0.25842696629213485
0.3508771929824561
0.3235294117647059
0.2375
0.3150684931506849
0.36666666666666664
0.27058823529411763
0.2753623188405797
0.47692307692307695
0.25925925925925924
0.2692307692307692
0.24242424242424243
0.21978021978021978
0.2535211267605634
0.48214285714285715
0.23333333333333334
0.40425531914893614
0.2708333333333333
0.2345679012345679
0.35
0.4634146341463415
0.5238095238095238
0.3472222222222222
0.26666666666666666
0.24193548387096775
0.36065573770491804
0.18888888888888888
0.38461538461538464
0.2702702702702703
0.38095238095238093
0.31746031746031744
0.3114754098360656
0.30303030303030304
0.2289156626506024
0.23376623376623376
0.43283582089552236
0.21428571428571427
0.375
0.3472222222222222
0.34
0.39285714285714285
0.20588235294117646
0.35185185185185186
0.2786885245901639
0.33783783783783783
0.2835820895522388
0.2602739726027397
0.2727272727272727
0.28169014084507044
0.2236842105263158
0.25
0.328125
0.296875
0.2222222222222222
0.2835820895522388
0.27586206896551724
0.23684210526315788
0.3283582089552239
0.3116883116883117
0.25
0.23529411764705882
0.3157894736842105
0.36486486486486486
0.2361111111111111
0.40425531914893614
0.32857142857142857
0.2857142857142857
0.32608695652173914
0.25842696629213485
0.328125
0.30666666666666664
0.3157894736842105
0.23076923076923078
0.25925925925925924
0.24705882352941178
0.3582089552238806
0.3561643835616438
0.2702702702702703
0.22077922077922077
0.313953488372093
0.3333333333333333
0.3508771929824561
0.43902439024390244
0.20634920634920634
0.26373626373626374
0.24561403508771928
0.27941176470588236
0.25609756097560976
0.2159090909090909
0.2345679012345679
0.5285714285714286
0.24096385542168675
0.38028169014084506
0.4342105263157895
0.17333333333333334
0.23943661971830985
0.2537313432835821
0.2878787878787879
0.2465753424657534
0.28378378378378377
0.40350877192982454
0.21333333333333335
0.2318840579710145
0.38095238095238093
0.25757575757575757
0.4666666666666667
0.21621621621621623
0.21621621621621623
0.22988505747126436
0.21428571428571427
0.21052631578947367
0.24468085106382978
0.28378378378378377
0.25675675675675674
0.2698412698412698
0.3225806451612903
0.3114754098360656
0.3026315789473684
0.31746031746031744
0.2962962962962963
0.21839080459770116
0.25
0.28205128205128205
0.3037974683544304
0.375
0.24050632911392406
0.2222222222222222
0.27906976744186046
0.29411764705882354
0.55
0.28205128205128205
0.3064516129032258
0.31666666666666665
0.24615384615384617
0.37142857142857144
0.2696629213483146
0.28125
0.3220338983050847
0.4166666666666667
0.273972602739726
0.4084507042253521
0.25
0.3114754098360656
0.2191780821917808
0.32727272727272727
0.20987654320987653
0.21176470588235294
0.3157894736842105
0.3333333333333333
0.23170731707317074
0.29545454545454547
0.3235294117647059
0.27848101265822783
0.37037037037037035
0.59375
0.22388059701492538
0.48717948717948717
0.25
0.38095238095238093
0.33766233766233766
0.29411764705882354
0.3373493975903614
0.29850746268656714
0.2911392405063291
0.375
0.5161290322580645
0.32051282051282054
0.2923076923076923
0.27710843373493976
0.23943661971830985
0.421875
0.3114754098360656
0.21621621621621623
0.30666666666666664
0.39344262295081966
0.22
0.4117647058823529
0.4838709677419355
0.2222222222222222
0.21978021978021978
0.25842696629213485
0.2564102564102564
0.35294117647058826
0.26136363636363635
0.3050847457627119
0.3291139240506329
0.23076923076923078
0.2777777777777778
0.3064516129032258
0.24615384615384617
0.25925925925925924
0.32432432432432434
0.2923076923076923
0.45454545454545453
0.3384615384615385
0.3283582089552239
0.391304347826087
0.24285714285714285
0.358974358974359
0.3258426966292135
0.35714285714285715
0.3472222222222222
0.31666666666666665
0.35294117647058826
0.33766233766233766
0.2535211267605634
0.22857142857142856
0.2112676056338028
0.36666666666666664
0.2916666666666667
0.543859649122807
0.23943661971830985
0.4
0.2777777777777778
0.3181818181818182
0.34523809523809523
0.3
0.39705882352941174
0.27586206896551724
0.3709677419354839
0.3958333333333333
0.2833333333333333
0.4
0.375
0.38235294117647056
0.26436781609195403
0.29850746268656714
0.3709677419354839
0.36486486486486486
0.3157894736842105
0.34615384615384615
0.375
0.3188405797101449
0.22077922077922077
0.3888888888888889
0.28378378378378377
0.35714285714285715
0.3384615384615385
0.2876712328767123
0.2714285714285714
0.3902439024390244
0.35526315789473684
0.3728813559322034
0.32941176470588235
0.3235294117647059
0.3194444444444444
0.25
0.32926829268292684
0.2602739726027397
0.27848101265822783
0.3026315789473684
0.2857142857142857
0.3333333333333333
0.2318840579710145
0.2625
0.3684210526315789
0.2441860465116279
0.3287671232876712
0.2876712328767123
0.41304347826086957
0.22950819672131148
0.23880597014925373
0.3382352941176471
0.3191489361702128
0.3116883116883117
0.29411764705882354
0.2823529411764706
0.1794871794871795
0.3898305084745763
0.29411764705882354
0.2727272727272727
0.3582089552238806
0.42
0.17567567567567569
0.25
0.28169014084507044
0.26865671641791045
0.32222222222222224
0.3026315789473684
0.3076923076923077
0.2441860465116279
0.2647058823529412
0.34782608695652173
0.4177215189873418
0.36538461538461536
0.3142857142857143
0.32857142857142857
0.35714285714285715
0.3176470588235294
0.2976190476190476
0.3829787234042553
0.22666666666666666
0.3793103448275862
0.39705882352941174
0.23076923076923078
0.3709677419354839
0.25
0.24390243902439024
0.265625
0.2923076923076923
0.44680851063829785
0.2903225806451613
0.3013698630136986
0.40625