-0.5040262586885299
-0.22644046610016125
-0.21763310076454256
-0.4087507995294062
-0.3057344210330475
-0.5623715359094542
-0.3756780169002056
-0.5372592565837684
-0.28066575256814374
-0.37096351244261794
-0.3998605887800533
-0.3146278436794295
-0.36612535500474
-0.3241100226898856
-0.40214342997856534
-0.5957570597029637
-0.3804453353947774
-0.25968752599853456
-0.3693351792439163
-0.5294228935060454
-0.4837462806961201
-0.3408182253677722
-0.4762909453851395
-0.4477680509145817
-0.23004017774081414
-0.3148777946938088
-0.3659619891757525
-0.26060886176851245
-0.28807812491100776
-0.5066218140102002
-0.5111056912301964
-0.3664293786867316
-0.782263395947557
-0.36071985930916256
-0.2830804388620595
-0.48498064563918536
-0.65009760825196
-0.4428635138316232
-0.45746535798799
-0.2859825362000155
-0.391715132113109
-0.43958119729080763
-0.5448132331824369
-0.3505538815224126
-0.2951051337926496
-0.2648614278467513
-0.4773975782959951
-0.2733715474133818
-0.28963868740210047
-0.4705530168970403
-0.36701500888808447
-0.39840301531142885
-0.528722537189617
-0.40408535619064034
-0.28374426147863924
-0.7180694433624459
-0.3104589442476535
-0.5595658145356345
-0.40261648867151584
-0.5498628539737017
-0.2873080164052966
-0.4117090785945314
-0.3608672870564351
-0.3493985088376661
-0.4703124076516386
-0.32453647632743476
-0.3445226205316203
-0.2656863645687839
-0.34437939092364805
-0.387926977781677
-0.4584994546745273
-0.44832276220881856
-0.42582014874480073
-0.4250257523740012
-0.3270947477783874
-0.2380156485674626
-0.36697816715618503
-0.27895721498965975
-0.8970758201321587
-0.39579373964089914
-0.3943821629566092
-0.6084502623524486
-0.3895699214673478
-0.34134601917441154
-0.3323573183408697
-0.4588891225618587
-0.31165745573524517
-0.39333347203338426
-0.5109557128644677
-0.536306528118244
-0.39015581860947113
-0.3659709388424664
-0.393385818051266
-0.5146992233611883
-0.6149591203373671
-0.4387696385240991
-0.4030731448992394
-0.6658036879596063
-0.45978566161553835
-0.7231692277151333
-0.3426334527004168
-0.4963004449562618
-0.2987711232844276
-0.35502396416571474
-0.28888946225514445
-0.4403171452544676
-0.34155184525407
-0.429379467877637
-0.3053441656023824
-0.43233556072101464
-0.42761001769237433
-0.49994342394320856
-0.29346215351861005
-0.3077677301163687
-0.4060490085806919
-0.32866323920412
-0.43033811595925003
-0.34530027723851486
-0.33028685343249076
-0.46653018385787465
-0.3694418643800799
-0.4542442089648014
-0.4224383237248478
-0.3350454149706887
-0.49325817088107893
-0.27401925604053357
-0.19321242423692656
-0.3558934148240528
-0.5015700531290886
-0.3038140030936318
-0.37909755410534635
-0.6062747160737458
-0.29757592643669756
-0.8850982621396807
-0.5411037464600355
-0.6026501610056793
-0.2923542252439145
-0.40123209629383894
-0.46384253308933693
-0.42811796001698144
-0.29865006400346855
-0.5072974598307279
-0.3815484551727337
-0.31942580273496957
-0.4098512819981534
-0.24521978128348343
-0.5512830508755795
-0.3067754207200743
-0.5184644286401313
-0.43258965756638756
-0.2689651506794274
-0.7538857332455889
-0.35923171339260723
-0.4031593271691708
-0.3214970075546132
-0.2314111224186468
-0.36938137234392315
-0.5262017258381528
-0.34919655678996603
-0.30092286120750766
-0.36293158863386943
-0.3900150993495391
-0.313225007315752
-0.3517168955268457
-0.2497204578628022
-0.5513744207562045
-0.40589817862183963
-0.4557161240990455
-0.3837328680026351
-0.2747825069650556
-0.3217016824221691
-0.4537574102254742
-0.35168260473421514
-0.4719846609885756
-0.40133714238086626
-0.41975665803664697
-0.38398511914829214
-0.2715694823775857
-0.27572357254168306
-0.4378390145782632
-0.5334909743584149
-0.3657611039260409
-0.3821388295755327
-0.4560947159514336
-0.3334309577781687
-0.3281933257212775
-0.3919138381901901
-0.3201922893960045
-0.35433162354650705
-0.34092944688577137
-0.4009935934871767
-0.39089933536245425
-0.4575058751576634
-0.3395724635666427
-0.3309341689681055
-0.3825098104127534
-0.38321762849003116
-0.32829643366790734
-0.22250591787746998
-0.4469835649406293
-0.24758928226661478
-0.37398813605374503
-0.49724990119761187
-0.3072584775979135
-0.4722757508472076
-0.24692149606838426
-0.3867271039713452
-0.5629869451985808
-0.3601092565741712
-0.5970358407547186
-0.3683036132755487
-0.4498645560620621
-0.48673056512162866
-0.36206699768431705
-0.3811260569725903
-0.3021092879113352
-1.002114988132456
-0.3058396786088527
-0.3545089139723096
-0.37111297601714616
-0.6171370964760705
-0.3869056702358642
-0.3473336954524227
-0.33692556075454644
-0.23407691063262698
-0.29729551075367583
-0.34849561263158013
-0.4247537103712642
-0.4638511358497365
-0.41267285052052943
-0.39590988152701373
-0.3249161851110668
-0.4245092671024961
-0.40050102582233016
-0.3997121826742791
-0.3628456921499189
-0.29919792966229186
-0.5433829849545521
-0.2869291917111678
-0.4126808519955566
-0.36246427905752576
-0.38147687191697977
-0.2273730551882391
-0.28304095656812933
-0.348842580793981
-0.59356747096924
-0.447685768092769
-0.35739891820140945
-0.44512069670583054
-0.4728075305699087
-0.39427674937394386
-0.3363747158107813
-0.3801409186630697
-0.4126560134431838
-0.3461179116833578
-0.28608293670094953
-0.39612486148434983
-0.4047676655934917
-0.5568834160993378
-0.40689887175256223
-0.38950689165846497
-0.3181783095021404
-0.3640661016184114
-0.2906360995813202
-0.6079798589760088
-0.28386004320978236
-0.27935887771558754
-0.3265216674516468
-0.40155925400051334
-0.28012305608619736
-0.41270438639234075
-0.3387645924516528
-0.39341842138077127
-0.3291686264735051
-0.32399689551346494
-0.4720587499576709
-0.4667113449697354
-0.4248476352956858
-0.38734987620772127
-0.39222559356193676
-0.35532868949497665
-0.4272452804070775
-0.2757817648496778
-0.6363027427617686
-0.22617907137691126
-0.5091861274574306
-0.4748180401432076
-0.7388725504353472
-0.5031382380089909
-0.41225433867468836
-0.459055328632644
-0.5197367470694487
-0.5308299157656083
-0.46709376585275814
-0.40415630769625394
-0.4228746133118339
-0.6123944354711545
-0.5737622683975954
-0.5509003393571927
-0.5117417712668505
-0.3368940752885116
-0.32916526384274725
-0.4519886947327098
-0.2331664405101129
-0.32455083039061927
-0.6646146599388885
-0.4220704275638885
-0.5475869478609988
-0.4186739146300812
-0.40274529662606906
-0.26367147979626715
-0.6529158228242328
-0.2475050969684768
-0.17629469275846077
-0.3159464417941091
-0.37800843567227577
-0.5385464126803142
-0.2340031200796551
-0.5828340226987191
-0.4183401948397231