427.50800000000015
479.4800000000002
367.452
278.337
260.366
452.4660000000002
219.29199999999997
211.28999999999996
371.8200000000002
321.365
405.4060000000001
386.52100000000013
336.482
357.37000000000006
439.55600000000015
500.5960000000003
455.3800000000002
378.8560000000003
395.41500000000013
384.4570000000001
440.5250000000004
505.5920000000002
386.4730000000002
313.42600000000004
322.412
369.4490000000001
428.4960000000002
391.4310000000002
421.47200000000004
278.307
408.4830000000002
474.9660000000001
236.34
381.8190000000001
427.5300000000003
385.93500000000006
396.46800000000013
265.73999999999995
360.4820000000001
466.56300000000005
383.4000000000001
347.418
407.45200000000006
320.35200000000003
381.46500000000003
356.40700000000004
448.5480000000001
237.60799999999995
346.45900000000006
466.9500000000001
432.4980000000002
284.403
367.40500000000014
463.51900000000023
435.5010000000002
431.49600000000015
460.5520000000003
225.25500000000002
310.31300000000005
357.41
390.4460000000001
400.47900000000027
351.4280000000001
228.267
502.7320000000005
378.5160000000002
243.26600000000002
332.759
356.3780000000001
411.50200000000024
307.38200000000006
300.314
351.305
344.253
231.29900000000004
277.284
376.4310000000001
393.4430000000001
426.58800000000014
307.77700000000004
456.4680000000002
327.403
204.22899999999998
353.42600000000016
317.3260000000001
378.85900000000004
448.97600000000017
229.23900000000003
458.54000000000025
236.3389999999999
399.4980000000001
413.56200000000024
216.32800000000003
307.3710000000001
403.91300000000007
366.8740000000002
389.52400000000006
374.37800000000016
429.5200000000003
490.53900000000016
388.4710000000002
487.62200000000036
283.32700000000006
366.45199999999994
301.30199999999996
380.53200000000004
250.25399999999996
335.41100000000006
349.85800000000023
285.38699999999994
271.2800000000001
352.39000000000016
312.395
415.4860000000002
334.353
504.6310000000005
271.316
350.3740000000001
340.36400000000003
188.22600000000003
376.3860000000001
422.50300000000027
288.34700000000004
252.226
397.49600000000015
340.77
395.4590000000002
344.36700000000013
394.5990000000002
448.52700000000016
429.58400000000023
395.93100000000015
342.439
433.46400000000017
451.5010000000004
315.394
359.5140000000002
293.301
443.5260000000001
318.4650000000001
403.48600000000016
410.49200000000025
294.354
248.36999999999998
544.6960000000004
241.29
391.47100000000006
497.41400000000016
213.34999999999997
442.5630000000003
364.4090000000001
345.24
499.58900000000045
463.8960000000002
588.1260000000002
407.8760000000001
172.231
305.33700000000005
442.0250000000002
384.8920000000002
439.9680000000002
245.24200000000002
404.46600000000024
438.53000000000014
250.36699999999996
210.25799999999998
281.35599999999994
399.4430000000002
394.4780000000002
446.51100000000025
271.70300000000003
350.4400000000001
379.4410000000001
453.54200000000026
434.51100000000014
407.4730000000002
316.36100000000005
402.49400000000014
283.12100000000004
453.56800000000015
429.5170000000001
332.363
352.83899999999994
368.4370000000001
397.9060000000002
499.5890000000002
324.37600000000003
374.80899999999997
348.2250000000001
316.26900000000006
270.29200000000003
555.7040000000003
465.5460000000002
464.5070000000002
407.4050000000001
319.36400000000003
417.8930000000003
338.35900000000004
283.331
294.314
333.7710000000001
317.297
343.818
328.824
280.364
409.5110000000002
486.6150000000003
449.5770000000002
304.80600000000004
394.4960000000001
403.45600000000024
327.40900000000005
393.6000000000002
428.5100000000003
310.26900000000006
493.60400000000016
274.284
317.37
348.428
411.5060000000003
302.399
382.4890000000001
275.695
434.35600000000005
428.4360000000001
316.3530000000001
316.7480000000001
407.85700000000014
351.85900000000004
406.51100000000014
384.4610000000002
468.61600000000027
288.37600000000003
465.6190000000002
296.37100000000004
412.5150000000001
368.3150000000001
261.241
475.52400000000017
332.42500000000007
339.307
400.5480000000002
457.6210000000002
279.36899999999997
573.5020000000002
407.3760000000001
541.6740000000002
442.4930000000001
405.90700000000015
374.49500000000006
399.4720000000002
305.34100000000007
235.352
424.5890000000002
361.832
383.4480000000001
316.401
381.4760000000001
454.3240000000002
423.4690000000001
287.363
396.2660000000001
420.46900000000016
221.25599999999994
452.8760000000002
460.55200000000036
466.9910000000002
230.223
271.324
291.363
414.4370000000002
361.4860000000002
481.5960000000003
438.49900000000025
332.231
313.3570000000001
387.45500000000015
464.4990000000002
379.5040000000001
340.3830000000001
331.213
393.44300000000015
286.71500000000003
519.6310000000002
499.6180000000003
330.46900000000016
319.40500000000003
349.38700000000006
336.39500000000015
431.5140000000001
383.08299999999997
312.7570000000001
243.28099999999998
433.5550000000002
465.93700000000024
335.4070000000001
486.6380000000003
463.53000000000037
267.28799999999995
354.43500000000023
249.26599999999996
353.4840000000001
368.82400000000007
329.3560000000001
480.224
282.392
250.29799999999997
405.8780000000002
381.38800000000026
277.20500000000004
401.8790000000001
431.24600000000004
490.6700000000004
357.43500000000006
441.4130000000002
358.3580000000001
532.5300000000003
287.275
376.4780000000001
393.36500000000007
273.295
314.3450000000001
336.4350000000001
341.3920000000001
291.229
370.4090000000001
392.82
190.24600000000004
339.307
404.4880000000002
491.56700000000023
468.5790000000003
303.358
357.4350000000001
389.5210000000001
310.39700000000005
505.64000000000027
445.56600000000026
548.7280000000003
349.22100000000006
391.4930000000002
416.48100000000017
471.5570000000002
349.415
267.288
428.47400000000016
396.45100000000014
374.44100000000014
250.75400000000002
419.4660000000002
309.373
408.5380000000003
325.36800000000005
323.34800000000007
300.40500000000003
293.301
391.47400000000016
433.83900000000006
329.4250000000001
325.8210000000001
381.5230000000001
460.35300000000007
432.72300000000007
247.29799999999997
276.335
266.30099999999993
292.35400000000004
314.32
544.7170000000003
352.8250000000002
250.21
351.40999999999997
522.5910000000002
532.6850000000004
396.4620000000001
227.26300000000003
482.62500000000034
351.8410000000001
239.318
353.3750000000001
292.448
263.724
389.49600000000027
468.5140000000002
324.409
313.382
340.35400000000004
395.55000000000007
274.14700000000005
390.44300000000004
466.5920000000001
291.37199999999996
349.35
466.56700000000023
415.89800000000014
487.5750000000002
392.5020000000002
419.4020000000001
328.4120000000002
381.4130000000001
253.345
286.334
382.4630000000001
208.33000000000004
464.3410000000002
380.42900000000003
516.5980000000002
424.51900000000023
443.5470000000002
312.37300000000005
299.717
464.5510000000002
290.42900000000003
250.29399999999995
305.38200000000006
450.44700000000023
304.331
462.78100000000023
532.6410000000004
382.5260000000003
383.4730000000001
340.46700000000004
231.27599999999998
249.69699999999997
400.45600000000013
303.355
478.5930000000004
434.94900000000007
298.302
336.369
334.37100000000004
430.3570000000002
328.368
381.4720000000002
304.4150000000001
463.4560000000001
363.4140000000002
444.5970000000003
236.31499999999997
371.82800000000003
348.4280000000001
483.48100000000017
360.4100000000002
306.15900000000005
387.39900000000006
513.4900000000001
491.56900000000036
341.39200000000005
374.4290000000001
387.4140000000001
346.30700000000013
417.85600000000017
250.30100000000002
383.4920000000003
343.8100000000001
401.4660000000002
313.333
357.1970000000001
426.5160000000002
268.32300000000004
350.338
422.48500000000024
383.4730000000001
231.29900000000004
472.6520000000005
386.23800000000017
323.35200000000015
341.37200000000007
400.4380000000001
330.475
427.50400000000013
433.5550000000002
462.57200000000034
244.25400000000002
420.4380000000001
276.752
399.4720000000002
389.28600000000006
271.382
317.345
224.30399999999997
314.8160000000001
417.87400000000014
341.41800000000006
464.5470000000002
383.4960000000002
382.3760000000001
251.21699999999998
237.32399999999993
455.53900000000016
425.5790000000001
379.2680000000001
317.385
480.5860000000003
374.46200000000016
223.294
330.653
379.2900000000002
379.85100000000006
335.3600000000001
469.60700000000026
381.3840000000001
398.29700000000025
210.36499999999995
476.53600000000034
209.35799999999995
412.51100000000014
249.741
363.2440000000001
389.5250000000002
466.5340000000002
438.4090000000001
493.56300000000016
503.38200000000035
331.36800000000005
336.39100000000013
389.54300000000023
453.63000000000034
310.7370000000001
390.48300000000006
381.47600000000006
175.23100000000002
299.39900000000006
417.48700000000014
269.3
270.357
325.773
365.38900000000007
386.4660000000001
397.8840000000001
492.5830000000002
314.77200000000005
433.53000000000014
370.4520000000001
248.28500000000003
257.24899999999997
382.4850000000002
400.4640000000003
426.4730000000003
447.5570000000003
331.29000000000013
422.5500000000002
313.425
440.54400000000027
387.5050000000001
365.9010000000001
297.398
416.4960000000001
328.41200000000015
278.337
493.4830000000001
358.46700000000016
410.88300000000015
357.4100000000001
338.31
364.43000000000006
330.4570000000001
316.832
235.37099999999995
405.5240000000001
405.4320000000002
318.37600000000003
420.8820000000002
407.9010000000003
419.49200000000013
349.4380000000001
332.3490000000001
405.47900000000016
434.00500000000045
285.325
317.35200000000003
264.35
386.4520000000001
483.9330000000003
414.5120000000003
415.3610000000002
227.288
326.3560000000001
459.56800000000027
383.7950000000001
291.306
396.32500000000016
278.337
298.342
266.26000000000005
312.369
199.25699999999998
414.45800000000025
373.4780000000003
343.41200000000015
410.42600000000004
340.3790000000001
477.4510000000002
483.57500000000033
495.6420000000004
464.97100000000034
328.456
308.33700000000005
281.32300000000004
413.43300000000016
301.3460000000002
261.28100000000006
413.49900000000025
333.74300000000005
405.5020000000002
426.4730000000002
316.4890000000001
416.4810000000003
330.34000000000003
313.38200000000006
388.8510000000001
351.33700000000005
365.41100000000006
346.456
279.748
417.56000000000034
233.658
359.4070000000001
186.21800000000002
378.9000000000001
375.49800000000005
394.4530000000001
429.4800000000002
339.41600000000005
408.54600000000016
247.34399999999997
276.361
404.3110000000001
372.4460000000001
356.49300000000017
335.2370000000001
398.4630000000002
390.53100000000023
327.47300000000024
237.29899999999998
433.94200000000006
522.6270000000003
421.50000000000006
373.359
355.394
342.4140000000002
296.28600000000006
253.25399999999996
243.68999999999997
358.44200000000006
353.4550000000001
376.42800000000005
415.3560000000003
363.41700000000003
328.7370000000001
385.53700000000015
391.4720000000001
390.4210000000001
396.83000000000015
322.19500000000005
335.83100000000024
348.38000000000005
382.24300000000005
458.53400000000016
395.4560000000001
434.51400000000024
282.75600000000003
412.8690000000002
431.6020000000002
221.3
420.4190000000001
361.4710000000002
447.84400000000005
386.38900000000007
320.78000000000003
356.809
377.47
471.57900000000024
433.87700000000007
312.394
377.37100000000004
447.5890000000001
438.94000000000017
487.5310000000002
330.771
337.379
365.47700000000015
459.94000000000017
445.5370000000002
405.5200000000002
348.3880000000001
373.41600000000005
388.47400000000005
230.223
397.90600000000006
403.4790000000002
263.322
251.289
267.373
405.4140000000001
339.4640000000001
483.5790000000003
329.40700000000004
440.54000000000025
350.7800000000001
514.5600000000004
355.7420000000001
297.285
260.253
330.38700000000006
292.29400000000004
312.41300000000007
416.4810000000001
424.37500000000006
212.22900000000004
354.45000000000016
449.89400000000023
390.43600000000015
419.47800000000007
358.463
370.41300000000007
251.695
346.427
421.5180000000002
266.75300000000004
459.4530000000001
334.419
255.321
221.25599999999994
344.4550000000002
375.47200000000015
352.3910000000001
355.478
465.98400000000015
246.26199999999994
429.36100000000005
325.437
409.67800000000005
470.03800000000024
305.355
367.36100000000016
433.5550000000002
349.43100000000015
448.58900000000034
280.393
296.37399999999997
279.361
490.5370000000003
185.22299999999998
283.371
309.394
244.298
320.34800000000007
323.38100000000003
473.55100000000016
349.43000000000006
281.355
365.4770000000001
284.34400000000005
385.4410000000001
520.0540000000001
367.3360000000001
354.34400000000005
555.5800000000004
340.4930000000001
437.54800000000023
364.195
240.09999999999997
302.286
229.27899999999997
267.284
443.56900000000036
339.8630000000001
229.239
479.54300000000023
394.5010000000001
256.257
359.8380000000001
382.3720000000001
324.38
374.4620000000002
338.4510000000001
262.353
359.40700000000004
296.355
365.8240000000001
364.401
421.4530000000001
450.5360000000003
422.4630000000002
442.9280000000003
381.8850000000003
323.35200000000003
319.7920000000001
334.759
428.4880000000001
379.37200000000024
361.4860000000002
474.57900000000024
274.345
505.55000000000024
342.786
223.275
370.8400000000001
576.6360000000001
309.3690000000001
391.8590000000002
396.1570000000001
357.4610000000001
548.7750000000003
307.309
392.4770000000001
386.4110000000001
498.46800000000036
474.57900000000035
239.702
346.45200000000006
324.427
551.7130000000002
414.5350000000002
578.0940000000003
356.516
327.38800000000015
386.51700000000005
199.25700000000003
400.5230000000001
356.40700000000004
299.41800000000006
361.44900000000024
191.66099999999997
415.5400000000002
205.25700000000003
349.4080000000001
267.438
249.269
418.5000000000002
510.5910000000003
315.38
303.339
277.349
311.34100000000007
270.335
367.44500000000016
329.403
308.333
497.5730000000003
303.369
369.3950000000001
366.4640000000001
319.40500000000014
338.3630000000001
327.4530000000001
357.8850000000001
373.40300000000013
363.46400000000006
384.4510000000001
300.42699999999996
247.29799999999994
307.394
408.37800000000016
354.51900000000023
417.46500000000015
371.4430000000001
335.79100000000005
350.21600000000007
477.48300000000035
433.5050000000002
298.3710000000001
475.3970000000002
371.44400000000013
404.5170000000001
359.42600000000016
234.29800000000003
478.5490000000004
376.4120000000001
353.39900000000006
240.35000000000002
275.32300000000004
417.50900000000024
430.6620000000002
390.43600000000015
373.43400000000014
307.39300000000003
364.4520000000001
475.9980000000002
365.4290000000002
302.374
295.38199999999995
391.38700000000006
270.288
331.799
240.25799999999998
373.2280000000002
373.5010000000003
503.60600000000034
397.3830000000001
438.5530000000002
460.57700000000017
305.3740000000001
349.32400000000007
515.5950000000003
346.77000000000004
307.393
270.335
391.4530000000002
479.5810000000003
410.4300000000001
357.20700000000005
407.46600000000024
192.189
345.44300000000004
340.4490000000001
393.59000000000003
294.405
344.8670000000001
305.175
311.3810000000001
185.179
470.5890000000003
349.4560000000001
504.62800000000027
486.6190000000002
378.48000000000013
333.413
379.2900000000001
480.4320000000003
368.74600000000004
338.49800000000016
532.4530000000002
432.52700000000016
383.42300000000006
199.16599999999997
324.4500000000001
299.242
382.48900000000015
329.3080000000001
412.39800000000014
335.36300000000006
230.245
446.41500000000013
310.76200000000006
335.7940000000001
485.34500000000025
374.41900000000015
261.331
538.7320000000003
243.69399999999993
336.80000000000007
351.4100000000002
365.36400000000003
316.38
325.40500000000014
327.43100000000004
340.33500000000004
395.91200000000026
445.5560000000002
355.3940000000001
295.406
249.35699999999997
466.4010000000001
427.276
331.5970000000001
475.5960000000001
334.44100000000014
338.4510000000002
257.33699999999993
382.46700000000004
296.278
345.4720000000003
394.4350000000001
338.407
547.9860000000001
263.253
406.4640000000003
356.4510000000001
377.46900000000005
316.198
382.48500000000024
374.4840000000002
313.31
365.3610000000001
274.324
482.00200000000024
450.9700000000002
272.348
322.43
353.4220000000001
445.5630000000002
391.53700000000026
489.52300000000037
340.77000000000004
349.4340000000001
348.4060000000002
436.4680000000002
339.2770000000002
384.4510000000001
372.4250000000001
444.6040000000001
278.66099999999994
348.24299999999994
321.4200000000001
336.391
340.3790000000001
335.38500000000016
449.4770000000001
440.52500000000026
301.264
439.4930000000001
432.44000000000017
254.30799999999996
420.4560000000001
448.4790000000002
285.30400000000003
402.41000000000014
400.5440000000002
296.326
342.42
362.4500000000001
380.4500000000001
281.344
470.52900000000034
351.40600000000006
348.42400000000015
458.49200000000025
288.37199999999996
388.48900000000015
387.5080000000001
386.4950000000003
281.268
394.47100000000023
473.5890000000003
294.354
269.40999999999997
322.36
376.481
231.25500000000002
411.5060000000002
235.67800000000005
304.39400000000006
336.4600000000001
381.23300000000006
320.41700000000003
314.454
470.50700000000023
312.369
399.4870000000001
357.45700000000016
373.3900000000001
291.6940000000001
228.273
341.314
324.174
532.6150000000005
345.4640000000002
402.9260000000002
369.42100000000016
194.25899999999996
270.723
318.41700000000003
327.40900000000005
267.35699999999997
426.4730000000003
281.315
517.5630000000003
371.41200000000015
304.393
485.9090000000002
453.48900000000003
387.5050000000001
429.5170000000002
385.439
342.37
210.38499999999993
422.52900000000034
319.2320000000001
359.47
275.312
371.5060000000002
336.43800000000005
388.3550000000001
355.39400000000006
413.29300000000006
272.307
522.9890000000003
223.30100000000002
373.2940000000001
258.19499999999994
517.5850000000002
446.59300000000013
311.40300000000013
393.5310000000002
369.46900000000016
455.5830000000003
485.6060000000003
498.04800000000023
289.31000000000006
247.24999999999994
251.31099999999998
230.31099999999998
327.38400000000007
287.38399999999996
401.557
388.4230000000002
281.271
370.40800000000013
427.4850000000001
391.39300000000014
367.35700000000014
435.52800000000013
280.371
490.5890000000002
271.345
468.5350000000003
277.35300000000007
484.50800000000027
442.2950000000002
376.3240000000001
398.5100000000001
447.9700000000002
347.3
290.1860000000001
501.60500000000025
370.4080000000002
329.403
392.49900000000014
437.5400000000001
392.47700000000015
487.5600000000003
299.32599999999996
339.3910000000001
467.5470000000003
360.3410000000002
413.47700000000015
528.9710000000001
356.4220000000001
405.4720000000001
351.4060000000001
475.56700000000035
416.5650000000003
252.339
320.33000000000004
376.48200000000014
301.371
337.223
312.7530000000001
380.47000000000014
348.3360000000001
447.34300000000013
325.4770000000002
403.46000000000015
451.4700000000001
391.9240000000001
485.9250000000003
466.4880000000001
306.39400000000006
296.326
477.9730000000003
325.86500000000024
365.42900000000014
326.356
503.44000000000034
356.4220000000001
445.4720000000002
398.53600000000023
219.67100000000002
368.21200000000005
298.298
327.34000000000003
465.6190000000003
358.43800000000016
322.39
432.5960000000002
289.33900000000006
340.42600000000004
402.45000000000016
173.21900000000002
299.2420000000001
416.50300000000016
462.5060000000002
268.36000000000007
457.6210000000002
405.83700000000016
543.5520000000002
389.84300000000013
419.27500000000015
482.56500000000017
375.4530000000001
441.6540000000002
400.86200000000014
343.434
365.4360000000001
491.5690000000004
537.4550000000003
429.4730000000002
412.3790000000002
267.288
346.271
499.97600000000034
282.30300000000005
369.40200000000016
404.4260000000001
425.5070000000003
383.3350000000001
361.7850000000001
344.4360000000001
229.28700000000003
271.276
418.54500000000013
252.269
404.4740000000001
442.64800000000025
481.6180000000002
326.30800000000005
394.39900000000017
384.27000000000015
357.4140000000001
302.73600000000005
403.54800000000023
352.2980000000001
390.4390000000002
299.35200000000003
249.35799999999995
441.4590000000001
309.36499999999995
387.41400000000016
419.4590000000002
271.3639999999999
415.51500000000016
441.2360000000001
295.72900000000004
272.348
316.4740000000001
434.5620000000003
461.31600000000026
472.56700000000035
405.4000000000001
399.4720000000002
277.374
382.21000000000004
510.6420000000005
467.5290000000002
217.31199999999993
240.25799999999998
234.328
293.33000000000004
216.244
522.6270000000003
418.5150000000001
474.35500000000013
374.2450000000001
255.29199999999994
502.58900000000034
395.48200000000026
521.6590000000003
388.46700000000016
345.401
335.4250000000001
324.7640000000001
389.4230000000001
412.4670000000001
304.37500000000006
393.53000000000003
349.408
330.431
269.3
419.3930000000001
287.3190000000001
333.457
269.32399999999996
321.32900000000006
349.47400000000005
282.31800000000004
345.63
406.44800000000015
427.5410000000003
550.6530000000002
369.42500000000007
355.41300000000007
418.8620000000001
310.404
300.318
424.4720000000001
296.305
356.3040000000002
475.97700000000015