55
62
37
29
27
55
28
23
44
40
51
41
32
43
55
65
56
42
43
48
54
65
44
33
37
42
53
47
49
37
50
55
23
42
46
40
45
31
42
52
45
46
54
45
42
48
51
26
40
54
55
33
46
54
52
52
56
24
40
38
42
44
40
23
55
46
29
38
42
50
35
36
41
47
28
31
48
47
43
40
57
37
25
42
41
37
54
26
65
33
50
43
23
33
49
35
47
44
54
55
46
59
32
41
42
50
36
39
39
37
31
42
35
51
39
61
29
42
42
22
45
54
35
29
46
42
46
45
53
56
48
45
45
53
52
40
48
34
48
34
53
47
35
29
70
27
52
51
23
56
43
27
61
56
70
46
19
36
52
47
50
26
48
50
24
24
31
50
44
53
30
43
42
54
52
52
45
45
25
50
51
41
40
44
47
57
39
52
35
45
32
62
53
55
50
35
45
43
33
34
35
40
37
35
31
48
59
49
32
42
48
37
43
53
42
60
28
34
36
47
33
41
29
42
54
40
35
45
37
46
43
62
30
55
35
57
51
39
57
42
51
50
56
23
73
49
72
55
45
41
47
36
28
50
38
48
36
44
49
49
36
40
52
29
55
55
55
27
37
35
56
41
62
53
35
42
46
53
48
36
31
52
31
64
59
32
39
41
44
54
32
42
27
48
59
40
51
52
32
41
30
45
42
39
63
37
28
48
44
35
45
54
60
45
56
56
76
45
47
48
37
45
43
36
40
44
48
21
49
47
56
58
40
46
44
36
60
51
71
37
46
50
57
45
32
54
47
50
26
48
34
49
37
42
37
34
42
48
43
36
40
49
41
29
30
39
35
38
61
43
40
40
62
63
47
26
58
36
27
44
31
26
42
51
35
39
42
50
26
45
50
33
46
50
51
59
48
49
35
48
27
34
47
21
47
46
56
49
52
43
31
55
32
28
32
55
35
56
68
45
46
37
25
25
46
32
60
53
39
42
38
44
42
47
37
58
45
50
24
44
39
61
42
31
50
64
63
49
43
46
40
52
28
39
39
47
40
43
48
34
49
51
47
29
55
46
37
40
59
36
49
53
56
33
48
29
54
40
26
46
28
35
50
41
60
44
53
32
23
52
46
41
38
54
44
22
27
35
44
43
50
45
55
21
60
26
51
31
37
45
53
58
62
59
38
39
44
48
37
47
44
20
35
50
32
27
38
44
39
45
63
37
47
47
32
33
48
51
53
58
41
51
36
55
43
45
35
52
41
31
57
40
56
45
42
40
39
35
32
51
46
37
44
45
52
43
45
47
44
34
43
27
45
61
46
38
24
41
54
45
31
53
34
34
38
34
24
48
43
42
48
40
71
57
60
53
40
40
33
52
39
34
45
37
48
51
44
61
40
35
42
48
41
36
30
44
27
45
23
42
37
46
57
42
44
27
32
43
48
47
31
43
41
41
29
46
66
53
42
42
40
41
28
23
42
41
42
41
43
41
42
47
42
51
35
34
42
39
52
47
52
27
50
51
25
52
39
51
55
33
42
38
59
51
36
46
51
48
57
39
41
41
52
54
49
49
45
43
32
43
54
35
28
28
49
40
54
40
54
50
65
49
35
35
38
38
41
51
52
21
40
52
48
53
39
41
35
45
48
27
56
40
37
24
39
45
44
38
56
30
39
42
50
50
40
48
51
39
52
32
38
33
57
24
35
36
27
42
35
54
39
30
47
32
46
61
52
46
75
32
48
32
21
35
28
32
52
43
26
57
49
36
37
49
37
43
38
32
42
36
41
44
52
52
47
52
47
41
36
35
52
50
42
60
31
66
41
25
40
70
31
51
49
43
71
39
44
54
52
56
26
41
34
67
47
64
32
47
52
21
42
45
41
44
17
47
22
43
33
30
48
64
35
34
30
35
32
43
40
37
56
33
44
46
33
44
36
38
45
37
47
30
34
37
48
36
47
45
36
34
57
56
41
54
47
42
44
27
55
46
40
26
33
52
45
47
50
40
36
51
42
32
34
48
30
35
29
34
40
67
54
49
52
36
46
57
38
38
35
51
57
49
33
50
24
40
37
37
31
39
27
36
19
59
40
53
62
47
42
36
45
46
36
57
51
47
28
38
51
47
40
53
47
28
61
33
38
56
46
26
61
24
40
45
41
39
37
37
49
48
52
43
41
32
49
41
28
56
34
41
27
42
36
40
45
42
66
40
44
42
41
30
51
44
34
51
37
55
55
34
40
41
55
46
45
39
41
44
57
33
44
47
52
32
30
34
41
41
35
52
52
39
50
53
28
52
57
36
56
42
39
41
42
48
30
61
50
42
57
33
46
44
50
33
48
55
40
32
42
47
29
51
24
32
39
41
36
41
65
35
44
43
44
38
24
44
30
63
37
45
47
21
30
31
38
31
51
34
63
42
35
64
47
46
53
44
39
23
48
29
43
36
39
39
45
50
43
36
65
21
38
31
62
57
38
47
40
52
62
61
36
31
28
29
37
27
43
49
41
45
50
48
51
49
30
51
28
51
33
61
45
49
45
49
42
26
62
46
37
50
56
46
57
34
41
61
46
53
62
36
48
42
56
49
28
42
40
35
43
37
41
45
52
34
57
58
35
53
58
36
45
60
33
41
37
50
44
57
43
22
40
39
39
51
48
41
46
39
37
49
23
43
51
55
31
54
48
68
47
40
54
42
56
49
43
47
56
57
54
58
35
32
68
36
42
52
51
53
42
43
25
32
49
31
48
50
57
41
48
41
44
32
48
42
43
31
31
58
36
48
61
37
51
49
34
36
36
44
58
53
51
49
27
37
67
56
25
29
27
39
27
68
50
59
42
28
63
48
61
43
41
39
37
44
47
32
45
40
40
33
52
38
33
37
41
46
35
38
48
48
68
44
42
51
32
38
46
31
31
54