72.16
108.13
97.39
70.02000000000001
60.21
94.57
102.77999999999999
54.88
62.91
82.77
97.97000000000001
75.19
58.2
114.8
67.00999999999999
82.93
97.36
84.5
97.92000000000002
72.64
84.22000000000001
106.60999999999999
78.87
46.92
50.50000000000001
51.81
86.21000000000001
78.2
64.74
54.37
105.39
84.94
33.62
76.38
81.85000000000001
32.7
75.8
33.45
93.19999999999999
100.63000000000001
75.6
62.1
133.68
75.96000000000001
122.2
99.00999999999999
70.31
29.1
43.08
97.12
91.10000000000001
41.46
89.02000000000001
122.31
81.69999999999999
72.08
102.00999999999998
55.63
92.26
83.81
106.35000000000001
90.2
90.41000000000001
24.06
46.67
40.620000000000005
75.11000000000001
51.43
90.31000000000002
71.11
55.63
98.66000000000001
84.86000000000001
115.10000000000001
44.370000000000005
91.16000000000001
43.78
70.23
51.22
66.4
67.23
45.230000000000004
50.69
74.49000000000001
126.19
36.28
82.08000000000001
77.74000000000001
110.47999999999999
36.260000000000005
71.32
68.46000000000001
24.39
71.28
46.92
69.9
26.79
112.51
71.52999999999999
85.06
58.440000000000005
88.18
44.370000000000005
41.57000000000001
88.62
40.620000000000005
81.47
77.99000000000001
55.400000000000006
29.540000000000003
84.95
63.93000000000001
74.77
105.84
115.56
78.25
48.42
81.42999999999999
97.45
26.3
49.56
109.85
58.64
86.84000000000002
71.7
73.4
71.2
93.73
34.14
102.24000000000001
47.769999999999996
61.88
59.5
110.47000000000001
127.28999999999999
54.45
52.650000000000006
61.85
126.73000000000002
50.160000000000004
116.92
86.33
58.199999999999996
32.34
98.82
38.33
74.92
63.35
27.299999999999997
61.46
107.83999999999999
27.05
100.79
81.06
110.97
50.95
17.82
64.11
69.72
100.85999999999999
71.09
92.4
69.56
86.71000000000001
34.89
64.35
78.59
83.41999999999999
92.59
94.28
45.730000000000004
95.5
76.38
67.6
45.92
111.79
90.06
50.8
50.44
87.66
71.41
72.43
60.44
78.27000000000001
51.870000000000005
117.95
60.440000000000005
111.15
50.68
99.93
61.940000000000005
101.3
105.84
135.94
95.07
63.25
79.9
69.67
71.09
80.91
64.63
94.83999999999999
72.17999999999999
46.010000000000005
52.60000000000001
88.16
92.78
99.93999999999998
49.31
41.99
93.14
57.010000000000005
29.33
76.15
107.13
69.72
100.44
81.17999999999999
86.10999999999999
96.33000000000001
54.269999999999996
69.03999999999999
71.09
78.95
82.61
61.830000000000005
59.84
71.53
56.15
72.54
92.25999999999999
104.22
52.3
61.88
82.08000000000001
84.3
77.2
106.45
84.59
60.66
110.9
79.53
70.58000000000001
64.86
84.61999999999999
77.25000000000001
130.95
77.92
87.63
85.59
82.86
85.30000000000001
29.43
56.75000000000001
50.95
47.24
54.7
61.88000000000001
65.79
72.69999999999999
58.38000000000001
83.37
95.91000000000001
55.73
117.58
85.38
95.75
71.34
83.03
96.68
79.16
54.040000000000006
58.81
69.56
84.22
60.93000000000001
68.01
114.71000000000001
62.300000000000004
67.77
41.99
90.29
76.66
137.41
140.64
24.06
70.67
70.58000000000001
72.42
107.02000000000001
29.1
90.06
29.1
92.51
86.00999999999999
48.72
102.32000000000001
94.09000000000002
79.03
76.88
64.63
63.68
57.92000000000001
96.56
41.46
28.8
78.43
79.98
93.89999999999999
61.31999999999999
81.29
109.43
91.72
78.84
66.88000000000001
128.98000000000002
141.59999999999997
101.67
66.92
75.02
58.11
111.09
49.410000000000004
88.24000000000001
84.27
91.41
119.46999999999998
32.34
103.06
84.94
86.79999999999998
97.21
71.69
76.63999999999999
79.37
32.78
86.79
73.66
94.74
70.3
71.85
78.15
81.59
64.85
60.06
134.18
102.97
86.43
24.92
90.64000000000001
74.86
66.76
79.46000000000001
64.96000000000001
83.63
50.940000000000005
82.57000000000001
45.230000000000004
61.77
73.26
88.16
79.37
72.47
56.489999999999995
86.99000000000001
81.26999999999998
49.410000000000004
83.45
81.08
63.61
109.54000000000002
88.89999999999999
159.53
80.07000000000001
65.69999999999999
38.33
87.91000000000001
62.2
29.1
97.54000000000002
35.5
44.480000000000004
79.9
107.1
52.3
52.980000000000004
67.76
97.45
29.54
77.63
94.82000000000002
55.400000000000006
109.33000000000001
106.26
63.68
108.74
83.55
114.32000000000001
54.71
100.52000000000001
23.47
47.5
51.22
24.06
90.41000000000001
103.91
88.75
102.00999999999999
54.04000000000001
68.4
74.99000000000001
114.10000000000001
66.48
44.760000000000005
71.64000000000001
116.18000000000002
86.11
59.290000000000006
94.92
66.92
76.12
35.940000000000005
38.33
42.35000000000001
83.68
66.84
89.60000000000001
102.30000000000001
105.79
105.32999999999998
55.760000000000005
68.46000000000001
89.34000000000002
75.63
50.27
84.67
65.78
75.71000000000001
54.27
88.05000000000001
78.27000000000001
136.19
66.48
39.19
118.09
99.21000000000002
91.56
82.06
92.50999999999999
56.15
159.48
85.31
33.51
72.47999999999999
42.68000000000001
65.5
75.57000000000001
90.06
49.85000000000001
94.94
109.59
91.31
71.61999999999999
57.78
91.42
78.91
65.38000000000001
98.69
93.92
75.27000000000001
77.25
86.79
110.59999999999998
90.7
108.04999999999998
43.08
92.87999999999998
58.95
55.4
92.55000000000001
58.86
23.550000000000004
85.35000000000001
46.84
104.77000000000001
72.16
120.39
97.38000000000001
38.33
77.13
75.11
61.69
51.160000000000004
85.89
67.87
78.62
29.1
66.48
64.74000000000001
98.25000000000001
72.92
78.21000000000001
121.07999999999998
15.27
139.54
12.03
89.27
20.310000000000002
48.150000000000006
79.60000000000001
70.42
83.45
86.36
76.15
68.97999999999999
52.61
37.27
82.44999999999999
84.82999999999998
51.66
61.88
20.310000000000002
50.78
89.78999999999999
51.8
48.14
72.47
87.74000000000001
103.41000000000001
80.64000000000001
168.30999999999997
62.980000000000004
97.83000000000001
53.17
34.89
77.12
79.19
109.56
86.96000000000001
108.57
75.63
75.27
69.56
104.54
68.46000000000001
46.61
38.33
43.26
79.19
80.9
47.03
49.86
95.79
80.64
55.12
68.52
62.46
32.34
29.1
87.54
122.83000000000001
45.480000000000004
124.15999999999998
62.29
142.62
67.94
117.44999999999999
73.34
54.46000000000001
104.31
75.6
55.120000000000005
102.32000000000001
119.22999999999999
100.10000000000001
26.71
40.86
105.38000000000001
104.81
90.52
48.42
107.93999999999998
80.75999999999999
71.41
78.75
50.8
30.71
86.33
79.36999999999999
82.67
110.80000000000001
60.03
143.51000000000002
137.98000000000002
114.03999999999999
92.77999999999999
45.33
75.27000000000001
80.89
79.25999999999999
94.22
70.19
79.38000000000001
55.400000000000006
88.91
89.00999999999999
23.55
90.06
96.89
69.66
76.75
78.84
89.02
69.9
46.17
73.02
50.8
90.28999999999999
42.74
58.64
72.28
42.74
96.33000000000001
46.61
62.550000000000004
40.86
76.21
37.81
83.55000000000001
11.530000000000001
52.08
86.86
52.49000000000001
26.479999999999997
59.31
74.91
127.71000000000001
67.05
77.25
86.36
41.57000000000001
127.31
73.86
51.05
82.08000000000001
102.5
50.27
38.92
63.69
107.25000000000003
52.57
87.22
112.39
77.4
54.35
55.400000000000006
101.57
64.63
65.54
62.300000000000004
105.92
66.91
65.74000000000001
70.67
38.33
78.09
95.05999999999999
55.510000000000005
124.32
74.32
67.75999999999999
72.70000000000002
96.02
123.16999999999999
62.98
65.47
72.17000000000002
74.33000000000001
73.53999999999999
59.5
73.22
70.23
96.78
83.83000000000001
80.63999999999999
114.12
74.83
100.19
65.26
54.46
101.78
74.85
61.85
71.5
100.26999999999998
53.16
111.85
55.63
88.07000000000001
115.61000000000001
136.89999999999998
136.98000000000002
55.73
82.94
32.78
75.27000000000001
50.69
85.26
85.89000000000001
37.3
67.42999999999999
80.23
66.92
95.58000000000001
58.64
85.59
92.05000000000001
59.08000000000001
64.63
34.89
92.41000000000001
49.74
61.37
51.47
58.64000000000001
52.980000000000004
112.03
41.93000000000001
96.44
59.67
66.48
68.01
72.67999999999999
58.370000000000005
55.84
96.97
86.79
71.11
102.84
41.57000000000001
66.91
46.61
99.03
60.77000000000001
29.54
45.56
58.95
69.97
65.72
80.22999999999999
40.58
42.24
56.489999999999995
56.21
81.69999999999999
104.29999999999998
94.23999999999998
125.71000000000004
163.06
60.25
4.93
65.49000000000001
29.1
97.63000000000001
46.5
61.55000000000001
81.16
46.61000000000001
60.92
107.71000000000001
97.35
60.44
68.02
94.17000000000002
52.49
75.71
50.69
41.57000000000001
92.51
69.81
65.6
81.42999999999999
118.48
68.08999999999999
112.11000000000001
74.24000000000001
82.27
79.37
49.580000000000005
77.52
73.59
97.30000000000001
35.580000000000005
109.85000000000001
61.69
115.69
65.87
26.03
76.02000000000001
185.88000000000002
56.27000000000001
84.50999999999999
120.88
37.190000000000005
121.6
94.54999999999998
84.94
93.92000000000002
60.93000000000001
85.38000000000001
46.17
66.48
60.45
94.96
98.42
99.86000000000001
52.89
97.2
59.38
37.81
83.44
110.57
67.15
56.80000000000001
12.89
64.42999999999999
38.33
85.61
20.310000000000002
38.66
101.66000000000003
90.03
46.84
72.47
68.02000000000001
70.67
17.29
67.79
50.42
48.67
130.75
55.11
125.32000000000001
106.32999999999998
70.67
95.5
36.440000000000005
35.580000000000005
61.440000000000005
77.25
42.010000000000005
41.99
58.41
74.43
159.48
32.34
86.36
79.2
73.22
61.77
79.12
109.57
72.71
57.690000000000005
63.39000000000001
90.14
88.07
17.07
111.55
79.47
72.47
16.130000000000003
31.23
71.41
48.470000000000006
112.23000000000002
90.17000000000002
45.39
88.76
72.92
56.790000000000006
45.91
37.38
101.13
68.28999999999999
55.4
46.53
69.68
77.05000000000001
129.77
86.51
104.21000000000001
93.72999999999999
64.63
127.64000000000001
99.87
73.47
29.54
28.68
110.49000000000001
97.72000000000001
79.54
51.22
77.77
37.3
49.94
74.77000000000001
41.99
59.81
53.22
34.480000000000004
38.77
82.81
76.46000000000001
84.66
84.09
98.16000000000001
66.63000000000001
79.37
68.28999999999999
88.91
52.71
55.24000000000001
87.71
105.4
85.69
118.17999999999999
56.75000000000001
112.30999999999999
55.89
94.09000000000002
108.11000000000001
85.13
81.28000000000002
120.91000000000001
78.76
39.82
91.78
43.18
54.88
116.17
70.26
72.24
87.37
80.32000000000001
61.02
68.23
36.95
84.47
82.27
69.62000000000002
96.53
25.009999999999998
12.03
69.72
109.61000000000001
53.33
120.05000000000001
68.28999999999999
42.31
49.25
66.91
76.74000000000001
54.260000000000005
124.15999999999998
63.08
113.94999999999999
93.83
106.79
75.02000000000001
55.629999999999995
20.310000000000002
79.03
43.26
141.87
96.37
56.220000000000006
107.97
59.39
49.410000000000004
61.190000000000005
90.79
75.44
71.41
23.55
76.88
81.99000000000001
76.88
108.38
32.34
58.64
116.28
53.18
33.2
55.4
41.489999999999995
64.35
66.37
77.69000000000001
76.71000000000001
91.84
46.61
92.09
129.9
90.31
41.57
112.98
82.67999999999999
99.41
34.17
67.37
58.97
38.69
73.1
55.96
95.22
66.69
67.87
122.99
51.220000000000006
75.71
59.620000000000005
50.69
112.24000000000001
75.88
82.85
54.12
46.17
44.760000000000005
41.9
70.14
96.33000000000001
76.72
81.51
33.2
66.21000000000001
53.22
41.46
131.74
67.43
68.23
31.98
105.67
84.27
72.31
74.85
52.330000000000005
111.68
47.56
56.84
93.5
45.379999999999995
43.6
66.65
70.23
49.57
86.96000000000001
56.15
117.53
54.040000000000006
33.29
142.8
54.88
79.37
66.65
70.67
58.64
0.0
68.62
41.57000000000001
46.94
90.7
75.11
57.690000000000005
85.59
93.5
84.5
42.85
95.66000000000003
58.04
23.55
39.44
122.32
0.0
78.79
70.23
73.63
68.13000000000001
96.02
73.21
49.580000000000005
74.68
64.11
41.46
54.900000000000006
38.33
45.67
76.99000000000001
78.15
69.64
71.53
63.160000000000004
111.98000000000002
81.39000000000001
41.13
102.33
43.32
106.79
86.69
95.86000000000001
83.09
116.92000000000002
43.18000000000001
67.08
75.14
59.220000000000006
113.08999999999997
124.78999999999999
39.42
62.4
65.2
84.94000000000001
99.74000000000001
65.49000000000001
81.78000000000002
95.07
81.91
65.25999999999999
152.36999999999998
76.66
98.76999999999998
65.38
97.41000000000001
45.33
53.849999999999994
118.25000000000001
86.10999999999999
62.300000000000004
61.269999999999996
74.93
83.98
99.77000000000001
83.42999999999999
20.310000000000002
109.62
76.30000000000001
54.46000000000001
117.86999999999999
77.75
43.07
72.24
90.77000000000001
44.370000000000005
79.54
92.67999999999999
76.15
87.04
139.71999999999997
67.58
22.0
95.08000000000001
86.71000000000001
96.53
63.57
101.98000000000002
84.30000000000001
90.87
73.85
98.49000000000001
64.80000000000001
54.7
102.64000000000001
99.67999999999999
97.35000000000002
46.330000000000005
70.58000000000001
79.54
115.13000000000001
74.28999999999999
76.66000000000001
161.45
63.99
91.44
86.71000000000001
55.63
94.72000000000001
83.3
119.87
119.80000000000003
155.06999999999996
70.39
46.17
100.82999999999998
79.03999999999999
86.48
93.53
97.41000000000003
111.43
96.53
57.690000000000005
63.45
74.18
75.94
43.370000000000005
94.18
56.75
90.81000000000002
93.72999999999999
87.61000000000001
55.63
94.08000000000001
41.46
61.88000000000001
99.11000000000001
69.15
84.78
46.92
96.02
38.77
63.99
110.06
26.790000000000006
104.37
51.55
118.69
44.0
32.260000000000005
85.69
127.36000000000001
108.05000000000001
48.3
108.62
47.260000000000005
77.77
77.53999999999999
101.82
20.310000000000002
35.53
41.050000000000004
86.94
73.8
115.88999999999999
85.8
88.07
83.47
20.310000000000002
102.45000000000002
45.900000000000006
140.18
67.42999999999999
59.75
68.54
75.71
73.86
84.94000000000001
88.00000000000001
70.0
60.17
32.34
47.56
124.64
69.72
66.32000000000001
50.050000000000004
94.09
29.54
44.89
39.94
52.57000000000001
57.230000000000004
128.28
95.07000000000001
52.65
121.01999999999998
80.91000000000001
71.05000000000001
53.33
52.3
30.49
81.29