0.5072463768115942
0.3924050632911392
0.5076923076923077
0.2727272727272727
0.27472527472527475
0.44047619047619047
0.32142857142857145
0.3584905660377358
0.3157894736842105
0.30952380952380953
0.3424657534246575
0.30985915492957744
0.3787878787878788
0.2962962962962963
0.3125
0.4230769230769231
0.2962962962962963
0.375
0.5142857142857142
0.3018867924528302
0.48148148148148145
0.2692307692307692
0.27710843373493976
0.352112676056338
0.27956989247311825
0.3625
0.33766233766233766
0.2948717948717949
0.3375
0.5
0.3620689655172414
0.19318181818181818
0.4727272727272727
0.3018867924528302
0.3150684931506849
0.43529411764705883
0.41935483870967744
0.3448275862068966
0.21052631578947367
0.47368421052631576
0.4457831325301205
0.19753086419753085
0.2967032967032967
0.2857142857142857
0.27848101265822783
0.3559322033898305
0.27848101265822783
0.48936170212765956
0.3382352941176471
0.4918032786885246
0.29577464788732394
0.37333333333333335
0.2375
0.2857142857142857
0.27058823529411763
0.36231884057971014
0.27380952380952384
0.30158730158730157
0.30434782608695654
0.3125
0.38181818181818183
0.25757575757575757
0.2948717948717949
0.25333333333333335
0.3492063492063492
0.34375
0.3333333333333333
0.3333333333333333
0.43209876543209874
0.49295774647887325
0.3088235294117647
0.3717948717948718
0.3728813559322034
0.28888888888888886
0.32857142857142857
0.3709677419354839
0.3023255813953488
0.19047619047619047
0.3793103448275862
0.3108108108108108
0.34177215189873417
0.39344262295081966
0.4074074074074074
0.3111111111111111
0.2987012987012987
0.3968253968253968
0.3230769230769231
0.328125
0.3333333333333333
0.31343283582089554
0.3548387096774194
0.5
0.3146067415730337
0.3225806451612903
0.42105263157894735
0.3108108108108108
0.2857142857142857
0.3150684931506849
0.25675675675675674
0.2835820895522388
0.2823529411764706
0.3382352941176471
0.3050847457627119
0.27710843373493976
0.34615384615384615
0.29069767441860467
0.3333333333333333
0.34523809523809523
0.3424657534246575
0.2727272727272727
0.35
0.4533333333333333
0.275
0.3384615384615385
0.4307692307692308
0.38461538461538464
0.3020833333333333
0.30952380952380953
0.27380952380952384
0.26582278481012656
0.2558139534883721
0.4142857142857143
0.25
0.3384615384615385
0.375
0.4177215189873418
0.2564102564102564
0.25316455696202533
0.31645569620253167
0.3181818181818182
0.313953488372093
0.25842696629213485
0.3253012048192771
0.3225806451612903
0.3142857142857143
0.34523809523809523
0.44680851063829785
0.34375
0.33783783783783783
0.3018867924528302
0.27631578947368424
0.24210526315789474
0.42857142857142855
0.2839506172839506
0.2716049382716049
0.3194444444444444
0.4032258064516129
0.5142857142857142
0.2962962962962963
0.3125
0.3424657534246575
0.43333333333333335
0.2962962962962963
0.36666666666666664
0.34285714285714286
0.3333333333333333
0.40789473684210525
0.4074074074074074
0.5098039215686274
0.2826086956521739
0.3424657534246575
0.27848101265822783
0.34285714285714286
0.25609756097560976
0.4342105263157895
0.26582278481012656
0.3382352941176471
0.20588235294117646
0.35714285714285715
0.4444444444444444
0.21875
0.30434782608695654
0.24489795918367346
0.3291139240506329
0.3125
0.29411764705882354
0.4166666666666667
0.3411764705882353
0.4861111111111111
0.2597402597402597
0.2835820895522388
0.36538461538461536
0.23333333333333334
0.2564102564102564
0.5285714285714286
0.30666666666666664
0.3950617283950617
0.3380281690140845
0.3584905660377358
0.38571428571428573
0.24175824175824176
0.375
0.29850746268656714
0.21428571428571427
0.28888888888888886
0.32941176470588235
0.2631578947368421
0.3194444444444444
0.36363636363636365
0.275
0.33783783783783783
0.625
0.3114754098360656
0.4090909090909091
0.35185185185185186
0.4074074074074074
0.30434782608695654
0.5076923076923077
0.31666666666666665
0.2524271844660194
0.46296296296296297
0.27586206896551724
0.4666666666666667
0.2976190476190476
0.4
0.325
0.35714285714285715
0.4
0.2962962962962963
0.42592592592592593
0.3333333333333333
0.4
0.2857142857142857
0.24390243902439024
0.37349397590361444
0.275
0.25287356321839083
0.21568627450980393
0.5
0.3409090909090909
0.36363636363636365
0.22033898305084745
0.30952380952380953
0.29333333333333333
0.23711340206185566
0.36231884057971014
0.4230769230769231
0.4810126582278481
0.3253012048192771
0.2948717948717949
0.32558139534883723
0.32954545454545453
0.27692307692307694
0.2987012987012987
0.28888888888888886
0.3176470588235294
0.24691358024691357
0.345679012345679
0.3064516129032258
0.32432432432432434
0.32926829268292684
0.2894736842105263
0.28378378378378377
0.36538461538461536
0.2972972972972973
0.4375
0.2978723404255319
0.32558139534883723
0.625
0.2857142857142857
0.3582089552238806
0.4918032786885246
0.2962962962962963
0.30434782608695654
0.2916666666666667
0.3176470588235294
0.3194444444444444
0.3026315789473684
0.2972972972972973
0.313953488372093
0.35185185185185186
0.3764705882352941
0.27906976744186046
0.373134328358209
0.3181818181818182
0.2625
0.3
0.3181818181818182
0.36764705882352944
0.38596491228070173
0.29591836734693877
0.3584905660377358
0.2967032967032967
0.5
0.5147058823529411
0.2894736842105263
0.2361111111111111
0.27586206896551724
0.32222222222222224
0.38372093023255816
0.2692307692307692
0.25274725274725274
0.328125
0.41509433962264153
0.3380281690140845
0.4107142857142857
0.3333333333333333
0.3333333333333333
0.22033898305084745
0.4177215189873418
0.391304347826087
0.25
0.296875
0.296875
0.30120481927710846
0.29347826086956524
0.28888888888888886
0.2962962962962963
0.3125
0.32558139534883723
0.3235294117647059
0.29333333333333333
0.48148148148148145
0.3373493975903614
0.44594594594594594
0.3116883116883117
0.36507936507936506
0.25555555555555554
0.29577464788732394
0.30120481927710846
0.4888888888888889
0.3770491803278688
0.25333333333333335
0.3
0.25925925925925924
0.3333333333333333
0.3048780487804878
0.4
0.42105263157894735
0.3333333333333333
0.3176470588235294
0.3559322033898305
0.3188405797101449
0.5
0.32142857142857145
0.3382352941176471
0.2962962962962963
0.2916666666666667
0.36764705882352944
0.4
0.28125
0.36923076923076925
0.30434782608695654
0.26436781609195403
0.46153846153846156
0.2835820895522388
0.3880597014925373
0.35294117647058826
0.19753086419753085
0.2876712328767123
0.44
0.4375
0.3114754098360656
0.3783783783783784
0.3333333333333333
0.45652173913043476
0.2625
0.3373493975903614
0.30158730158730157
0.6338028169014085
0.4
0.3103448275862069
0.3103448275862069
0.38461538461538464
0.2876712328767123
0.3333333333333333
0.2898550724637681
0.34615384615384615
0.26436781609195403
0.23958333333333334
0.35294117647058826
0.3142857142857143
0.3728813559322034
0.36231884057971014
0.21
0.3114754098360656
0.27848101265822783
0.28888888888888886
0.2839506172839506
0.20754716981132076
0.26666666666666666
0.3218390804597701
0.3088235294117647
0.30303030303030304
0.3880597014925373
0.3333333333333333
0.3373493975903614
0.3625
0.28378378378378377
0.28205128205128205
0.38461538461538464
0.18666666666666668
0.3561643835616438
0.30952380952380953
0.2727272727272727
0.36507936507936506
0.45098039215686275
0.4305555555555556
0.2972972972972973
0.2537313432835821
0.3291139240506329
0.3037974683544304
0.3333333333333333
0.27058823529411763
0.45454545454545453
0.3125
0.49206349206349204
0.3333333333333333
0.28888888888888886
0.3382352941176471
0.359375
0.30120481927710846
0.35135135135135137
0.4520547945205479
0.27058823529411763
0.2602739726027397
0.5
0.275
0.3974358974358974
0.36764705882352944
0.39705882352941174
0.5147058823529411
0.35
0.39215686274509803
0.2894736842105263
0.2857142857142857
0.4166666666666667
0.3333333333333333
0.34375
0.29850746268656714
0.3125
0.425531914893617
0.37894736842105264
0.3333333333333333
0.3389830508474576
0.29069767441860467
0.27710843373493976
0.3176470588235294
0.42105263157894735
0.313953488372093
0.3466666666666667
0.44
0.3770491803278688
0.323943661971831
0.3218390804597701
0.4032258064516129
0.24705882352941178
0.3125
0.2608695652173913
0.28
0.2692307692307692
0.45652173913043476
0.30337078651685395
0.20987654320987653
0.352112676056338
0.36538461538461536
0.44
0.5070422535211268
0.25
0.3013698630136986
0.30434782608695654
0.33766233766233766
0.30985915492957744
0.2875
0.32
0.32432432432432434
0.27058823529411763
0.3950617283950617
0.29850746268656714
0.375
0.23636363636363636
0.30120481927710846
0.2549019607843137
0.27941176470588236
0.4857142857142857
0.3125
0.2391304347826087
0.32142857142857145
0.3561643835616438
0.3283582089552239
0.27692307692307694
0.323943661971831
0.2625
0.3218390804597701
0.4634146341463415
0.4
0.20987654320987653
0.26506024096385544
0.43859649122807015
0.2962962962962963
0.4
0.625
0.3225806451612903
0.39215686274509803
0.29577464788732394
0.38028169014084506
0.3170731707317073
0.4423076923076923
0.19736842105263158
0.3225806451612903
0.47761194029850745
0.3108108108108108
0.43661971830985913
0.25301204819277107
0.5
0.3170731707317073
0.4230769230769231
0.3076923076923077
0.3088235294117647
0.27848101265822783
0.31868131868131866
0.3220338983050847
0.6428571428571429
0.38181818181818183
0.45098039215686275
0.3333333333333333
0.4375
0.3466666666666667