0.5774647887323944
0.37142857142857144
0.43902439024390244
0.671875
0.35294117647058826
0.421875
0.2268041237113402
0.3442622950819672
0.43661971830985913
0.36231884057971014
0.36363636363636365
0.3488372093023256
0.3880597014925373
0.359375
0.38333333333333336
0.4069767441860465
0.2545454545454545
0.3492063492063492
0.3058823529411765
0.38235294117647056
0.75
0.46875
0.4067796610169492
0.2911392405063291
0.46875
0.7878787878787878
0.3898305084745763
0.43478260869565216
0.43283582089552236
0.4927536231884058
0.44776119402985076
0.37037037037037035
0.6764705882352942
0.3472222222222222
0.37142857142857144
0.4675324675324675
0.3150684931506849
0.24528301886792453
0.5
0.38636363636363635
0.410958904109589
0.34210526315789475
0.4177215189873418
0.6027397260273972
0.43661971830985913
0.4117647058823529
0.17391304347826086
0.44642857142857145
0.4230769230769231
0.25
0.3448275862068966
0.288135593220339
0.5797101449275363
0.36046511627906974
0.6612903225806451
0.30158730158730157
0.3
0.5897435897435898
0.7121212121212122
0.37142857142857144
0.7142857142857143
0.5394736842105263
0.34328358208955223
0.35384615384615387
0.6025641025641025
0.30120481927710846
0.5492957746478874
0.375
0.509090909090909
0.47058823529411764
0.35714285714285715
0.38461538461538464
0.3050847457627119
0.2987012987012987
0.5
0.4153846153846154
0.4838709677419355
0.4032258064516129
0.52
0.3787878787878788
0.4
0.275
0.352112676056338
0.5692307692307692
0.71875
0.463768115942029
0.3076923076923077
0.3698630136986301
0.5507246376811594
0.40625
0.3442622950819672
0.453125
0.2753623188405797
0.3380281690140845
0.27941176470588236
0.2702702702702703
0.2839506172839506
0.2716049382716049
0.25925925925925924
0.4605263157894737
0.4868421052631579
0.2982456140350877
0.6417910447761194
0.4931506849315068
0.359375
0.5245901639344263
0.3068181818181818
0.4125
0.43023255813953487
0.5205479452054794
0.5068493150684932
0.28735632183908044
0.5
0.21621621621621623
0.7285714285714285
0.34615384615384615
0.352112676056338
0.3076923076923077
0.3783783783783784
0.7833333333333333
0.6923076923076923
0.4125
0.3333333333333333
0.2903225806451613
0.4810126582278481
0.6727272727272727
0.7142857142857143
0.3194444444444444
0.4126984126984127
0.3787878787878788
0.375
0.3013698630136986
0.3220338983050847
0.78125
0.4927536231884058
0.2549019607843137
0.3815789473684211
0.3181818181818182
0.3835616438356164
0.40625
0.5
0.5961538461538461
0.38571428571428573
0.4918032786885246
0.43037974683544306
0.4909090909090909
0.43037974683544306
0.3898305084745763
0.2948717948717949
0.20430107526881722
0.3972602739726027
0.35
0.32894736842105265
0.5636363636363636
0.4024390243902439
0.4
0.2676056338028169
0.38461538461538464
0.8363636363636363
0.4857142857142857
0.2619047619047619
0.37037037037037035
0.3333333333333333
0.3026315789473684
0.4426229508196721
0.2702702702702703
0.41818181818181815
0.2676056338028169
0.6081081081081081
0.4098360655737705
0.3333333333333333
0.3055555555555556
0.3384615384615385
0.36619718309859156
0.36363636363636365
0.5
0.3013698630136986
0.640625
0.3116883116883117
0.4375
0.2549019607843137
0.47435897435897434
0.3382352941176471
0.35384615384615387
0.4230769230769231
0.25609756097560976
0.3466666666666667
0.6619718309859155
0.3611111111111111
0.46551724137931033
0.3875
0.6612903225806451
0.4230769230769231
0.25925925925925924
0.25
0.7647058823529411
0.3972602739726027
0.36231884057971014
0.5
0.5362318840579711
0.4375
0.5
0.6615384615384615
0.4625
0.3269230769230769
0.2786885245901639
0.3673469387755102
0.3548387096774194
0.4492753623188406
0.22857142857142856
0.35526315789473684
0.6428571428571429
0.6785714285714286
0.36231884057971014
0.3076923076923077
0.5178571428571429
0.3108108108108108
0.5490196078431373
0.47435897435897434
0.36764705882352944
0.375
0.4444444444444444
0.37037037037037035
0.7377049180327869
0.4305555555555556
0.43902439024390244
0.3387096774193548
0.4927536231884058
0.6829268292682927
0.2875
0.34615384615384615
0.36486486486486486
0.3783783783783784
0.3793103448275862
0.5189873417721519
0.3333333333333333
0.328125
0.25609756097560976
0.44871794871794873
0.4
0.34210526315789475
0.52
0.48
0.5769230769230769
0.38961038961038963
0.37333333333333335
0.46153846153846156
0.4794520547945205
0.379746835443038
0.8
0.32894736842105265
0.3076923076923077
0.42857142857142855
0.2916666666666667
0.3492063492063492
0.5454545454545454
0.4868421052631579
0.3611111111111111
0.3275862068965517
0.3
0.6415094339622641
0.48
0.3111111111111111
0.4507042253521127
0.36363636363636365
0.3548387096774194
0.3076923076923077
0.24285714285714285
0.3055555555555556
0.23255813953488372
0.3373493975903614
0.38961038961038963
0.4342105263157895
0.6140350877192983
0.5454545454545454
0.44642857142857145
0.35294117647058826
0.7049180327868853
0.40625
0.5068493150684932
0.3157894736842105
0.42028985507246375
0.46835443037974683
0.3218390804597701
0.4266666666666667
0.5
0.43
0.391304347826087
0.2545454545454545
0.3108108108108108
0.7878787878787878
0.27692307692307694
0.3888888888888889
0.2903225806451613
0.4852941176470588
0.47058823529411764
0.4520547945205479
0.24358974358974358
0.28378378378378377
0.6785714285714286
0.42857142857142855
0.4533333333333333
0.34523809523809523
0.36507936507936506
0.4714285714285714
0.2564102564102564
0.39473684210526316
0.2361111111111111
0.3787878787878788
0.3
0.24
0.41975308641975306
0.7258064516129032
0.524390243902439
0.2753623188405797
0.3880597014925373
0.35135135135135137
0.3246753246753247
0.6046511627906976
0.25
0.2807017543859649
0.3137254901960784
0.4857142857142857
0.2833333333333333
0.4358974358974359
0.38333333333333336
0.34285714285714286
0.3283582089552239
0.19230769230769232
0.38823529411764707
0.44871794871794873
0.32142857142857145
0.30158730158730157
0.3709677419354839
0.6
0.5316455696202531
0.3287671232876712
0.2692307692307692
0.3382352941176471
0.32786885245901637
0.4722222222222222
0.4
0.3972602739726027
0.4
0.6744186046511628
0.3125
0.47058823529411764
0.4
0.6296296296296297
0.37333333333333335
0.3283582089552239
0.4827586206896552
0.2647058823529412
0.3150684931506849
0.3382352941176471
0.31666666666666665
0.5694444444444444
0.48148148148148145
0.765625
0.3103448275862069
0.3076923076923077
0.6617647058823529
0.40625
0.6119402985074627
0.3595505617977528
0.2857142857142857
0.4533333333333333
0.288135593220339
0.26666666666666666
0.9272727272727272
0.3815789473684211
0.4146341463414634
0.3037974683544304
0.6376811594202898
0.44285714285714284
0.36666666666666664
0.46875
0.34146341463414637
0.7142857142857143
0.41333333333333333
0.25806451612903225
0.39705882352941174
0.28846153846153844
0.323943661971831
0.6060606060606061
0.5454545454545454
0.5616438356164384
0.6785714285714286
0.5625
0.3333333333333333
0.6
0.34146341463414637
0.43243243243243246
0.40476190476190477
0.3611111111111111
0.32051282051282054
0.3670886075949367
0.3287671232876712
0.5064935064935064
0.4507042253521127
0.4528301886792453
0.2835820895522388
0.4936708860759494
0.2891566265060241
0.25333333333333335
0.37333333333333335
0.5084745762711864
0.47297297297297297
0.3974358974358974
0.3684210526315789
0.2549019607843137
0.5
0.41025641025641024
0.32857142857142857
0.46153846153846156
0.3611111111111111
0.3333333333333333
0.4342105263157895
0.5757575757575758
0.475
0.5138888888888888
0.44155844155844154
0.3442622950819672
0.5675675675675675
0.6142857142857143
0.328125
0.3333333333333333
0.43636363636363634
0.4307692307692308
0.3484848484848485
0.36231884057971014
0.6307692307692307
0.3972602739726027
0.39436619718309857
0.3614457831325301
0.31645569620253167
0.4069767441860465
0.391304347826087
0.3333333333333333
0.35135135135135137
0.5
0.509090909090909
0.26595744680851063
0.3625
0.25396825396825395
0.2948717948717949
0.4411764705882353
0.38666666666666666
0.35
0.3770491803278688
0.8703703703703703
0.4266666666666667
0.3484848484848485
0.3488372093023256
0.43661971830985913
0.3125
0.3157894736842105
0.6721311475409836
0.43661971830985913
0.4155844155844156
0.37681159420289856
0.4090909090909091
0.3283582089552239
0.4
0.2222222222222222
0.2916666666666667
0.3835616438356164
0.4342105263157895
0.625
0.5862068965517241
0.2911392405063291
0.5
0.49295774647887325
0.36363636363636365
0.5
0.32051282051282054
0.3283582089552239
0.4
0.43283582089552236
0.3333333333333333
0.8095238095238095
0.5753424657534246
0.43283582089552236
0.43859649122807015
0.4230769230769231
0.49206349206349204
0.29850746268656714
0.20253164556962025
0.37349397590361444
0.6590909090909091
0.24324324324324326
0.32432432432432434
0.34615384615384615
0.358974358974359
0.2857142857142857
0.23636363636363636
0.36619718309859156
0.4027777777777778
0.24675324675324675
0.26744186046511625
0.31746031746031744
0.25757575757575757
0.2545454545454545
0.45569620253164556
0.5151515151515151
0.3108108108108108
0.4246575342465753
0.42592592592592593
0.3898305084745763
0.2727272727272727
0.2967032967032967
0.3684210526315789
0.24358974358974358
0.20689655172413793
0.34545454545454546
0.4050632911392405
0.5507246376811594
0.4246575342465753
0.4444444444444444
0.4305555555555556
0.4666666666666667
0.3484848484848485
0.2833333333333333
0.36231884057971014
0.30434782608695654
0.27906976744186046
0.4625
0.35802469135802467
0.4507042253521127
0.33783783783783783
0.5
0.39759036144578314
0.5846153846153846
0.35384615384615387
0.4927536231884058
0.4177215189873418
0.546875
0.4666666666666667
0.6037735849056604
0.3375
0.3384615384615385
0.5185185185185185
0.2857142857142857
0.32786885245901637
0.40789473684210525
0.32926829268292684
0.46875
0.38666666666666666
0.3333333333333333
0.3142857142857143
0.2537313432835821
0.3561643835616438
0.3157894736842105
0.4268292682926829
0.34545454545454546
0.48148148148148145
0.3194444444444444
0.2909090909090909
0.46875
0.345679012345679
0.6086956521739131
0.3953488372093023
0.36363636363636365
0.5932203389830508
0.3235294117647059
0.32894736842105265
0.4426229508196721
0.4
0.37037037037037035
0.27692307692307694
0.5060240963855421
0.43103448275862066
0.36585365853658536
0.41379310344827586
0.47540983606557374
0.6081081081081081
0.410958904109589
0.35064935064935066
0.6101694915254238
0.4342105263157895
0.41333333333333333
0.410958904109589
0.37142857142857144
0.25301204819277107
0.36363636363636365
0.3088235294117647
0.35064935064935066
0.4
0.36231884057971014
0.42574257425742573
0.3235294117647059
0.3108108108108108
0.5
0.2923076923076923
0.37662337662337664
0.3150684931506849
0.26582278481012656
0.2702702702702703
0.5538461538461539
0.3870967741935484
0.375
0.45348837209302323
0.25316455696202533
0.25
0.3787878787878788
0.39344262295081966
0.7384615384615385
0.35135135135135137
0.6527777777777778
0.3392857142857143
0.36046511627906974
0.5666666666666667
0.2857142857142857
0.7391304347826086
0.4268292682926829
0.6081081081081081
0.6268656716417911
0.37209302325581395
0.25
0.41025641025641024
0.3275862068965517
0.25
0.5526315789473685
0.4157303370786517
0.3974358974358974
0.717948717948718
0.32857142857142857
0.3176470588235294
0.7213114754098361
0.3333333333333333
0.20833333333333334
0.3150684931506849
0.48484848484848486
0.43137254901960786
0.27058823529411763
0.6323529411764706
0.3424657534246575
0.373134328358209
0.47297297297297297
0.4533333333333333
0.2857142857142857
0.6031746031746031
0.2909090909090909
0.37142857142857144
0.2696629213483146
0.4675324675324675
0.3023255813953488
0.6507936507936508
0.26744186046511625
0.42168674698795183
0.2826086956521739
0.36363636363636365
0.27941176470588236
0.379746835443038
0.3484848484848485
0.38095238095238093
0.5423728813559322
0.4406779661016949
0.5357142857142857
0.24390243902439024
0.3793103448275862
0.24050632911392406
0.36363636363636365
0.42857142857142855
0.3333333333333333
0.24705882352941178
0.7631578947368421
0.703125
0.34375
0.3466666666666667
0.33962264150943394
0.9016393442622951
0.7346938775510204
0.2631578947368421
0.6829268292682927
0.7878787878787878
0.5689655172413793
0.45454545454545453
0.31645569620253167
0.38095238095238093
0.43548387096774194
0.32432432432432434
0.2191780821917808
0.325
0.26785714285714285
0.379746835443038
0.5230769230769231
0.4936708860759494
0.5138888888888888
0.6744186046511628
0.6527777777777778
0.35
0.3013698630136986
0.696969696969697
0.42028985507246375
0.27472527472527475
0.4583333333333333
0.49382716049382713
0.3424657534246575
0.3225806451612903
0.4691358024691358
0.37142857142857144
0.5303030303030303
0.49295774647887325
0.36065573770491804
0.3902439024390244
0.5660377358490566
0.3717948717948718
0.5753424657534246
0.42857142857142855
0.3333333333333333
0.44285714285714284
0.3230769230769231
0.3484848484848485
0.24691358024691357
0.37681159420289856
0.36
0.3384615384615385
0.37254901960784315
0.5161290322580645
0.3220338983050847
0.30985915492957744
0.5555555555555556
0.35
0.3392857142857143
0.373134328358209
0.35443037974683544
0.26582278481012656
0.30434782608695654
0.2597402597402597
0.359375
0.24
0.28125
0.3614457831325301
0.5454545454545454
0.2876712328767123
0.46153846153846156
0.3132530120481928
0.38095238095238093
0.4117647058823529
0.2345679012345679
0.5405405405405406
0.5405405405405406
0.33766233766233766
0.6231884057971014
0.2857142857142857
0.5466666666666666
0.25
0.35714285714285715
0.34285714285714286
0.7333333333333333
0.36486486486486486
0.6181818181818182
0.3380281690140845
0.47761194029850745
0.38596491228070173
0.7333333333333333
0.36065573770491804
0.3114754098360656
0.34146341463414637
0.47761194029850745
0.43037974683544306
0.4603174603174603
0.6417910447761194
0.647887323943662
0.3058823529411765
0.25806451612903225
0.5573770491803278
0.373134328358209
0.3333333333333333
0.6
0.6571428571428571
0.3392857142857143
0.8245614035087719
0.4492753623188406
0.3709677419354839
0.43478260869565216
0.41935483870967744
0.5074626865671642
0.6212121212121212
0.31666666666666665
0.7166666666666667
0.3108108108108108
0.48148148148148145
0.3684210526315789
0.5833333333333334
0.25925925925925924
0.578125
0.48717948717948717
0.4691358024691358
0.30120481927710846
0.3950617283950617
0.7580645161290323
0.43333333333333335
0.275
0.5094339622641509
0.4625
0.6896551724137931
0.3373493975903614
0.296875
0.35294117647058826
0.352112676056338
0.43283582089552236
0.34285714285714286
0.4027777777777778
0.26666666666666666
0.33783783783783783
0.4935064935064935
0.7213114754098361
0.4235294117647059
0.47619047619047616
0.3291139240506329
0.4117647058823529
0.47058823529411764
0.3111111111111111
0.4266666666666667
0.6037735849056604
0.4489795918367347
0.4666666666666667
0.3448275862068966
0.3595505617977528
0.6417910447761194
0.38235294117647056
0.3411764705882353
0.53125
0.3333333333333333
0.33766233766233766
0.44642857142857145
0.4230769230769231
0.2753623188405797
0.2857142857142857
0.47368421052631576
0.34615384615384615
0.28
0.323943661971831
0.32432432432432434
0.35714285714285715
0.47368421052631576
0.36470588235294116
0.45588235294117646
0.3194444444444444
0.4
0.3484848484848485
0.4444444444444444
0.2972972972972973
0.3333333333333333
0.5131578947368421
0.4383561643835616
0.3902439024390244
0.5074626865671642
0.5194805194805194
0.5185185185185185
0.3380281690140845
0.25675675675675674
0.26785714285714285
0.5
0.3670886075949367
0.39759036144578314
0.3
0.29577464788732394
0.4675324675324675
0.5254237288135594
0.6666666666666666
0.30864197530864196
0.45454545454545453
0.46808510638297873
0.31343283582089554
0.3387096774193548
0.3142857142857143
0.35064935064935066
0.35064935064935066
0.42168674698795183
0.2619047619047619
0.37349397590361444
0.3815789473684211
0.41025641025641024
0.2804878048780488
0.45714285714285713
0.6885245901639344
0.3392857142857143
0.42528735632183906
0.2857142857142857
0.3389830508474576
0.32941176470588235
0.24358974358974358
0.36046511627906974
0.3055555555555556
0.2857142857142857
0.29411764705882354
0.2711864406779661
0.3333333333333333
0.2698412698412698
0.33766233766233766
0.35064935064935066
0.4936708860759494
0.75
0.3
0.43333333333333335
0.5443037974683544
0.3389830508474576
0.30985915492957744
0.46153846153846156
0.3448275862068966
0.3898305084745763
0.25
0.4
0.6571428571428571
0.4594594594594595
0.36363636363636365
0.38
0.8181818181818182
0.5294117647058824
0.28125
0.3595505617977528
0.4027777777777778
0.2835820895522388
0.5263157894736842
0.6212121212121212
0.42592592592592593
0.23076923076923078
0.4057971014492754
0.3684210526315789
0.2830188679245283
0.29333333333333333
0.18181818181818182
0.5573770491803278
0.6153846153846154
0.4473684210526316
0.3614457831325301
0.29577464788732394
0.2808988764044944
0.3424657534246575
0.3076923076923077
0.27631578947368424
0.36363636363636365
0.4230769230769231
0.4098360655737705
0.3333333333333333
0.6470588235294118
0.24675324675324675
0.43209876543209874
0.4074074074074074
0.30434782608695654
0.4727272727272727
0.24705882352941178
0.2682926829268293
0.48148148148148145
0.5694444444444444
0.35294117647058826
0.3939393939393939
0.3898305084745763
0.4342105263157895
0.3561643835616438
0.2916666666666667
0.34782608695652173
0.48148148148148145
0.3472222222222222
0.375
0.43661971830985913
0.3
0.3380281690140845
0.3076923076923077
0.33766233766233766
0.3333333333333333
0.3387096774193548
0.4426229508196721
0.4266666666666667
0.3870967741935484
0.30985915492957744
0.5443037974683544
0.3157894736842105
0.25675675675675674
0.26595744680851063
0.42857142857142855
0.3918918918918919
0.2911392405063291
0.29545454545454547
0.671875
0.3076923076923077
0.55
0.2465753424657534
0.31868131868131866
0.36
0.37681159420289856
0.38571428571428573
0.5151515151515151
0.3880597014925373
0.3918918918918919
0.3582089552238806
0.5192307692307693
0.45901639344262296
0.36507936507936506
0.36363636363636365
0.7368421052631579
0.30357142857142855
0.4246575342465753
0.43243243243243246
0.2608695652173913
0.4074074074074074
0.31645569620253167
0.4634146341463415
0.24705882352941178
0.3333333333333333
0.36764705882352944
0.5066666666666667
0.3448275862068966
0.379746835443038
0.3125
0.2967032967032967
0.3673469387755102
0.3614457831325301
0.3582089552238806
0.3048780487804878
0.47692307692307695
0.41333333333333333
0.4342105263157895
0.28125
0.3220338983050847
0.44
0.4675324675324675
0.45901639344262296
0.5925925925925926
0.515625
0.2857142857142857
0.7391304347826086
0.3114754098360656
0.2
0.44
0.46774193548387094
0.3333333333333333
0.3
0.4444444444444444
0.4166666666666667
0.24050632911392406
0.34210526315789475
0.4189189189189189
0.373134328358209
0.31666666666666665
0.25301204819277107
0.44285714285714284
0.2808988764044944
0.39705882352941174
0.7272727272727273
0.2987012987012987
0.2976190476190476
0.4583333333333333
0.3333333333333333
0.5540540540540541
0.4074074074074074
0.36764705882352944
0.37777777777777777
0.6164383561643836
0.4142857142857143
0.45454545454545453
0.3125
0.2857142857142857
0.44594594594594594
0.671875
0.4722222222222222
0.7301587301587301
0.4
0.4722222222222222
0.4032258064516129
0.25925925925925924
0.38333333333333336
0.2840909090909091
0.4482758620689655
0.3888888888888889
0.696969696969697
0.47297297297297297
0.6197183098591549
0.576271186440678
0.75
0.4647887323943662
0.453125
0.5633802816901409
0.25396825396825395
0.5344827586206896
0.25
0.5079365079365079
0.875
0.4794520547945205
0.4
0.33766233766233766
0.7213114754098361
0.859375
0.2549019607843137
0.391304347826087
0.3333333333333333
0.4305555555555556
0.36363636363636365
0.34146341463414637
0.3333333333333333
0.5306122448979592
0.3108108108108108
0.5357142857142857
0.3611111111111111
0.43478260869565216
0.6612903225806451
0.4074074074074074
0.5822784810126582
0.34615384615384615
0.2807017543859649
0.43548387096774194
0.323943661971831
0.45454545454545453
0.33783783783783783
0.2857142857142857
0.36363636363636365
0.2839506172839506
0.3333333333333333
0.38181818181818183
0.3787878787878788
0.42105263157894735
0.5324675324675324
0.6612903225806451
0.7317073170731707
0.31666666666666665
0.4838709677419355
0.379746835443038
0.39473684210526316
0.3466666666666667
0.6164383561643836
0.2976190476190476
0.49295774647887325
0.7076923076923077
0.47058823529411764
0.37037037037037035
0.3
0.37037037037037035
0.4603174603174603
0.373134328358209
0.3220338983050847
0.6212121212121212
0.44285714285714284
0.4594594594594595
0.4444444444444444
0.37662337662337664
0.34285714285714286
0.35714285714285715
0.5
0.37037037037037035
0.3614457831325301
0.2647058823529412
0.38095238095238093
0.38461538461538464
0.44
0.3404255319148936
0.2894736842105263
0.24285714285714285
0.734375
0.6530612244897959
0.3333333333333333
0.7424242424242424
0.4126984126984127
0.5714285714285714
0.375
0.5142857142857142
0.4305555555555556
0.42857142857142855
0.375
0.3835616438356164
0.38235294117647056
0.37662337662337664
0.5714285714285714
0.5454545454545454
0.42105263157894735
0.39436619718309857
0.4090909090909091
0.36764705882352944
0.38235294117647056
0.25396825396825395
0.4533333333333333
0.5428571428571428
0.352112676056338
0.36904761904761907
0.34523809523809523
0.24193548387096775
0.2714285714285714
0.42028985507246375
0.5833333333333334
0.345679012345679
0.3333333333333333
0.4838709677419355
0.5
0.20408163265306123
0.509090909090909
0.31521739130434784
0.5
0.3380281690140845
0.25806451612903225
0.3
0.47058823529411764
0.35802469135802467
0.3698630136986301
0.3389830508474576
0.45121951219512196
0.34375
0.3559322033898305
0.5454545454545454
0.4473684210526316
0.31666666666666665
0.3424657534246575
0.38596491228070173
0.3968253968253968
0.28169014084507044
0.3561643835616438
0.34177215189873417
0.34177215189873417
0.38666666666666666
0.3488372093023256
0.45454545454545453
0.45714285714285713
0.3380281690140845
0.3150684931506849
0.5294117647058824
0.5384615384615384
0.4
0.2808988764044944
0.42168674698795183
0.5606060606060606
0.5223880597014925
0.42574257425742573
0.32432432432432434
0.33766233766233766
0.33783783783783783
0.4861111111111111
0.53125
0.36363636363636365
0.5
0.23809523809523808
0.3108108108108108
0.7580645161290323
0.391304347826087
0.2597402597402597
0.6923076923076923
0.3125
0.390625
0.34375
0.28169014084507044
0.3582089552238806
0.3411764705882353
0.6274509803921569
0.3611111111111111
0.34782608695652173
0.3
0.4722222222222222
0.2608695652173913
0.4576271186440678
0.2459016393442623
0.4576271186440678
0.3684210526315789
0.3684210526315789
0.6896551724137931
0.3333333333333333
0.5185185185185185
0.4864864864864865
0.38181818181818183
0.3157894736842105
0.30357142857142855
0.36764705882352944
0.3333333333333333
0.43902439024390244
0.35294117647058826
0.40298507462686567
0.3898305084745763
0.4927536231884058
0.4
0.3132530120481928
0.2875
0.2549019607843137
0.2753623188405797
0.6956521739130435
0.38571428571428573
0.6086956521739131
0.3448275862068966
0.3287671232876712
0.22666666666666666
0.47297297297297297
0.4909090909090909
0.3333333333333333
0.5970149253731343
0.29545454545454547
0.39705882352941174
0.4722222222222222
0.4626865671641791
0.6388888888888888
0.29310344827586204
0.4594594594594595
0.32
0.4823529411764706
0.32098765432098764
0.38461538461538464
0.39473684210526316
0.5131578947368421
0.75
0.56
0.4
0.3076923076923077
0.390625
0.35384615384615387
0.43333333333333335
0.37349397590361444
0.5454545454545454
0.6575342465753424
0.5714285714285714
0.38235294117647056
0.28205128205128205
0.3
0.5238095238095238
0.6875
0.22666666666666666
0.31746031746031744
0.29508196721311475
0.6172839506172839
0.35714285714285715
0.359375
0.22580645161290322
0.3170731707317073
0.4
0.3333333333333333
0.4594594594594595
0.2777777777777778
0.4342105263157895
0.2716049382716049
0.265625
0.6086956521739131
0.4461538461538462
0.32432432432432434
0.34146341463414637
0.3424657534246575
0.3333333333333333
0.375
0.5192307692307693
0.3023255813953488
0.3424657534246575
0.40298507462686567
0.32
0.3709677419354839
0.4603174603174603
0.3684210526315789
0.3484848484848485
0.4861111111111111
0.2625
0.5517241379310345
0.42105263157894735
0.3076923076923077
0.44871794871794873
0.43548387096774194
0.6764705882352942
0.6511627906976745
0.4142857142857143
0.5
0.4675324675324675
0.5306122448979592
0.3611111111111111
0.3698630136986301
0.5316455696202531
0.41509433962264153
0.37037037037037035
0.2962962962962963
0.5070422535211268
0.6388888888888888
0.4230769230769231
0.5735294117647058
0.2564102564102564
0.5443037974683544
0.6388888888888888
0.4050632911392405
0.3088235294117647
0.3389830508474576
0.23880597014925373
0.25675675675675674
0.3698630136986301
0.4594594594594595
0.4918032786885246
0.36
0.4411764705882353
0.6153846153846154
0.38
0.527027027027027
0.4583333333333333
0.30303030303030304
0.4625
0.5373134328358209
0.3157894736842105
0.6341463414634146
0.35
0.4533333333333333
0.21311475409836064
0.35
0.27586206896551724
0.4153846153846154
0.5686274509803921
0.28421052631578947
0.23636363636363636
0.3108108108108108
0.28
0.4383561643835616
0.6041666666666666
0.2289156626506024
0.4426229508196721
0.27419354838709675
0.323943661971831
0.7121212121212122
0.5394736842105263
0.35714285714285715
0.5714285714285714
0.38271604938271603
0.3387096774193548
0.5070422535211268
0.38596491228070173
0.44285714285714284
0.38333333333333336
0.3582089552238806
0.23076923076923078
0.2714285714285714
0.7857142857142857
0.3698630136986301
0.352112676056338
0.34375
0.7285714285714285
0.5375
0.5223880597014925
0.3783783783783784
0.5671641791044776
0.6037735849056604
0.3111111111111111
0.46
0.43209876543209874
0.8135593220338984
0.33783783783783783
0.3275862068965517
0.7727272727272727
0.37333333333333335
0.3972602739726027
0.5777777777777777
0.6212121212121212
0.6268656716417911
0.5714285714285714
0.5394736842105263
0.2903225806451613
0.2976190476190476
0.3673469387755102
0.3484848484848485
0.352112676056338
0.3246753246753247
0.2962962962962963
0.5507246376811594
0.44642857142857145
0.32051282051282054
0.6785714285714286
0.3333333333333333
0.3146067415730337
0.24615384615384617
0.38095238095238093
0.34210526315789475
0.3068181818181818
0.5882352941176471
0.5662650602409639
0.6060606060606061
0.32075471698113206
0.3375
0.375
0.40298507462686567
0.358974358974359
0.2619047619047619
0.37142857142857144
0.45454545454545453
0.4935064935064935
0.2857142857142857
0.25
0.6081081081081081
0.4675324675324675
0.6527777777777778
0.26865671641791045
0.45
0.29347826086956524
0.2602739726027397
0.38461538461538464
0.6071428571428571
0.3090909090909091
0.36764705882352944
0.3888888888888889
0.4268292682926829
0.5873015873015873
0.375
0.4246575342465753
0.3026315789473684
0.7230769230769231
0.6027397260273972
0.6607142857142857
0.5068493150684932
0.3333333333333333
0.3333333333333333
0.42574257425742573
0.3561643835616438
0.4788732394366197
0.25
0.2972972972972973
0.43373493975903615
0.35384615384615387
0.3287671232876712
0.29333333333333333
0.2714285714285714
0.3717948717948718
0.3898305084745763
0.3787878787878788
0.3220338983050847
0.3333333333333333
0.4492753623188406
0.46835443037974683
0.4305555555555556
0.532258064516129
0.6938775510204082
0.3188405797101449
0.5882352941176471
0.367816091954023
0.43902439024390244
0.4931506849315068
0.4492753623188406
0.5866666666666667
0.41379310344827586
0.3142857142857143
0.38636363636363635
0.19672131147540983
0.36065573770491804
0.3387096774193548
0.3516483516483517
0.5256410256410257
0.34545454545454546
0.4457831325301205
0.4246575342465753
0.3108108108108108
0.4305555555555556
0.35064935064935066
0.3283582089552239
0.3026315789473684
0.5072463768115942
0.24193548387096775
0.3974358974358974
0.3333333333333333
0.38571428571428573
0.44
0.25
0.37662337662337664
0.32926829268292684
0.20754716981132076
0.36363636363636365
0.43548387096774194
0.3287671232876712
0.5142857142857142
0.22413793103448276
0.37333333333333335
0.3898305084745763
0.3548387096774194
0.3076923076923077
0.3181818181818182
0.6785714285714286
0.35714285714285715
0.38461538461538464
0.3442622950819672
0.21794871794871795
0.38
0.352112676056338
0.4117647058823529
0.4050632911392405
0.4266666666666667
0.4473684210526316
0.7213114754098361
0.4246575342465753
0.5
0.37662337662337664
0.5306122448979592
0.35294117647058826
0.3974358974358974
0.45454545454545453
0.5394736842105263
0.38461538461538464
0.367816091954023
0.5660377358490566
0.35789473684210527
0.7073170731707317
0.26666666666666666
0.3898305084745763
0.38666666666666666
0.375
0.4931506849315068
0.3225806451612903
0.25
0.3333333333333333
0.3132530120481928
0.5166666666666667
0.4594594594594595
0.23809523809523808
0.6307692307692307
0.29411764705882354
0.3880597014925373
0.3125
0.35
0.38461538461538464
0.4305555555555556
0.6792452830188679
0.64
0.29411764705882354
0.5432098765432098
0.676923076923077
0.37037037037037035
0.3
0.26785714285714285
0.5714285714285714
0.37142857142857144
0.3157894736842105
0.3625
0.7692307692307693
0.44285714285714284
0.34782608695652173
0.2753623188405797
0.34210526315789475
0.27848101265822783
0.4246575342465753
0.31645569620253167
0.3670886075949367
0.3333333333333333
0.5
0.5
0.3448275862068966
0.6818181818181818
0.7230769230769231
0.42857142857142855
0.3508771929824561
0.45569620253164556
0.43333333333333335
0.24615384615384617
0.3055555555555556
0.43548387096774194
0.27941176470588236
0.5151515151515151
0.35384615384615387
0.20512820512820512
0.44
0.40789473684210525
0.2717391304347826
0.37142857142857144
0.25925925925925924
0.36
0.5972222222222222
0.43243243243243246
0.3956043956043956
0.49333333333333335
0.6164383561643836
0.171875
0.36619718309859156
0.31666666666666665
0.43243243243243246
0.5925925925925926
0.25609756097560976
0.39705882352941174
0.45161290322580644
0.27586206896551724
0.5384615384615384
0.34782608695652173
0.35443037974683544
0.3888888888888889
0.2840909090909091
0.5849056603773585
0.36585365853658536
0.3898305084745763
0.5972222222222222
0.45454545454545453
0.48148148148148145
0.2
0.5256410256410257
0.23333333333333334
0.3382352941176471
0.5068493150684932
0.3561643835616438
0.3472222222222222
0.3283582089552239
0.5
0.48148148148148145
0.3194444444444444
0.20270270270270271
0.359375
0.43283582089552236
0.3472222222222222
0.4594594594594595
0.3333333333333333
0.4594594594594595
0.26506024096385544
0.37142857142857144
0.4393939393939394
0.38666666666666666
0.3783783783783784
0.2375
0.27692307692307694
0.676923076923077
0.3176470588235294
0.36363636363636365
0.20833333333333334
0.4
0.32051282051282054
0.39473684210526316
0.7
0.4166666666666667
0.2840909090909091
0.6666666666666666
0.2891566265060241
0.7014925373134329
0.3333333333333333
0.28431372549019607
0.3559322033898305
0.46835443037974683
0.42528735632183906
0.4444444444444444
0.42857142857142855
0.3333333333333333
0.29333333333333333
0.313953488372093
0.2602739726027397
0.24358974358974358
0.3076923076923077
0.2898550724637681
0.273972602739726
0.3026315789473684
0.5882352941176471
0.2727272727272727
0.45714285714285713
0.2876712328767123
0.4576271186440678
0.46153846153846156
0.5396825396825397
0.34285714285714286
0.3116883116883117
0.4626865671641791
0.2976190476190476
0.30952380952380953
0.3050847457627119
0.29310344827586204
0.4117647058823529
0.2857142857142857
0.26865671641791045
0.581081081081081
0.36923076923076925
0.3246753246753247
0.3235294117647059
0.24691358024691357
0.3125
0.2898550724637681
0.3898305084745763
0.352112676056338
0.6551724137931034
0.4125
0.3972602739726027
0.3333333333333333
0.42857142857142855
0.6296296296296297
0.609375
0.2962962962962963
0.38596491228070173
0.6984126984126984
0.4819277108433735
0.6119402985074627
0.3709677419354839
0.5769230769230769
0.4305555555555556
0.47619047619047616
0.7575757575757576
0.39344262295081966
0.3484848484848485
0.35
0.5862068965517241
0.6984126984126984
0.46153846153846156
0.28205128205128205
0.2857142857142857
0.5138888888888888
0.32926829268292684
0.30864197530864196
0.3333333333333333
0.2987012987012987
0.35384615384615387
0.2647058823529412
0.23529411764705882
0.352112676056338
0.375
0.5849056603773585
0.46153846153846156
0.3448275862068966
0.45454545454545453
0.3125
0.4166666666666667
0.7580645161290323
0.38235294117647056
0.5774647887323944
0.3387096774193548
0.38235294117647056
0.484375
0.4576271186440678
0.359375
0.3484848484848485
0.7627118644067796
0.5352112676056338
0.2835820895522388
0.3194444444444444
0.4339622641509434
0.4155844155844156
0.35135135135135137
0.7017543859649122
0.44285714285714284
0.2923076923076923
0.5625
0.39080459770114945
0.37362637362637363
0.4090909090909091
0.75
0.703125
0.5285714285714286
0.30864197530864196
0.37142857142857144
0.367816091954023
0.35
0.36
0.3389830508474576
0.5
0.23880597014925373
0.30357142857142855
0.30952380952380953
0.9310344827586207
0.49122807017543857
0.4032258064516129
0.35714285714285715
0.36231884057971014
0.4594594594594595
0.5555555555555556
0.35
0.576271186440678
0.3018867924528302
0.2247191011235955
0.46938775510204084
0.42424242424242425
0.6170212765957447
0.3409090909090909
0.5483870967741935
0.2948717948717949
0.40789473684210525
0.3194444444444444
0.4927536231884058
0.4189189189189189
0.5230769230769231
0.3333333333333333
0.2608695652173913
0.43283582089552236
0.3924050632911392
0.29508196721311475
0.3150684931506849
0.5692307692307692
0.3275862068965517
0.3103448275862069
0.2894736842105263
0.647887323943662
0.35443037974683544
0.39705882352941174
0.6865671641791045
0.323943661971831
0.463768115942029
0.4528301886792453
0.323943661971831
0.5466666666666666
0.29069767441860467
0.375
0.38961038961038963
0.4125
0.36363636363636365
0.34328358208955223
0.35526315789473684
0.6376811594202898
0.39080459770114945
0.6619718309859155
0.44285714285714284
0.4342105263157895
0.3974358974358974
0.352112676056338
0.30864197530864196
0.3333333333333333
0.36363636363636365
0.3125
0.4305555555555556
0.3783783783783784
0.4024390243902439
0.5428571428571428
0.40384615384615385
0.5344827586206896
0.35714285714285715
0.6
0.24285714285714285
0.4
0.38596491228070173
0.29545454545454547
0.35135135135135137
0.3333333333333333
0.38596491228070173
0.43023255813953487
0.3770491803278688
0.5694444444444444
0.379746835443038
0.33783783783783783
0.42857142857142855
0.3150684931506849
0.25806451612903225
0.37142857142857144
0.5119047619047619
0.3125
0.6575342465753424
0.5645161290322581
0.4666666666666667
0.3392857142857143
0.6617647058823529
0.4098360655737705
0.2972972972972973
0.33766233766233766
0.2692307692307692
0.40350877192982454
0.5769230769230769
0.4915254237288136
0.3442622950819672
0.3561643835616438
0.5135135135135135
0.47368421052631576
0.3918918918918919
0.410958904109589
0.5
0.39285714285714285
0.4533333333333333
0.7068965517241379
0.7647058823529411
0.5384615384615384
0.6349206349206349
0.4406779661016949
0.26785714285714285
0.4090909090909091
0.49295774647887325
0.4266666666666667
0.25396825396825395
0.3770491803278688
0.4117647058823529
0.34545454545454546
0.40384615384615385
0.4246575342465753
0.38181818181818183
0.2717391304347826
0.7285714285714285
0.3176470588235294
0.6382978723404256
0.4268292682926829
0.47619047619047616
0.4827586206896552
0.25316455696202533
0.38202247191011235
0.42592592592592593
0.4567901234567901
0.4722222222222222
0.38
0.3380281690140845
0.625
0.56
0.3924050632911392
0.38095238095238093
0.2345679012345679
0.7230769230769231
0.8524590163934426
0.3728813559322034
0.6388888888888888
0.4
0.43661971830985913
0.2777777777777778
0.27941176470588236
0.4027777777777778
0.3
0.3026315789473684
0.3380281690140845
0.4
0.5454545454545454
0.36619718309859156
0.3176470588235294
0.3793103448275862
0.2857142857142857
0.29310344827586204
0.3835616438356164
0.34210526315789475
0.6379310344827587
0.3387096774193548
0.41818181818181815
0.31666666666666665
0.4722222222222222
0.38571428571428573
0.2878787878787879
0.3333333333333333
0.36231884057971014
0.2982456140350877
0.38333333333333336
0.29508196721311475
0.30985915492957744
0.32075471698113206
0.3392857142857143
0.5740740740740741
0.68
0.3076923076923077
0.25925925925925924
0.30434782608695654
0.3875
0.546875
0.3492063492063492
0.3125
0.24358974358974358
0.3287671232876712
0.7755102040816326
0.4268292682926829
0.2833333333333333
0.4084507042253521
0.43636363636363634
0.37662337662337664
0.3333333333333333
0.33962264150943394
0.3924050632911392
0.5915492957746479
0.3924050632911392
0.4
0.40350877192982454
0.5964912280701754
0.5
0.4805194805194805
0.5540540540540541
0.32786885245901637
0.42028985507246375
0.34146341463414637
0.47297297297297297
0.3150684931506849
0.5256410256410257
0.24615384615384617
0.3181818181818182
0.47540983606557374
0.4626865671641791
0.2549019607843137
0.42857142857142855
0.5616438356164384
0.33783783783783783
0.4868421052631579
0.2857142857142857
0.5454545454545454
0.2972972972972973
0.71875
0.25925925925925924
0.3424657534246575
0.27631578947368424
0.2753623188405797
0.4605263157894737
0.4426229508196721
0.5555555555555556
0.41935483870967744
0.36764705882352944
0.4567901234567901
0.2597402597402597
0.2903225806451613
0.2982456140350877
0.288135593220339
0.34328358208955223
0.391304347826087
0.46153846153846156
0.3709677419354839
0.3974358974358974
0.325
0.4027777777777778
0.3064516129032258
0.3620689655172414
0.3333333333333333
0.3563218390804598
0.2692307692307692
0.34615384615384615
0.2840909090909091
0.38461538461538464
0.48
0.2839506172839506
0.49295774647887325
0.4594594594594595
0.2804878048780488
0.42857142857142855
0.42105263157894735
0.5205479452054794
0.25
0.3875
0.5384615384615384
0.3246753246753247
0.2962962962962963
0.31666666666666665
0.367816091954023
0.28205128205128205
0.4864864864864865
0.3333333333333333
0.3466666666666667
0.6376811594202898
0.5
0.3333333333333333
0.390625
0.40425531914893614
0.4027777777777778
0.35384615384615387
0.30120481927710846
0.2545454545454545
0.3291139240506329
0.40816326530612246
0.32075471698113206
0.2753623188405797
0.3170731707317073
0.5
0.7857142857142857
0.475
0.4084507042253521
0.4
0.6363636363636364
0.4142857142857143
0.6716417910447762
0.62
0.3472222222222222
0.6727272727272727
0.4
0.25925925925925924
0.2926829268292683
0.515625
0.2608695652173913
0.3548387096774194
0.3287671232876712
0.5068493150684932
0.40384615384615385
0.4857142857142857
0.6538461538461539
0.3835616438356164
0.5277777777777778
0.23076923076923078
0.6338028169014085
0.3333333333333333
0.3055555555555556
0.4230769230769231
0.3516483516483517
0.24271844660194175
0.484375
0.8947368421052632
0.5
0.4666666666666667
0.375
0.27419354838709675
0.359375
0.6428571428571429
0.3918918918918919
0.3150684931506849
0.34328358208955223
0.22535211267605634
0.2777777777777778
0.4074074074074074
0.2857142857142857
0.36585365853658536
0.8833333333333333
0.30952380952380953
0.34146341463414637
0.6785714285714286
0.45901639344262296
0.42592592592592593
0.40350877192982454
0.5306122448979592
0.696969696969697
0.375
0.25
0.5068493150684932
0.5970149253731343
0.3855421686746988
0.4897959183673469
0.3815789473684211
0.25925925925925924
0.3194444444444444
0.22807017543859648
0.6590909090909091
0.3088235294117647
0.35802469135802467
0.4861111111111111
0.7272727272727273
0.273972602739726
0.325
0.32432432432432434
0.33766233766233766
0.6716417910447762
0.36065573770491804
0.6417910447761194
0.3235294117647059
0.38461538461538464
0.4722222222222222
0.25555555555555554
0.49230769230769234
0.35365853658536583
0.3218390804597701
0.3870967741935484
0.40540540540540543
0.32222222222222224
0.35294117647058826
0.37681159420289856
0.2696629213483146
0.44285714285714284
0.2698412698412698
0.3076923076923077
0.2777777777777778
0.3382352941176471
0.6037735849056604
0.2625
0.48
0.32051282051282054
0.36486486486486486
0.3855421686746988
0.3561643835616438
0.4375
0.5405405405405406
0.2962962962962963
0.3333333333333333
0.3194444444444444
0.41818181818181815
0.43661971830985913
0.3620689655172414
0.2923076923076923
0.273972602739726
0.41025641025641024
0.4745762711864407
0.6142857142857143
0.40789473684210525
0.36363636363636365
0.17857142857142858
0.43283582089552236
0.2903225806451613
0.3
0.6065573770491803
0.2676056338028169
0.35802469135802467
0.4
0.38028169014084506
0.4375
0.34177215189873417
0.32
0.3770491803278688
0.3333333333333333
0.34782608695652173
0.676923076923077
0.26582278481012656
0.38461538461538464
0.20987654320987653
0.4523809523809524
0.3333333333333333
0.5
0.26
0.25757575757575757
0.35064935064935066
0.38235294117647056
0.47619047619047616
0.36666666666666664
0.36486486486486486
0.6181818181818182
0.35
0.4117647058823529
0.38461538461538464
0.4117647058823529
0.4027777777777778
0.5675675675675675
0.5869565217391305
0.4025974025974026
0.2727272727272727
0.5245901639344263
0.2535211267605634
0.3424657534246575
0.25316455696202533
0.2542372881355932
0.5454545454545454
0.3466666666666667
0.2857142857142857
0.43209876543209874
0.3411764705882353
0.6304347826086957
0.5303030303030303
0.26229508196721313
0.3181818181818182
0.4864864864864865
0.34210526315789475
0.35
0.38961038961038963
0.35365853658536583
0.35294117647058826
0.45588235294117646
0.375
0.48
0.3375
0.5194805194805194
0.43103448275862066
0.4935064935064935
0.35526315789473684
0.22857142857142856
0.3870967741935484
0.3013698630136986
0.47435897435897434
0.36363636363636365
0.32894736842105265
0.5125
0.28735632183908044
0.72
0.625
0.30434782608695654
0.3333333333333333
0.39344262295081966
0.3968253968253968
0.41509433962264153
0.6451612903225806
0.6779661016949152
0.5
0.3888888888888889
0.2638888888888889
0.4423076923076923
0.34177215189873417
0.36
0.1875
0.4605263157894737
0.4155844155844156
0.581081081081081
0.49230769230769234
0.3918918918918919
0.3698630136986301
0.3561643835616438
0.2222222222222222
0.39436619718309857
0.4268292682926829
0.4125
0.36470588235294116
0.6744186046511628
0.47435897435897434
0.27472527472527475
0.5777777777777777
0.609375
0.32432432432432434
0.6575342465753424
0.28735632183908044
0.32967032967032966
0.4230769230769231
0.5
0.39655172413793105
0.3283582089552239
0.2727272727272727
0.4
0.2702702702702703
0.37349397590361444
0.3424657534246575
0.8048780487804879
0.5526315789473685
0.647887323943662
0.5272727272727272
0.39436619718309857
0.27848101265822783
0.6451612903225806
0.3424657534246575
0.42592592592592593
0.5454545454545454
0.6792452830188679
0.2647058823529412
0.38596491228070173
0.42857142857142855
0.2840909090909091
0.2564102564102564
0.32142857142857145
0.4727272727272727
0.35714285714285715
0.21428571428571427
0.31645569620253167
0.5
0.2717391304347826
0.3333333333333333
0.5909090909090909
0.2857142857142857
0.3142857142857143
0.5
0.30303030303030304
0.4050632911392405
0.2948717948717949
0.42528735632183906
0.35526315789473684
0.45454545454545453
0.36619718309859156
0.5357142857142857
0.3333333333333333
0.4375
0.38961038961038963
0.4864864864864865
0.6271186440677966
0.484375
0.34782608695652173
0.2962962962962963
0.6976744186046512
0.5897435897435898
0.35384615384615387
0.40298507462686567
0.24675324675324675
0.24050632911392406
0.2987012987012987
0.4430379746835443
0.5294117647058824
0.31666666666666665
0.24615384615384617
0.3387096774193548
0.9833333333333333
0.35714285714285715
0.3064516129032258
0.25
0.3170731707317073
0.5074626865671642
0.5774647887323944
0.34375
0.7457627118644068
0.2857142857142857
0.3442622950819672
0.32142857142857145
0.37037037037037035
0.36904761904761907
0.36585365853658536
0.5
0.4722222222222222
0.4266666666666667
0.5686274509803921
0.35185185185185186
0.39622641509433965
0.5192307692307693
0.3333333333333333
0.35443037974683544
0.49019607843137253
0.352112676056338
0.47368421052631576
0.5753424657534246
0.30158730158730157
0.5490196078431373
0.78
0.3333333333333333
0.3382352941176471
0.3472222222222222
0.4473684210526316
0.4857142857142857
0.32894736842105265
0.3835616438356164
0.3870967741935484
0.391304347826087
0.7049180327868853
0.24285714285714285
0.24
0.6938775510204082
0.2597402597402597
0.2857142857142857
0.34545454545454546
0.3026315789473684
0.425
0.25316455696202533
0.36
0.2753623188405797
0.4722222222222222
0.3176470588235294
0.23376623376623376
0.43243243243243246
0.4583333333333333
0.4
0.6666666666666666
0.44776119402985076
0.23170731707317074
0.35384615384615387
0.3870967741935484
0.4342105263157895
0.3372093023255814
0.5
0.4444444444444444
0.4583333333333333
0.37662337662337664
0.47191011235955055
0.35365853658536583
0.5178571428571429
0.4722222222222222
0.34782608695652173
0.3
0.390625
0.36619718309859156
0.48148148148148145
0.4268292682926829
0.25
0.36363636363636365
0.33783783783783783
0.38028169014084506
0.5
0.373134328358209
0.35
0.3037974683544304
0.47619047619047616
0.41509433962264153
0.45901639344262296
0.3561643835616438
0.32926829268292684
0.22826086956521738
0.3108108108108108
0.21875
0.2857142857142857
0.2988505747126437
0.35443037974683544
0.4823529411764706
0.30434782608695654
0.4
0.3333333333333333
0.3333333333333333
0.313953488372093
0.32
0.2727272727272727
0.29850746268656714
0.4857142857142857
0.313953488372093
0.43636363636363634
0.20512820512820512
0.35384615384615387
0.3076923076923077
0.25316455696202533
0.5616438356164384
0.28735632183908044
0.5283018867924528
0.35802469135802467
0.28125
0.5443037974683544
0.33766233766233766
0.5
0.26666666666666666
0.375
0.5666666666666667
0.5324675324675324
0.27692307692307694
0.625
0.421875
0.3333333333333333
0.47619047619047616
0.29508196721311475
0.4074074074074074
0.524390243902439
0.71875
0.5072463768115942
0.2875
0.36507936507936506
0.30357142857142855
0.4935064935064935
0.44
0.3333333333333333
0.6984126984126984
0.6590909090909091
0.3670886075949367
0.6507936507936508
0.36923076923076925
0.8103448275862069
0.36363636363636365
0.3888888888888889
0.3125
0.38095238095238093
0.49295774647887325
0.3090909090909091
0.3333333333333333
0.27419354838709675
0.38028169014084506
0.44155844155844154
0.4067796610169492
0.7058823529411765
0.4225352112676056
0.5072463768115942
0.4098360655737705
0.44155844155844154
0.325
0.41935483870967744
0.20833333333333334
0.44285714285714284
0.3146067415730337
0.42857142857142855
0.547945205479452
0.5070422535211268
0.3614457831325301
0.44285714285714284
0.2777777777777778
0.27419354838709675
0.5245901639344263
0.4067796610169492
0.38028169014084506
0.29850746268656714
0.2549019607843137
0.7435897435897436
0.5
0.27956989247311825
0.32098765432098764
0.41333333333333333
0.3472222222222222
0.3333333333333333
0.47692307692307695
0.23809523809523808
0.26153846153846155
0.4177215189873418
0.8524590163934426
0.3488372093023256
0.37681159420289856
0.36507936507936506
0.38
0.31868131868131866
0.26436781609195403
0.3188405797101449
0.35802469135802467
0.3375
0.29545454545454547
0.3170731707317073
0.345679012345679
0.391304347826087
0.29069767441860467
0.4125
0.375
0.3230769230769231
0.4
0.2878787878787879
0.3492063492063492
0.45614035087719296
0.28
0.3181818181818182
0.3287671232876712
0.2463768115942029
0.24615384615384617
0.36
0.32926829268292684
0.4675324675324675
0.7142857142857143
0.4810126582278481
0.5384615384615384
0.3132530120481928
0.45
0.34782608695652173
0.29333333333333333
0.38181818181818183
0.3625
0.7166666666666667
0.8064516129032258
0.48484848484848486
0.48214285714285715
0.36666666666666664
0.5072463768115942
0.3695652173913043
0.3875
0.390625
0.3561643835616438
0.33707865168539325
0.29411764705882354
0.35
0.45901639344262296
0.3194444444444444
0.7333333333333333
0.36507936507936506
0.32
0.28205128205128205
0.30303030303030304
0.3333333333333333
0.5833333333333334
0.375
0.3068181818181818
0.2903225806451613
0.3709677419354839
0.3026315789473684
0.34146341463414637
0.4411764705882353
0.2777777777777778
0.29411764705882354
0.3333333333333333
0.5384615384615384
0.4155844155844156
0.28888888888888886
0.36231884057971014
0.2676056338028169
0.4666666666666667
0.36363636363636365
0.358974358974359
0.46551724137931033
0.5
0.39344262295081966
0.25316455696202533
0.46153846153846156
0.37662337662337664
0.4625
0.39285714285714285
0.27848101265822783
0.2753623188405797
0.3522727272727273
0.44155844155844154
0.25757575757575757
0.3235294117647059
0.31746031746031744
0.38333333333333336
0.2923076923076923
0.2692307692307692
0.34375
0.2345679012345679
0.423728813559322
0.3787878787878788
0.4520547945205479
0.3793103448275862
0.35
0.421875
0.37037037037037035
0.5882352941176471
0.359375
0.3670886075949367
0.3088235294117647
0.6825396825396826
0.3424657534246575
0.39705882352941174
0.3037974683544304
0.3815789473684211
0.4430379746835443
0.6785714285714286
0.5
0.4186046511627907
0.358974358974359
0.4074074074074074
0.48214285714285715
0.3717948717948718
0.4666666666666667
0.38461538461538464
0.33783783783783783
0.3111111111111111
0.25
0.2714285714285714
0.38333333333333336
0.2857142857142857
0.3076923076923077
0.2222222222222222
0.37681159420289856
0.34615384615384615
0.4883720930232558
0.36619718309859156
0.42
0.38461538461538464
0.5116279069767442
0.3484848484848485
0.4444444444444444
0.6153846153846154
0.49122807017543857
0.3924050632911392
0.3068181818181818
0.3333333333333333
0.2987012987012987
0.28205128205128205
0.44776119402985076
0.24285714285714285
0.3582089552238806
0.3103448275862069
0.3380281690140845
0.3275862068965517
0.3835616438356164
0.4507042253521127
0.296875
0.2676056338028169
0.36065573770491804
0.4358974358974359
0.26436781609195403
0.5172413793103449
0.36363636363636365
0.32941176470588235
0.4125
0.49230769230769234
0.36
0.7872340425531915
0.6086956521739131
0.3194444444444444
0.5660377358490566
0.45569620253164556
0.3333333333333333
0.5066666666666667
0.43373493975903615
0.71875
0.6744186046511628
0.4057971014492754
0.4268292682926829
0.35294117647058826
0.7540983606557377
0.3582089552238806
0.25
0.6774193548387096
0.3582089552238806
0.2
0.39759036144578314
0.37037037037037035
0.4125
0.391304347826087
0.2808988764044944
0.3132530120481928
0.4583333333333333
0.38461538461538464
0.36470588235294116
0.3225806451612903
0.33783783783783783
0.6875
0.24
0.576271186440678
0.3620689655172414
0.32098765432098764
0.29577464788732394
0.5072463768115942
0.2753623188405797
0.35714285714285715
0.8135593220338984
0.647887323943662
0.2835820895522388
0.3026315789473684
0.47692307692307695
0.3283582089552239
0.25
0.3974358974358974
0.4375
0.4246575342465753
0.40963855421686746
0.3157894736842105
0.26666666666666666
0.40298507462686567
0.3870967741935484
0.2839506172839506
0.4
0.3392857142857143
0.5
0.3717948717948718
0.3466666666666667
0.34615384615384615
0.38095238095238093
0.39215686274509803
0.43859649122807015
0.24705882352941178
0.4927536231884058
0.25
0.4444444444444444
0.36363636363636365
0.5409836065573771
0.49122807017543857
0.2891566265060241
0.23728813559322035
0.34328358208955223
0.4166666666666667
0.3888888888888889
0.358974358974359
0.3
0.43333333333333335
0.29508196721311475
0.3258426966292135
0.42857142857142855
0.4492753623188406
0.3108108108108108
0.3466666666666667
0.25
0.3333333333333333
0.34545454545454546
0.2857142857142857
0.6451612903225806
0.2535211267605634
0.25
0.4025974025974026
0.4857142857142857
0.4716981132075472
0.5384615384615384
0.43209876543209874
0.7586206896551724
0.34210526315789475
0.3157894736842105
0.4
0.3855421686746988
0.5714285714285714
0.65625
0.5063291139240507
0.2602739726027397
0.39622641509433965
0.47058823529411764
0.38333333333333336
0.5915492957746479
0.26153846153846155
0.4722222222222222
0.6307692307692307
0.45098039215686275
0.5526315789473685
0.6027397260273972
0.6923076923076923
0.40298507462686567
0.631578947368421
0.26582278481012656
0.8043478260869565
0.4067796610169492
0.4861111111111111
0.2619047619047619
0.3333333333333333
0.3522727272727273
0.484375
0.45
0.5652173913043478
0.26865671641791045
0.3013698630136986
0.29577464788732394
0.25
0.4166666666666667
0.358974358974359
0.8
0.352112676056338
0.39436619718309857
0.358974358974359
0.6229508196721312
0.36507936507936506
0.609375
0.46875
0.6458333333333334
0.7230769230769231
0.32
0.32857142857142857
0.26744186046511625
0.4307692307692308
0.5818181818181818
0.3835616438356164
0.26666666666666666
0.45901639344262296
0.417910447761194
0.2727272727272727
0.7272727272727273
0.4146341463414634
0.2727272727272727
0.29577464788732394
0.7719298245614035
0.6785714285714286
0.25
0.4305555555555556
0.5
0.3116883116883117
0.2318840579710145
0.37894736842105264
0.4157303370786517
0.24691358024691357
0.47692307692307695
0.24615384615384617
0.4666666666666667
0.6056338028169014
0.4444444444444444
0.43283582089552236
0.3875
0.3493975903614458
0.38333333333333336
0.7142857142857143
0.4266666666666667
0.375
0.5
0.31645569620253167
0.24050632911392406
0.2948717948717949
0.3068181818181818
0.6197183098591549
0.3411764705882353
0.31666666666666665
0.3055555555555556
0.3188405797101449
0.27419354838709675
0.3972602739726027
0.32941176470588235
0.24390243902439024
0.4383561643835616
0.5217391304347826
0.46153846153846156
0.47058823529411764
0.35526315789473684
0.2988505747126437
0.3132530120481928
0.6119402985074627
0.5063291139240507
0.2839506172839506
0.25675675675675674
0.4696969696969697
0.36585365853658536
0.34545454545454546
0.3620689655172414
0.4838709677419355
0.48717948717948717
0.5733333333333334
0.4426229508196721
0.3968253968253968
0.4339622641509434
0.37142857142857144
0.3582089552238806
0.3508771929824561
0.3333333333333333
0.3150684931506849
0.33766233766233766
0.38028169014084506
0.7192982456140351
0.6086956521739131
0.4383561643835616
0.5942028985507246
0.4025974025974026
0.35714285714285715
0.4065934065934066
0.24675324675324675
0.5166666666666667
0.30120481927710846
0.5
0.4
0.35802469135802467
0.3888888888888889
0.36486486486486486
0.2549019607843137
0.23170731707317074
0.4857142857142857
0.3382352941176471
0.4189189189189189
0.48
0.4696969696969697
0.6461538461538462
0.35714285714285715
0.43023255813953487
0.28378378378378377
0.6756756756756757
0.75
0.5769230769230769
0.36363636363636365
0.37037037037037035
0.2987012987012987
0.29850746268656714
0.40816326530612246
0.35135135135135137
0.3076923076923077
0.4411764705882353
0.32
0.704225352112676
0.5466666666666666
0.25301204819277107
0.44285714285714284
0.5581395348837209
0.32857142857142857
0.3582089552238806
0.4057971014492754
0.5238095238095238
0.32894736842105265
0.45569620253164556
0.40540540540540543
0.6666666666666666
0.38461538461538464
0.5
0.3582089552238806
0.32
0.29333333333333333
0.5466666666666666
0.5571428571428572
0.3974358974358974
0.352112676056338
0.44
0.4852941176470588
0.26666666666666666
0.7258064516129032
0.3283582089552239
0.35365853658536583
0.3058823529411765
0.41025641025641024
0.3698630136986301
0.4027777777777778
0.32558139534883723
0.38271604938271603
0.4657534246575342
0.31666666666666665
0.3880597014925373
0.5692307692307692
0.5147058823529411
0.42696629213483145
0.328125
0.2692307692307692
0.6031746031746031
0.36619718309859156
0.3670886075949367
0.3972602739726027
0.35384615384615387
0.2962962962962963
0.5846153846153846
0.39344262295081966
0.45454545454545453
0.3950617283950617
0.44
0.625
0.3076923076923077
0.2898550724637681
0.39436619718309857
0.34328358208955223
0.25333333333333335
0.3548387096774194
0.6785714285714286
0.38571428571428573
0.32786885245901637
0.3870967741935484
0.35802469135802467
0.30952380952380953
0.42857142857142855
0.4262295081967213
0.38571428571428573
0.49295774647887325
0.3170731707317073
0.352112676056338
0.6290322580645161
0.4631578947368421
0.5942028985507246
0.6666666666666666
0.49333333333333335
0.2923076923076923
0.5076923076923077
0.30985915492957744
0.4067796610169492
0.4878048780487805
0.2839506172839506
0.3333333333333333
0.5285714285714286
0.4857142857142857
0.3880597014925373
0.42105263157894735
0.3466666666666667
0.28125
0.3684210526315789
0.23376623376623376
0.45454545454545453
0.3
0.5185185185185185
0.19047619047619047
0.35714285714285715
0.3880597014925373
0.43478260869565216
0.2976190476190476
0.4264705882352941
0.3116883116883117
0.37333333333333335
0.4032258064516129
0.40384615384615385
0.4931506849315068
0.41333333333333333
0.3
0.39473684210526316
0.6363636363636364
0.3146067415730337
0.45588235294117646
0.2857142857142857
0.7012987012987013
0.3484848484848485
0.23255813953488372
0.3670886075949367
0.2962962962962963
0.4189189189189189
0.375
0.4625
0.4
0.3076923076923077
0.34210526315789475
0.4126984126984127
0.352112676056338
0.9473684210526315
0.35384615384615387
0.2077922077922078
0.2857142857142857
0.35
0.3625
0.3898305084745763
0.5
0.4507042253521127
0.32941176470588235
0.36585365853658536
0.5932203389830508
0.41379310344827586
0.6981132075471698
0.3103448275862069
0.26865671641791045
0.42857142857142855
0.36470588235294116
0.4125
0.4375
0.3116883116883117
0.5507246376811594
0.4444444444444444
0.2857142857142857
0.2875
0.28378378378378377
0.4533333333333333
0.19718309859154928
0.4177215189873418
0.2702702702702703
0.5
0.4189189189189189
0.36923076923076925
0.38181818181818183
0.40540540540540543
0.3076923076923077
0.5074626865671642
0.3333333333333333
0.23255813953488372
0.32432432432432434
0.3924050632911392
0.4044943820224719
0.525
0.3333333333333333
0.38271604938271603
0.40229885057471265
0.421875
0.38461538461538464
0.3917525773195876
0.3894736842105263
0.2987012987012987
0.21052631578947367
0.38571428571428573
0.3728813559322034
0.3384615384615385
0.3
0.2727272727272727
0.26136363636363635
0.47368421052631576
0.30864197530864196
0.35714285714285715
0.38666666666666666
0.3484848484848485
0.27941176470588236
0.375
0.4222222222222222
0.35064935064935066
0.36507936507936506
0.42045454545454547
0.5396825396825397
0.3287671232876712
0.5
0.43243243243243246
0.6274509803921569
0.4507042253521127
0.3563218390804598
0.3333333333333333
0.3229166666666667
0.39344262295081966
0.33707865168539325
0.3333333333333333
0.463768115942029
0.28125
0.3258426966292135
0.5490196078431373
0.6060606060606061
0.35135135135135137
0.9814814814814815
0.3181818181818182
0.25925925925925924
0.46875
0.359375
0.4
0.4583333333333333
0.345679012345679
0.5423728813559322
0.2857142857142857
0.4
0.25301204819277107
0.2926829268292683
0.5797101449275363
0.48717948717948717
0.6176470588235294
0.4358974358974359
0.3333333333333333
0.40298507462686567
0.4722222222222222
0.47560975609756095
0.5211267605633803
0.2361111111111111
0.3559322033898305
0.23404255319148937
0.47435897435897434
0.5087719298245614
0.47368421052631576
0.5857142857142857
0.34615384615384615
0.25316455696202533
0.5064935064935064
0.5125
0.7014925373134329
0.4823529411764706
0.40298507462686567
0.6333333333333333
0.3150684931506849
0.46153846153846156
0.30666666666666664
0.3225806451612903
0.34285714285714286
0.26865671641791045
0.390625
0.4528301886792453
0.2375
0.463768115942029
0.4864864864864865
0.6785714285714286
0.5633802816901409
0.5454545454545454
0.41333333333333333
0.3902439024390244
0.24675324675324675
0.5064935064935064
0.3484848484848485
0.2962962962962963
0.2222222222222222
0.3048780487804878
0.4864864864864865
0.3466666666666667
0.7083333333333334
0.2711864406779661
0.6176470588235294
0.3333333333333333
0.4533333333333333
0.49056603773584906
0.38461538461538464
0.40789473684210525
0.4375
0.3068181818181818
0.5256410256410257
0.4268292682926829
0.3146067415730337
0.26865671641791045
0.5060240963855421
0.45901639344262296
0.2328767123287671
0.4492753623188406
0.48484848484848486
0.3026315789473684
0.35802469135802467
0.2911392405063291
0.5694444444444444
0.6153846153846154
0.5961538461538461
0.43037974683544306
0.4666666666666667
0.3614457831325301
0.6909090909090909
0.5070422535211268
0.2982456140350877
0.46875
0.5263157894736842
0.3880597014925373
0.30158730158730157
0.34615384615384615
0.2692307692307692
0.7666666666666667
0.5223880597014925
0.4852941176470588
0.3010752688172043
0.3333333333333333
0.3246753246753247
0.6081081081081081
0.5164835164835165
0.42857142857142855
0.4
0.4657534246575342
0.5178571428571429
0.5454545454545454
0.323943661971831
0.25
0.43902439024390244
0.4925373134328358
0.3972602739726027
0.46875
0.43902439024390244
0.5217391304347826
0.3582089552238806
0.4084507042253521
0.4268292682926829
0.5555555555555556
0.30303030303030304
0.3050847457627119
0.379746835443038
0.6923076923076923
0.35802469135802467
0.323943661971831
0.29411764705882354
0.36666666666666664
0.37662337662337664
0.34615384615384615
0.20588235294117646
0.4605263157894737
0.3194444444444444
0.30434782608695654
0.4383561643835616
0.43478260869565216
0.3333333333333333
0.3176470588235294
0.3333333333333333
0.3815789473684211
0.5932203389830508
0.34146341463414637
0.2549019607843137
0.41975308641975306
0.47435897435897434
0.4
0.36363636363636365
0.2647058823529412
0.3898305084745763
0.33766233766233766
0.6785714285714286
0.40350877192982454
0.6944444444444444
0.39285714285714285
0.37681159420289856
0.35
0.3484848484848485
0.2463768115942029
0.5882352941176471
0.3
0.21666666666666667
0.4266666666666667
0.3225806451612903
0.28205128205128205
0.3783783783783784
0.42105263157894735
0.4225352112676056
0.42857142857142855
0.54
0.3058823529411765
0.3114754098360656
0.6333333333333333
0.5185185185185185
0.4383561643835616
0.42857142857142855
0.4024390243902439
0.3582089552238806
0.37662337662337664
0.4
0.3
0.4057971014492754
0.3333333333333333
0.5058823529411764
0.5571428571428572
0.391304347826087
0.375
0.5487804878048781
0.7796610169491526
0.5892857142857143
0.3235294117647059
0.32051282051282054
0.5
0.4393939393939394
0.44594594594594594
0.547945205479452
0.37037037037037035
0.3902439024390244
0.4
0.3150684931506849
0.34523809523809523
0.25
0.359375
0.35
0.5
0.5357142857142857
0.42105263157894735
0.2903225806451613
0.27941176470588236
0.2857142857142857
0.3142857142857143
0.625
0.5915492957746479
0.3194444444444444
0.31645569620253167
0.40298507462686567
0.49230769230769234
0.8636363636363636
0.38333333333333336
0.6617647058823529
0.4342105263157895
0.36764705882352944
0.37662337662337664
0.48314606741573035
0.5161290322580645
0.4857142857142857
0.34831460674157305
0.29577464788732394
0.43902439024390244
0.32857142857142857
0.40476190476190477
0.6
0.6164383561643836
0.40350877192982454
0.3835616438356164
0.3392857142857143
0.4342105263157895
0.4166666666666667
0.44776119402985076
0.15942028985507245
0.2923076923076923
0.2982456140350877
0.5285714285714286
0.2711864406779661
0.2571428571428571
0.43661971830985913
0.34375
0.30434782608695654
0.4383561643835616
0.5
0.4857142857142857
0.5070422535211268
0.3333333333333333
0.25925925925925924
0.33766233766233766
0.6818181818181818
0.5423728813559322
0.34210526315789475
0.8775510204081632
0.5128205128205128
0.352112676056338
0.5737704918032787
0.32608695652173914
0.4444444444444444
0.34444444444444444
0.3698630136986301
0.4533333333333333
0.3888888888888889
0.2804878048780488
0.32941176470588235
0.35064935064935066
0.25396825396825395
0.4675324675324675
0.6307692307692307
0.38461538461538464
0.30303030303030304
0.41379310344827586
0.4492753623188406
0.30985915492957744
0.46296296296296297
0.30666666666666664
0.32432432432432434
0.39344262295081966
0.3333333333333333
0.24731182795698925
0.32432432432432434
0.273972602739726
0.30120481927710846
0.4
0.2676056338028169
0.4626865671641791
0.4
0.3625
0.3246753246753247
0.359375
0.2976190476190476
0.52
0.4931506849315068
0.5205479452054794
0.32142857142857145
0.44155844155844154
0.3972602739726027
0.35384615384615387
0.36065573770491804
0.5230769230769231
0.589041095890411
0.29069767441860467
0.2926829268292683
0.29411764705882354
0.425531914893617
0.47368421052631576
0.703125
0.5443037974683544
0.2682926829268293
0.38333333333333336
0.5454545454545454
0.5238095238095238
0.6
0.1875
0.48484848484848486
0.4230769230769231
0.23529411764705882
0.3333333333333333
0.4594594594594595
0.375
0.4507042253521127
0.32142857142857145
0.4383561643835616
0.38636363636363635
0.3333333333333333
0.2625
0.3064516129032258
0.2459016393442623
0.3888888888888889
0.7384615384615385
0.71875
0.6885245901639344
0.32894736842105265
0.4230769230769231
0.25757575757575757
0.3793103448275862
0.45
0.352112676056338
0.35526315789473684
0.3
0.5
0.2537313432835821
0.3492063492063492
0.3058823529411765
0.42105263157894735
0.3220338983050847
0.4567901234567901
0.4788732394366197
0.27710843373493976
0.5384615384615384
0.27941176470588236
0.36619718309859156
0.3584905660377358
0.45454545454545453
0.40384615384615385
0.6865671641791045
0.34375
0.25396825396825395
0.6756756756756757
0.5185185185185185
0.20634920634920634
0.5081967213114754
0.4473684210526316
0.38666666666666666
0.6164383561643836
0.39622641509433965
0.4675324675324675
0.38028169014084506
0.4305555555555556
0.45454545454545453
0.484375
0.390625
0.373134328358209
0.6792452830188679
0.5064935064935064
0.6818181818181818
0.35
0.37333333333333335
0.4482758620689655
0.27941176470588236
0.32894736842105265
0.37681159420289856
0.34545454545454546
0.4492753623188406
0.34328358208955223
0.44285714285714284
0.32786885245901637
0.3389830508474576
0.4915254237288136
0.410958904109589
0.671875
0.5797101449275363
0.2898550724637681
0.4838709677419355
0.4375
0.25
0.29411764705882354
0.3275862068965517
0.3150684931506849
0.29310344827586204
0.44871794871794873
0.38461538461538464
0.44155844155844154
0.3137254901960784
0.47368421052631576
0.40540540540540543
0.34146341463414637
0.34782608695652173
0.5714285714285714
0.22448979591836735
0.5185185185185185
0.3220338983050847
0.30666666666666664
0.2753623188405797
0.6307692307692307
0.4533333333333333
0.3559322033898305
0.4745762711864407
0.3125
0.5238095238095238
0.44776119402985076
0.48214285714285715
0.47619047619047616
0.38333333333333336
0.5189873417721519
0.5957446808510638
0.5625
0.34177215189873417
0.35
0.29545454545454547
0.22727272727272727
0.5925925925925926
0.5342465753424658
0.3875
0.4492753623188406
0.34545454545454546
0.21311475409836064
0.2727272727272727
0.582089552238806
0.3492063492063492
0.24358974358974358
0.3373493975903614
0.5
0.21311475409836064
0.68
0.25301204819277107
0.2857142857142857
0.3176470588235294
0.32786885245901637
0.5
0.3050847457627119
0.423728813559322
0.24
0.6730769230769231
0.23728813559322035
0.36923076923076925
0.5833333333333334
0.4578313253012048
0.29577464788732394
0.703125
0.36470588235294116
0.4225352112676056
0.375
0.3968253968253968
0.49295774647887325
0.43243243243243246
0.6164383561643836
0.4794520547945205
0.5428571428571428
0.2835820895522388
0.2345679012345679
0.42105263157894735
0.4492753623188406
0.3389830508474576
0.3728813559322034
0.7096774193548387
0.46153846153846156
0.43902439024390244
0.32432432432432434
0.49295774647887325
0.5625
0.32432432432432434
0.5178571428571429
0.3048780487804878
0.3333333333333333
0.30666666666666664
0.3157894736842105
0.36486486486486486
0.25609756097560976
0.42592592592592593
0.4864864864864865
0.3146067415730337
0.3275862068965517
0.34177215189873417
0.5061728395061729
0.38461538461538464
0.3380281690140845
0.2982456140350877
0.547945205479452
0.7258064516129032
0.3291139240506329
0.24096385542168675
0.24719101123595505
0.34065934065934067
0.5066666666666667
0.43283582089552236
0.2714285714285714
0.3875
0.2916666666666667
0.6571428571428571
0.3116883116883117
0.569620253164557
0.24675324675324675