5.029400000000002
5.157100000000004
4.214200000000003
4.4398000000000035
4.3282200000000035
3.6791000000000027
0.95167
4.070800000000002
2.7203
3.597900000000001
2.7323000000000013
4.474300000000002
3.852700000000003
3.4581000000000017
4.749700000000003
3.5955700000000017
3.5487400000000022
3.104120000000001
3.0036000000000014
3.506300000000002
4.768000000000003
1.13278
3.631680000000002
3.542200000000003
3.102120000000001
5.347000000000006
2.99038
3.1702000000000012
6.234600000000004
3.442820000000002
4.161560000000002
5.208600000000004
0.7892999999999994
3.868300000000002
4.842520000000003
1.8643399999999999
5.597720000000004
4.033300000000003
3.3747000000000025
4.846540000000004
0.7148999999999999
3.8108000000000026
3.203420000000002
4.600840000000003
1.0911
3.9538400000000022
4.333600000000003
1.1579999999999997
3.6153200000000023
4.324340000000003
3.8372000000000037
2.5872
3.7776000000000023
3.686040000000002
3.626900000000001
6.017200000000002
4.781400000000005
3.9655000000000022
5.332900000000004
4.494600000000003
6.770780000000003
2.869020000000001
1.5788000000000004
4.387600000000003
2.3820200000000007
5.516720000000003
6.6045000000000025
2.971300000000001
3.879360000000003
3.007060000000002
2.4140000000000006
5.739800000000003
3.1586000000000007
3.780900000000004
4.646200000000003
3.015720000000001
5.067380000000003
4.8888200000000035
4.334900000000003
0.6433000000000002
3.1487000000000016
3.3914000000000017
4.7542000000000035
4.6926200000000025
4.107300000000003
4.1470800000000025
3.129900000000002
2.706600000000001
3.466000000000002
2.047599999999999
1.9893399999999999
4.709600000000003
5.2991000000000055
3.128900000000002
1.6855
3.204180000000002
3.7440000000000024
1.8090999999999997
2.618900000000001
2.753000000000001
3.2425400000000018
3.025780000000002
2.4564000000000004
4.737700000000002
1.9336
3.4918000000000022
1.2039999999999997
4.469500000000004
3.2299700000000016
2.4540000000000006
3.0276000000000014
3.0635000000000012
3.6995800000000028
5.381700000000003
3.053470000000001
4.6505000000000045
5.008760000000004
4.491500000000003
6.164480000000004
3.234700000000002
3.667900000000002
4.266200000000001
3.865300000000003
3.2847000000000017
5.885940000000004
4.407000000000004
2.839200000000001
2.3287000000000004
3.6792000000000016
5.337840000000006
2.1916200000000003
3.2489000000000017
1.3978999999999995
4.835200000000006
3.891300000000003
4.623720000000004
4.022540000000003
3.4910200000000016
3.1365000000000007
4.793700000000003
2.0742
4.600840000000003
4.6555000000000035
2.7228199999999996
4.810120000000003
6.576960000000004
2.4460000000000006
1.8665999999999994
3.615000000000003
3.5415400000000012
5.044000000000006
3.758200000000003
4.226700000000004
3.8202000000000034
3.7946000000000017
4.004700000000003
2.461100000000001
5.506700000000005
3.5297800000000015
-0.27719999999999995
4.121000000000004
3.244840000000001
0.8996999999999997
3.361200000000001
3.8998
3.573920000000001
4.316500000000003
4.397300000000003
1.5188999999999995
3.3689800000000014
4.550900000000004
1.7281999999999997
3.0924000000000014
3.6601200000000027
3.2058000000000018
1.8873399999999998
4.334900000000002
4.275780000000003
5.525000000000005
3.7745000000000024
5.142440000000004
1.2872000000000003
1.4910999999999992
5.527520000000004
3.6419000000000015
2.4666200000000007
5.319700000000003
3.7402000000000006
4.222640000000003
4.3251000000000035
2.4145000000000016
4.088420000000003
1.6573999999999998
3.537600000000002
4.228600000000002
2.8218000000000014
2.2891000000000004
5.685680000000003
1.3056
3.714520000000002
5.241540000000004
2.591660000000001
1.536
4.411000000000002
4.802300000000003
4.265440000000002
2.6609000000000007
4.229300000000003
4.586080000000004
5.149500000000004
3.0809200000000008
2.8237200000000007
5.057300000000006
3.1708200000000017
2.8775000000000004
4.828400000000001
5.564400000000005
2.7238800000000016
1.9115
4.360000000000003
5.846540000000006
3.1703800000000006
1.9178
3.870300000000002
2.773340000000001
-0.7165000000000005
3.3854000000000024
2.4839000000000007
3.3297000000000017
4.162000000000003
1.6090999999999998
5.960800000000006
3.5566200000000032
1.4097199999999999
4.9230000000000045
4.246300000000002
3.7881500000000026
-0.5592999999999972
3.5094600000000016
4.607400000000004
4.535200000000002
3.8426000000000027
4.633000000000003
2.423800000000001
2.4517000000000007
3.2058000000000018
3.6301000000000023
2.28864
0.1890999999999996
2.1485000000000003
3.548020000000003
3.843700000000001
5.317600000000003
-0.398400000000001
2.4574000000000007
3.590200000000001
0.14219999999999955
0.5137999999999996
3.7315000000000023
3.3134200000000016
5.677400000000003
5.736200000000004
4.429400000000004
6.574400000000003
4.003170000000003
4.959100000000004
3.544620000000002
2.352620000000001
4.228100000000004
4.680400000000002
6.039320000000005
3.538680000000002
6.671600000000004
1.8580999999999996
1.8703999999999994
5.364800000000005
4.085500000000002
2.5299000000000005
2.6248200000000006
1.9218399999999995
2.5276000000000005
1.7128999999999999
0.22680000000000028
3.535700000000001
3.9449000000000027
1.9854999999999998
4.543500000000003
3.886000000000003
0.6881999999999998
4.957560000000004
5.520500000000005
3.026200000000002
4.310480000000003
4.189200000000003
3.5188000000000015
4.8601000000000045
3.001500000000002
4.006320000000002
2.3636799999999996
2.4407000000000005
4.902620000000002
2.30718
4.1601000000000035
4.386200000000003
2.9064000000000005
4.080300000000003
4.869000000000003
3.2902000000000013
2.3383000000000003
3.7689200000000027
2.7224000000000013
5.756000000000001
3.975500000000002
3.0850000000000017
1.1949999999999998
1.329200000000002
1.3945
5.073840000000003
5.381000000000004
3.8057000000000025