13
17
13
14
6
6
6
10
9
14
6
9
10
10
9
6
10
9
6
6
10
9
9
10
6
10
13
10
14
6
10
6
6
6
10
6
13
9
9
10
6
6
6
17
9
9
9
16
6
9
6
6
6
10
10
9
6
9
0
9
6
6
14
13
9
14
14
10
9
10
6
6
13
21
10
9
9
13
10
6
6
6
17
10
10
9
6
9
6
10
6
13
10
14
6
10
6
9
9
10
6
6
17
12
9
6
9
10
6
10
6
6
6
9
10
13
9
9
6
9
17
6
8
6
14
6
6
9
10
10
9
13
6
6
6
10
6
6
6
9
14
13
10
6
6
9
6
6
10
6
10
14
14
6
6
10
10
10
10
5
5
6
13
14
10
10
9
9
6
9
6
10
6
9
10
6
12
6
9
6
13
10
6
6
10
6
6
6
6
6
6
6
6
6
6
16
10
6
13
6
13
10
6
9
9
9
10
9
6
9
10
6
6
10
6
9
10
9
13
10
6
6
14
9
10
14
5
10
9
9
9
10
6
9
14
9
9
8
9
9
10
9
9
10
10
10
9
5
6
6
6
10
10
9
6
9
10
6
14
9
9
15
9
10
9
6
9
14
9
7
10
10
23
10
14
6
10
10
6
6
9
6
10
10
6
6
6
10
6
10
6
14
9
10
10
10
6
13
6
9
15
9
10
6
9
14
10
10
6
6
7
9
6
10
8
0
10
6
13
10