280.758
459.61800000000034
251.3289999999999
528.5610000000004
425.46600000000007
283.327
197.23799999999997
378.2070000000001
254.24900000000002
480.9960000000002
356.37800000000004
362.22900000000004
487.5820000000003
452.53200000000015
297.78499999999997
344.3670000000001
406.5310000000002
432.4800000000003
315.42100000000005
509.67600000000033
474.5610000000003
187.158
372.51900000000006
460.6250000000002
384.237
420.4650000000002
363.4460000000002
359.3810000000001
435.50800000000015
362.52000000000004
340.4480000000001
359.3850000000001
378.4100000000001
436.84800000000007
429.47200000000015
246.30999999999995
355.41600000000005
298.36300000000006
478.6650000000002
409.8770000000002
335.385
387.48200000000014
388.4140000000001
435.4870000000002
377.4020000000001
417.46500000000026
402.40600000000006
438.39200000000034
382.41600000000017
497.6610000000003
518.5470000000003
463.5810000000002
301.392
355.82500000000016
353.422
437.44300000000004
454.5040000000002
433.53300000000013
361.5260000000001
409.4420000000001
521.3480000000002
353.78700000000003
256.21299999999997
305.33700000000005
368.39300000000003
385.44800000000015
437.3960000000002
402.24800000000016
324.4090000000001
233.274
389.4660000000001
433.4800000000001
354.31600000000003
368.3410000000001
385.4230000000002
418.45300000000015
403.4190000000001
542.4550000000002
416.4030000000002
209.20099999999996
368.54700000000014
371.374
409.4450000000001
417.44600000000014
342.3540000000001
320.37300000000005
392.4590000000001
500.6060000000003
311.36600000000004
323.30800000000005
311.3450000000001
390.45000000000016
319.404
383.7910000000001
371.3510000000001
486.5760000000004
434.58300000000025
290.296
461.54300000000023
335.35900000000004
390.4900000000002
237.30600000000004
320.34800000000007
401.285
317.3450000000001
388.42
267.201
349.43
318.76
416.4550000000001
395.43700000000007
346.795
372.4900000000001
397.9120000000001
390.38000000000005
378.44700000000006
472.6140000000002
352.4840000000002
416.78600000000006
311.40600000000006
431.5360000000001
333.80000000000007
410.93000000000006
370.79600000000005
497.57600000000025
367.4230000000001
358.4190000000001
398.4150000000001
511.40100000000007
518.6580000000004
269.3
344.3
365.49900000000025
339.48300000000006
479.5330000000002
482.63100000000026
447.63100000000026
436.5410000000002
271.276
390.46400000000006
271.272
457.5590000000002
377.4150000000001
211.26800000000003
375.4280000000001
526.6180000000003
422.34500000000014
192.24300000000002
317.435
379.3760000000001
406.43800000000016
357.3650000000002
373.43300000000016
410.5180000000003
324.7890000000001
437.5650000000002
341.338
423.4720000000001
401.48800000000017
271.25399999999996
243.397
338.3960000000002
228.20299999999997
361.40100000000007
355.35
333.3870000000001
354.45300000000015
406.3640000000001
304.3310000000001
304.305
380.44000000000017
310.396
433.41100000000006
405.41200000000015
361.38000000000005
298.37100000000004
345.80700000000013
370.35200000000003
529.1590000000001
328.36800000000005
392.5090000000002
522.4440000000003
387.43600000000015
432.4600000000002
510.52700000000027
263.381
452.8450000000001
449.9390000000001
394.4560000000002
321.336
310.3090000000001
289.38200000000006
398.37100000000015
437.40400000000017
373.84000000000026
313.426
546.6010000000002
503.4770000000001
212.208
382.5700000000002
387.5080000000001
294.40200000000004
237.29899999999995
312.75600000000003
420.4900000000001
342.402
371.74000000000007
409.5400000000001
474.4920000000002
348.40900000000005
266.29999999999995
360.3950000000001
404.4620000000001
413.54300000000023
491.6100000000004
342.3670000000001
459.4540000000001
393.4750000000001
279.3210000000001
381.39100000000013
546.6930000000003
208.26399999999998
373.3720000000001
436.971
373.43400000000014
422.3420000000001
518.7040000000003
376.40500000000014
316.451
469.9060000000003
324.29200000000003
491.6510000000003
427.43800000000016
327.3440000000001
567.0920000000002
266.30400000000003
350.4030000000001
533.5640000000002
366.4930000000001
393.5370000000001
406.09700000000004
364.51700000000005
438.36700000000025
395.43400000000014
245.27799999999996
361.3800000000001
360.32900000000006
348.38800000000015
283.35300000000007
410.52100000000013
397.4120000000001
434.4960000000001
530.4370000000004
288.242
375.3370000000001
254.245
446.36400000000015
236.27100000000002
387.39100000000013
439.49300000000017
381.4820000000001
518.9970000000002
457.5150000000001
471.8600000000002
523.6000000000003
373.4120000000001
322.386
237.258
356.5160000000001
413.0980000000001
555.6150000000002
291.28499999999997
414.5090000000001
267.3059999999999
263.322
310.39300000000003
411.38700000000006
402.25200000000007
315.44200000000006
383.2350000000002
456.5490000000001
358.3500000000001
176.17499999999995
315.35
352.3860000000001
433.49000000000024
333.3470000000001
398.37800000000016
221.28
303.40900000000005
505.6170000000002
432.50100000000015
396.41000000000014
451.50400000000025
474.85600000000017
508.5940000000003
286.37899999999996
369.4750000000001
308.337
323.3850000000001
454.3490000000001
366.32900000000006
513.5350000000002
359.38500000000016
338.32300000000004
364.35300000000007
293.28200000000004
385.3560000000001
389.82400000000007
441.55300000000034
281.31199999999995
417.6460000000001
382.055
445.5660000000002
337.4300000000002
516.5880000000004
302.23800000000006
462.50600000000026
428.8970000000002
443.4960000000002