0.6531800235489825
0.24905658999616045
0.7603007591443581
0.3203642193985405
0.4240753059914101
0.5999067082132836
0.7065736295571704
0.5486162916357638
0.5422330306413743
0.7093410428639054
0.678658842782398
0.6280704258549169
0.41890060653774286
0.619239279450552
0.5029813844686577
0.8346453198343462
0.6739627362301693
0.3857104062841394
0.7456699606462671
0.5082555771818158
0.30407965124095443
0.6997389395145661
0.8263903569929414
0.3146510331898377
0.5551302746472399
0.30304604774284727
0.7297139647024562
0.6246612677278878
0.3645914684866003
0.5918141369939428
0.7086292608692786
0.46302844634896567
0.34400734716586995
0.6906547366257956
0.4387394155632913
0.8846848475123535
0.46036276363540396
0.8013777858020594
0.33819265227472395
0.5077078705591445
0.4506205221518241
0.6218944036256329
0.7384678166945385
0.4043416494802189
0.5188291119243565
0.46308527375058856
0.6193647589485628
0.4855936130699119
0.3396452033557274
0.621192573810705
0.22149115892200072
0.47391636877696086
0.6242188221882332
0.6705779425366808
0.66429114103758
0.3854317323205752
0.19906788513051596
0.4627460992710976
0.2882145887867747
0.7553893099440944
0.1950226678107582
0.5068631554738996
0.419013529976834
0.5493006002171141
0.6164085705603163
0.3272378654862466
0.36680041984754463
0.5357181937360482
0.608625416239094
0.7004433684533914
0.6634479202256726
0.5212933346426781
0.5922502797128522
0.3024789857828035
0.5396153666693281
0.3644328733252985
0.25531321002781426
0.3613127680724223
0.675391149778602
0.6778474514564048
0.4949064380139968
0.48083668583369393
0.4687103588098495
0.41140249721159133
0.5688444861143731
0.5370864736598668
0.5797358074288965
0.3702045478445712
0.8010977451038007
0.4358719908168905
0.7673849038695044
0.46460747197130664
0.6297755722844858
0.4115310532839884
0.6088090735127341
0.48436903146194343
0.49657346137550196
0.7814381360595035
0.5973608221894205
0.37200997737317687
0.45841441550281437
0.7427629559058089
0.7124466653747568
0.5397704597422025
0.8342402983860249
0.7474674448524465
0.62323057918648
0.8084676360382925
0.5155828056615882
0.5504469080345286
0.5730502423208522
0.6857666327808939
0.7278442045575255
0.2567954346890296
0.6731934656159219
0.7274544336242007
0.35364082813574804
0.648683788079412
0.4085843954544518
0.7598071181858544
0.6059255841007203
0.7739264560719347
0.5008980978329949
0.5963981636755986
0.2228954361752415
0.4912714358913886
0.6884676453309113
0.374285348411815
0.4100244661468867
0.34226656430157115
0.8782921999251327
0.4309039165138606
0.8283790982702529
0.6998370262495536
0.3046734672505801
0.342567140409785
0.5888171486315739
0.5440017144099121
0.5076990792136491
0.4958585887913049
0.588032392991559
0.4165961787107951
0.6295262451510677
0.7763211212513063
0.4583801765508405
0.22998054672170418
0.45417141161262936
0.6767729411327458
0.615420602751314
0.38356848149513745
0.3265553744746642
0.40376987620330834
0.3897684406112395
0.40123455349062853
0.9010038898683483
0.5416261667112663
0.8487639922561709
0.36991517091932785
0.6812802037961698
0.3123469256151163
0.6021457759051041
0.6158677625839504
0.5186156353232955
0.7678879412392059
0.5420029353220617
0.749923767456422
0.3591740045126641
0.6714312938140605
0.25296246271658773
0.29894113417400414
0.6883224772434203
0.8333223380947942
0.6239531383524294
0.5215898192982741
0.571718895492706
0.8803438157516362
0.5978800327862643
0.5776789587234605
0.3886854472675435
0.509065982173511
0.49378329031711377
0.2690251237047297
0.7279315845318757
0.371165222022499
0.3972762872644667
0.8855505076662957
0.5266103023765775
0.4337484604235271
0.5285177830031967
0.3982858785702076
0.5078678740283051
0.7241500535423055
0.44716471993400225
0.1763474131760891
0.8420678454064416
0.8858147087459196
0.3383114042941529
0.2532205793811653
0.5104357484058324
0.814476201743416
0.48570177931247766
0.6975524328719241
0.7944701635822158
0.7124821625625628
0.4511398332704768
0.6048725067304174
0.4115255888246382
0.46257301971657183
0.2840194853221585
0.45279476442432315
0.6787355099928722
0.4795435657227483
0.6585818716374426
0.8174653758087075
0.46570874163814435
0.6788345943402738
0.26318485685348353
0.5637574458162444
0.8626474247420645
0.47123333018927105
0.27656435187064704
0.8404879020366431
0.4991746663961431
0.7869252790014691
0.4664582760656641
0.19132144988208868
0.16561969542086138
0.45308629308602216
0.6361452473292765
0.5036226751733835
0.6595544273303918
0.3556054642536825
0.4483708693873031
0.6728325319629943
0.23841388060607033
0.6954173419825469
0.7511580161376866
0.1958614797585973
0.5425708458485757
0.5607154152647892
0.4626360536933735
0.45852648600081686
0.33553657566409284
0.6735760490733903
0.6129529997765562
0.571718895492706
0.4349598033391906
0.6752901149810682
0.7937045505518149
0.7829472752887219
0.4955227632445435
0.34819294032063597
0.3485441810683856
0.7051095752097011
0.382020377558571
0.43006619505640015
0.29929744193968305
0.6732147137071087
0.5770063057590402
0.4218717360564347
0.4780994925962761
0.366390146566633
0.40604175532683456
0.173388884800325
0.4401078536597169
0.468220165277544
0.8020930227621705
0.6103905941174068
0.45937576878957653
0.5339657518341439
0.17424847308888136
0.7330884100478221
0.22855000477441606
0.8119698663484176
0.5607699132552827
0.7007795838205183
0.5183107166740728
0.7089555755086299
0.6191039234271069
0.8252615622800472
0.6904366857106705
0.36410287901571486
0.6241661467879637
0.6436013873196544
0.8151797892040124
0.4029974153916325
0.5187506540790177
0.4608758655834181
0.7630663592876883
0.5511563992032263
0.2871726901859973
0.48681544500044976
0.29664792813074387
0.3782651481442793
0.27731832662343425
0.3694240356359725
0.8877949096084796
0.5690078836409442
0.44889524973579664
0.5806434410630782
0.6116343448766854
0.6160081680211051
0.21866793350298003
0.5085361607660036
0.48907287731221605
0.3740767040495321
0.4242008069035419
0.5426292289212411
0.5086218695517725
0.5063991539381315
0.6273288573684465
0.46025569445944614
0.6336858126832229
0.6898604081722547
0.7979930428706529
0.12471063584332749
0.4632294048321562
0.24680960921063586
0.46172095824437837
0.40397443925888893