2.29048424389209
3.287232530054827
2.720232185282759
2.4580048749064627
2.9124354807019923
2.223172851201401
3.4589341763620167
2.2356762107847707
2.403374584550159
2.797248684535468
2.428580686726093
2.6027476770492015
2.7897909825329066
2.5217153627658444
2.065257466586015
2.297823389523888
3.58885035641807
2.9149902571022768
2.6515882345122943
2.505380885687078
2.859828210631763
2.3684557336211327
3.509391825051755
4.1825461305146
2.453198021381322
2.494980972401015
2.54557917761335
2.6923523094806576
2.413563685715774
2.334200451048842
2.31959275874115
2.9614171534974005
2.6908852067193774
2.2602385753673797
2.5821424126390475
1.8734603490688375
2.782852596535374
2.0927882358167853
3.043044912393606
2.4041622948795744
2.7991585229738334
2.1329601533203526
2.1653832843076337
2.4912607569365797
3.4736954235295947
2.81385257871756
2.0685091458603644
2.4051581255531964
2.4140211074156994
2.9657016697911605
3.193026419582984
2.3496527752204344
2.186497981626255
2.313539530491024
2.590297483459942
2.426936716393019
2.3568583716094196
2.0916720700673928
2.801336350170521
3.005770945617611
3.3713053897598098
2.1780386740727344
2.163851310388422
2.280044709828024
2.4669241399756743
2.242857450854032
2.4105943510915893
2.2506417856271916
3.0827054534472067
3.166419950878792
2.488516183850356
2.4178068018631063
2.4296007992349704
4.7140135392922975
2.170670824920153
2.867950131165111
2.7449506358069407
3.2479240671885288
3.816726002600479
2.3942527577706105
3.1779679185357352
2.3923080985258327
2.6085575497562434
2.88201839767558
1.9802149145648755
2.165638374372435
2.9871015759302644
2.486081011451356
1.6971341744944475
2.3698217180171675
2.360526281849573
2.3886603963745543
2.4141166157006957
2.4692514056250037
2.571661248043707
3.040193806756287
2.268257229213532
3.3427696355415666
3.0779297242579258
2.9142582631399563
2.455778568553585
2.4605783219195168
2.7849843877004243
2.203786650143865
2.7603842466081243
2.428605843494827
2.7604207867756063
2.8951140988445587
2.340176707062687
2.5889691950254985
2.3917447687049673
2.2940583528554903
2.192695794989122
2.343352161528438
2.998069083124202
3.41733940854909
2.1546994112176243
2.065597484380051
2.321844408700713
2.3775648896445762
3.2555808041147998
2.1084508297142293
2.4545748523549715
2.7289256433098146
2.571877348447618
2.6134289004308915
1.8247044229898286
2.7447709044272077
2.244665546284356
3.3198828892691
2.6460751849921156
2.4884601202503145
1.9944262361766434
2.518371016396424
3.2446467437889552
2.892558166986209
2.959302477521492
2.230180964802736
1.9800633228639661
2.1337196600472783
2.7364755156711578
2.858434623682454
2.677089461735868
2.239769545582446
1.851010621585738
2.5882304313009143
2.7654839233826163
2.8074526398217152
3.0927918021729095
2.4532252961419534
2.5811962152068855
2.4040218198261876
2.5019088020747073
3.3921680538837933
2.7427846223860097
2.978009851444833
2.1398858515612584
2.2884923444026253
3.0462452309666377
3.171847765081397
3.414404413363016
2.5181625698763046
2.4822508698929298
3.7353319913372616
2.375322390022797
2.179465249674548
2.7228616092021216
3.638608422427625
2.5180597873161314
2.3968351575892193
2.3621489273306278
2.766215795391437
2.6398237691550293
2.8416444173727644
2.6818229957564057
3.0531432292978806
2.5499929198269804
3.061369691711385
3.2365265861606467
1.968006133479001
2.6249715002995604
3.3425198616929013
2.5967536011378343
3.051860620675603
4.0600253829594
2.315623809315671
2.7158230596149284
2.3526017358027556
2.651103698508818
2.290762569876305
2.3005191812578563
1.8969969148790646
2.34378107536738
3.395806284887202
1.7691673273014992
3.049470384150071
2.7550543254559123
2.359972270560938
2.19276078304064
2.6818812994184125
2.478855813893432
3.712373680853368
1.6237353416521731
2.5729372529683943
2.1793907748196393
2.0905150279252
2.4965696369873704
2.1243884077020603
2.847883139712403
2.0231071584192186
2.2439283116887
2.1939007345044015
2.817626792919185
2.1365294256917533
2.278635900115326
2.5757864341098333
2.529531092423017
3.203941565846973
2.6500694563450313
2.2206419350958857
2.7505050580566444
1.574708868147022
2.8730246819557497
3.510795304946728
3.250934483459943
4.092871490534346
2.8114131409973364
3.6870015452960168
2.8035324798486165
3.1006219430648336
1.8999427925089627
3.5848298636405787
2.878143812957971
2.825901431740606
2.6217935533370706
2.6978730898211456
3.8390422042500223
3.972662552001321
2.6101563595122954
2.7447643234763834
2.4020351588937086
2.7444186191276785
3.2294794986299804
2.1445335035416146
2.4354618875303764
2.6305028399628334
2.6326537724889096
2.6567751116823253
2.0000683920005695
2.6096612189921977
2.819043961410472
2.812004312018839
2.3908036286689924
2.3152371015273463
2.509192951002124
2.157423302498877
3.892785326843219
1.5747290818405553
1.900888373678825
2.9252182737381442
2.170931108896859
2.9335965508083515
3.208070341633799
2.818937952058226
3.7394824488298175
2.564840530111937
2.008683255373498
1.9728314259919149
2.7729013354585508
3.710897788948138
2.9533712538056562
2.412072807736207
2.822170593234505
2.2689663875303765
3.4679917336842223
2.854062849896911
2.7730262986486043
2.2787646977151024
2.559686534992558
2.1877376615160102
2.642285666467119
3.93358758072282
2.088289750008826
1.998346434109834
2.3948364441528067
2.3325971096612683
2.6816948761160226
2.4331930886822466
2.6696418819417396
3.0041992135332753
2.2261481831244385
2.305297999194446
2.521932918679836
3.304174490734651
3.02467230196896
3.2519064821578096
2.0486211953995745
2.496332926317489
2.105277761139515
2.4245673747837895
2.3176346600472773
2.1532278599399195
2.5601917684874174
1.984027500299561
3.0571108515612586
2.519727176412921
2.2470881923515904
2.535189472317821
2.186337797155968
3.0930429633329446
2.4782623688180117
2.145205082330488
1.8392181742937481
2.8350721262819842
2.4360523894448214
2.831994520842839
3.1600779665676546
2.2436642654999392
2.3255786175812645
4.059909565808894