30
51
32
66
53
33
25
44
40
57
45
46
64
51
35
41
50
56
46
65
64
27
43
55
41
48
44
42
50
39
37
52
42
49
55
28
44
33
58
44
43
43
46
52
54
55
53
60
53
63
55
52
36
43
36
53
66
55
36
50
50
47
35
35
46
46
54
42
39
31
44
50
40
50
46
55
56
60
53
29
36
52
54
53
41
38
49
60
36
39
39
50
41
41
41
56
47
37
62
43
45
29
40
40
38
46
35
42
36
52
52
39
45
42
50
51
56
38
53
33
55
38
45
54
63
43
42
51
56
61
35
42
42
38
68
55
57
46
40
48
37
56
45
23
52
63
62
20
35
56
47
41
41
51
36
48
40
53
49
34
22
43
31
50
39
41
45
52
33
43
45
33
54
45
45
37
41
44
43
36
45
66
46
47
60
27
53
53
48
47
39
35
53
54
42
39
66
61
28
50
47
39
23
38
52
42
49
41
67
46
33
48
49
50
55
40
64
41
32
46
68
21
48
45
41
55
55
48
39
54
44
62
53
41
64
34
47
74
40
47
37
39
70
51
30
45
52
36
34
48
51
59
55
36
55
39
57
25
48
64
38
59
58
67
69
50
35
30
43
41
67
34
55
34
30
42
52
42
39
42
57
51
24
38
43
58
49
48
33
36
57
55
53
56
59
56
34
40
38
37
44
47
62
41
44
46
42
43
43
52
40
41
31
54
36
62
42
61
46
61