24.06
81.27000000000001
33.120000000000005
105.09
110.61000000000001
47.89
73.26
85.13
97.84
72.96000000000001
58.64
58.28
84.19
84.94000000000001
22.0
73.62
53.290000000000006
123.23999999999998
110.94
78.75
127.36000000000001
89.77
72.78
74.57000000000001
72.17
98.59
95.04
86.63000000000001
64.11
32.78
55.13
71.88
127.51000000000002
95.94000000000001
88.77
49.410000000000004
30.18
35.53
64.17
74.09
66.23
59.0
49.85000000000001
78.74
119.35
97.21999999999998
95.94
127.36000000000001
101.41000000000001
95.58000000000001
125.4
79.39
33.45
56.89
79.46000000000001
68.01
110.73
82.27000000000001
66.4
70.99999999999999
71.16
101.67
94.83000000000001
71.18
95.68
68.02000000000001
47.040000000000006
87.21
55.35
50.82
122.65
65.78
80.04
119.61000000000001
65.50000000000001
134.23999999999998
98.28
79.9
63.300000000000004
100.62000000000002
60.25
114.06
82.0
101.38000000000001
72.2
62.980000000000004
82.08000000000001
113.04000000000002
64.11
104.78999999999999
98.97
74.55
52.82000000000001
93.04
112.93
103.61
67.87
91.66999999999999
73.13000000000001
63.68
104.97
50.82
73.13000000000001
51.22
69.85000000000001
62.99000000000001
132.42000000000002
66.4
71.41
124.78999999999999
92.88
66.48
75.27
55.74
112.22999999999999
41.9
76.02000000000001
33.2
66.03
49.33
65.64
68.02000000000001
50.50000000000001
88.16999999999999
101.41000000000001
73.31
87.66000000000001
117.86000000000001
115.03999999999999
72.72
58.56
81.13
69.72
39.07
111.34
71.06
53.32
92.27
87.76
74.44
65.37
89.25
66.4
51.269999999999996
84.27
119.47999999999999
169.42999999999998
38.050000000000004
29.540000000000003
122.64999999999999
109.59
61.56
48.42
82.08000000000001
78.75999999999999
66.85000000000001
64.63000000000001
90.78999999999999
96.53
117.42
33.120000000000005
95.64999999999999
74.60000000000001
82.95
88.25
66.4
95.46
81.32
110.00000000000001
97.11
53.99000000000001
74.6
96.97
95.86000000000001
83.56
59.28
38.77
76.12
23.47
55.99
91.80000000000001
210.53999999999996
104.89
64.36
108.33
32.7
91.81
125.21000000000001
93.17999999999999
71.88
95.58000000000001
29.020000000000003
114.4
124.27
70.67
39.34
105.09
92.07999999999998
72.19
67.43
59.22
54.06
30.930000000000003
54.59
83.67
59.290000000000006
130.61
72.7
108.5
43.6
35.760000000000005
106.39000000000001
75.99
69.72
106.2
55.980000000000004
101.04
132.02
75.55
76.61000000000001
105.39999999999999
35.82
105.65999999999998
74.66
104.57000000000001
201.27999999999997
93.22
106.20000000000002
32.34
97.29999999999998
101.57
58.220000000000006
119.84000000000002
91.9
101.48999999999998
73.63
94.78
188.04999999999998
88.0
26.790000000000006
20.95
32.78
143.81
75.17
50.52
83.56
110.10000000000001
111.87
70.58000000000001
101.49
110.61000000000001
127.36000000000001
96.45
108.69
109.62
82.3
187.11999999999998
78.43
81.7
117.18
63.25
66.48
107.14999999999999
133.84000000000003
132.37
67.97
59.06
60.160000000000004
23.550000000000004
46.5
166.57999999999998
69.8
21.17
77.84
68.13000000000001
43.35
83.56
88.49
26.790000000000006
93.09
99.15
111.68
54.86
86.63000000000001
75.99
117.37999999999997
71.88
103.16
64.03999999999999
50.82
76.07000000000001
74.76
109.14
98.00000000000001
194.14999999999998
72.72000000000001
50.160000000000004
93.79
93.35
85.17
62.300000000000004
114.72000000000003
146.78
70.27000000000001
120.05000000000001
100.13000000000001
88.09
95.86
110.01
94.8
89.48
68.27000000000001
41.46
95.58000000000001
102.9
163.4
124.29000000000002
115.09
69.68
114.65000000000002