0.1951219512195122
0.3150684931506849
0.17721518987341772
0.2073170731707317
0.14893617021276595
0.4225352112676056
0.20833333333333334
0.2328767123287671
0.23684210526315788
0.25742574257425743
0.2631578947368421
0.2545454545454545
0.22727272727272727
0.20967741935483872
0.4727272727272727
0.22857142857142856
0.22388059701492538
0.40384615384615385
0.21621621621621623
0.20987654320987653
0.3114754098360656
0.175
0.2
0.1927710843373494
0.1891891891891892
0.1839080459770115
0.19767441860465115
0.2459016393442623
0.23076923076923078
0.21052631578947367
0.34545454545454546
0.2459016393442623
0.21794871794871795
0.21428571428571427
0.2830188679245283
0.2191780821917808
0.2236842105263158
0.4057971014492754
0.23943661971830985
0.2413793103448276
0.21739130434782608
0.42857142857142855
0.4166666666666667
0.2361111111111111
0.21428571428571427
0.20512820512820512
0.2077922077922078
0.2765957446808511
0.28888888888888886
0.32894736842105265
0.1839080459770115
0.2
0.2153846153846154
0.21052631578947367
0.16981132075471697
0.17647058823529413
0.21621621621621623
0.24528301886792453
0.24
0.2236842105263158
0.2857142857142857
0.1951219512195122
0.3064516129032258
0.22857142857142856
0.22535211267605634
0.1891891891891892
0.2077922077922078
0.21428571428571427
0.2459016393442623
0.2653061224489796
0.2
0.22727272727272727
0.1951219512195122
0.5692307692307692
0.21052631578947367
0.21333333333333335
0.2
0.20987654320987653
0.1951219512195122
0.2631578947368421
0.2542372881355932
0.29347826086956524
0.2073170731707317
0.3888888888888889
0.2
0.2
0.25
0.19718309859154928
0.19230769230769232
0.23333333333333334
0.24
0.21794871794871795
0.35294117647058826
0.20689655172413793
0.423728813559322
0.2191780821917808
0.2153846153846154
0.23863636363636365
0.22388059701492538
0.24561403508771928
0.421875
0.2537313432835821
0.20987654320987653
0.30434782608695654
0.2077922077922078
0.37662337662337664
0.19480519480519481
0.578125
0.2542372881355932
0.2535211267605634
0.4727272727272727
0.29347826086956524
0.19480519480519481
0.19117647058823528
0.3698630136986301
0.18421052631578946
0.2459016393442623
0.19318181818181818
0.18461538461538463
0.2987012987012987
0.18840579710144928
0.3076923076923077
0.21739130434782608
0.3333333333333333
0.23076923076923078
0.20224719101123595
0.1935483870967742
0.4246575342465753
0.21621621621621623
0.2
0.1951219512195122
0.24528301886792453
0.3333333333333333
0.2625
0.2
0.23170731707317074
0.29545454545454547
0.20253164556962025
0.1978021978021978
0.1686746987951807
0.21052631578947367
0.21621621621621623
0.2054794520547945
0.18604651162790697
0.19480519480519481
0.2328767123287671
0.20253164556962025
0.2459016393442623
0.27692307692307694
0.23958333333333334
0.1595744680851064
0.23809523809523808
0.15294117647058825
0.18309859154929578
0.2804878048780488
0.2987012987012987
0.2112676056338028
0.1956521739130435
0.16521739130434782
0.1951219512195122
0.2459016393442623
0.15625
0.23943661971830985
0.1891891891891892
0.27941176470588236
0.2463768115942029
0.2222222222222222
0.25
0.21212121212121213
0.2077922077922078
0.1728395061728395
0.16483516483516483
0.23728813559322035
0.2
0.20454545454545456
0.23943661971830985
0.1797752808988764
0.18666666666666668
0.22077922077922077
0.1927710843373494
0.23728813559322035
0.2222222222222222
0.19
0.25862068965517243
0.2638888888888889
0.18840579710144928
0.19767441860465115
0.2
0.2054794520547945
0.25
0.17708333333333334
0.3373493975903614
0.1951219512195122
0.25
0.23529411764705882
0.20634920634920634
0.2
0.21951219512195122
0.19101123595505617
0.3157894736842105
0.21621621621621623
0.18181818181818182
0.203125
0.1951219512195122
0.1951219512195122
0.20224719101123595
0.22727272727272727
0.19753086419753085
0.2
0.3
0.19540229885057472
0.25925925925925924
0.30952380952380953
0.25862068965517243
0.3717948717948718
0.24691358024691357
0.3064516129032258
0.3058823529411765
0.2682926829268293
0.2976190476190476
0.25862068965517243
0.2692307692307692
0.3064516129032258
0.1956521739130435
0.21333333333333335
0.19626168224299065
0.1797752808988764
0.17204301075268819
0.26666666666666666
0.16091954022988506
0.28888888888888886
0.2698412698412698
0.2127659574468085
0.3
0.2125
0.1797752808988764
0.24358974358974358
0.5733333333333334
0.21621621621621623
0.3055555555555556
0.21333333333333335
0.2727272727272727
0.25
0.3780487804878049
0.18666666666666668
0.20270270270270271
0.3253012048192771
0.34177215189873417
0.25862068965517243
0.16470588235294117
0.15053763440860216
0.15217391304347827
0.24193548387096775
0.29411764705882354
0.19718309859154928
0.2191780821917808
0.19444444444444445
0.19047619047619047
0.27956989247311825
0.2692307692307692
0.2112676056338028
0.25333333333333335
0.8163265306122449
0.19318181818181818
0.21052631578947367
0.19753086419753085
0.3333333333333333
0.3068181818181818
0.14606741573033707
0.2361111111111111
0.15476190476190477
0.25
0.18478260869565216
0.23636363636363636
0.29411764705882354
0.40625
0.19402985074626866
0.21875
0.3181818181818182
0.19540229885057472
0.2073170731707317
0.23636363636363636
0.20634920634920634
0.3132530120481928
0.2222222222222222
0.20512820512820512
0.32786885245901637
0.1702127659574468
0.21739130434782608
0.3333333333333333
0.20512820512820512
0.2777777777777778
0.234375
0.36923076923076925
0.23809523809523808
0.18888888888888888
0.2
0.20833333333333334
0.19117647058823528
0.18518518518518517
0.2625
0.1797752808988764
0.16049382716049382
0.25
0.21176470588235294
0.21621621621621623
0.25
0.18666666666666668
0.15853658536585366
0.18461538461538463
0.20512820512820512
0.4657534246575342
0.17333333333333334
0.20454545454545456
0.15217391304347827
0.23255813953488372
0.2
0.3055555555555556
0.21739130434782608
0.31521739130434784
0.25
0.24489795918367346
0.2753623188405797
0.18421052631578946
0.22388059701492538
0.1926605504587156
0.3253012048192771
0.1951219512195122
0.3142857142857143
0.4852941176470588
0.23333333333333334
0.3088235294117647
0.225
0.2
0.19047619047619047
0.2077922077922078
0.2191780821917808
0.20588235294117646
0.2602739726027397
0.18840579710144928
0.234375
0.20987654320987653
0.22857142857142856
0.25862068965517243
0.2073170731707317
0.3235294117647059
0.22077922077922077
0.43636363636363634
0.21428571428571427
0.17647058823529413
0.20512820512820512
0.234375
0.234375
0.1927710843373494
0.18518518518518517
0.25
0.2413793103448276
0.19753086419753085
0.20512820512820512
0.3611111111111111
0.2112676056338028
0.19753086419753085
0.1951219512195122
0.4057971014492754
0.19047619047619047
0.20388349514563106
0.2413793103448276
0.26
0.18604651162790697
0.1839080459770115
0.2597402597402597
0.2222222222222222
0.22058823529411764
0.18888888888888888
0.2
0.2631578947368421
0.19047619047619047
0.22972972972972974
0.2328767123287671
0.20454545454545456
0.3132530120481928
0.19480519480519481
0.23711340206185566
0.2191780821917808
0.22388059701492538
0.19767441860465115
0.189873417721519
0.3
0.18840579710144928
0.17391304347826086
0.20754716981132076
0.23076923076923078
0.35714285714285715
0.23076923076923078
0.16883116883116883
0.275
0.4583333333333333
0.2916666666666667
0.19402985074626866
0.4057971014492754
0.22666666666666666
0.1724137931034483
0.19753086419753085
0.2553191489361702
0.20224719101123595
0.42424242424242425
0.32608695652173914
0.1875
0.20481927710843373
0.18478260869565216
0.25675675675675674
0.1686746987951807
0.25
0.1839080459770115
0.3114754098360656
0.17
0.203125
0.2857142857142857
0.22857142857142856
0.21333333333333335
0.1566265060240964
0.2077922077922078
0.18691588785046728
0.2
0.29333333333333333
0.20192307692307693
0.25
0.16091954022988506
0.20253164556962025
0.2028985507246377
0.2545454545454545
0.22972972972972974
0.2125
0.234375
0.21666666666666667
0.410958904109589
0.20634920634920634
0.1744186046511628
0.21428571428571427
0.2153846153846154
0.20238095238095238
0.23636363636363636
0.19753086419753085
0.19480519480519481
0.25263157894736843
0.16279069767441862
0.21428571428571427
0.20833333333333334
0.2222222222222222
0.2631578947368421
0.1951219512195122
0.20212765957446807
0.21
0.3064516129032258
0.2545454545454545
0.21875
0.19101123595505617
0.24561403508771928
0.2077922077922078
0.203125
0.2
0.2328767123287671
0.16279069767441862
0.1927710843373494
0.203125
0.3064516129032258
0.20930232558139536
0.2967032967032967
0.1891891891891892
0.3246753246753247
0.2459016393442623
0.34615384615384615
0.28
0.42857142857142855
0.20833333333333334
0.21428571428571427
0.22666666666666666
0.23809523809523808
0.3373493975903614
0.24358974358974358
0.2153846153846154
0.22077922077922077
0.234375
0.2542372881355932
0.1956521739130435
0.42424242424242425
0.20512820512820512
0.18518518518518517
0.345679012345679
0.21739130434782608
0.25675675675675674
0.2125
0.19753086419753085
0.1978021978021978
0.2459016393442623
0.2127659574468085
0.23595505617977527
0.17045454545454544
0.2077922077922078
0.20634920634920634
0.16483516483516483
0.2631578947368421
0.1686746987951807
0.22549019607843138
0.22727272727272727
0.21333333333333335
0.2361111111111111
0.2318840579710145
0.2222222222222222
0.1797752808988764
0.25316455696202533
0.19101123595505617
0.2153846153846154
0.18627450980392157
0.225
0.2222222222222222
0.19540229885057472
0.2542372881355932
0.28735632183908044
0.4716981132075472
0.32142857142857145
0.23232323232323232
0.18947368421052632
0.17647058823529413
0.3258426966292135
0.21428571428571427
0.20481927710843373
0.16279069767441862
0.3170731707317073
0.19230769230769232
0.2191780821917808
0.1927710843373494
0.2
0.25773195876288657
0.17391304347826086
0.16279069767441862
0.3488372093023256
0.21052631578947367
0.19047619047619047
0.2808988764044944
0.22077922077922077
0.3333333333333333
0.22972972972972974
0.17272727272727273
0.2830188679245283
0.18181818181818182
0.4411764705882353
0.22972972972972974
0.23684210526315788
0.2608695652173913
0.20512820512820512
0.375
0.16666666666666666
0.18292682926829268
0.20224719101123595
0.42857142857142855
0.18292682926829268
0.21428571428571427
0.19047619047619047
0.1839080459770115
0.3484848484848485
0.3103448275862069
0.20224719101123595
0.25675675675675674
0.1839080459770115
0.21666666666666667
0.18888888888888888
0.2692307692307692
0.23809523809523808
0.20253164556962025
0.19753086419753085
0.2631578947368421
0.2459016393442623
0.3333333333333333
0.25
0.19047619047619047
0.6349206349206349
0.3333333333333333
0.2222222222222222
0.2222222222222222
0.20833333333333334
0.25
0.21359223300970873
0.27586206896551724
0.1951219512195122
0.32857142857142857
0.24390243902439024
0.2916666666666667
0.30985915492957744
0.203125
0.3150684931506849
0.2571428571428571
0.20930232558139536
0.2777777777777778
0.18055555555555555
0.189873417721519
0.19047619047619047
0.1935483870967742
0.17391304347826086
0.1875
0.21428571428571427
0.2328767123287671
0.18292682926829268
0.2
0.20481927710843373
0.20481927710843373
0.19230769230769232
0.29069767441860467
0.22857142857142856
0.3333333333333333
0.2857142857142857
0.25862068965517243
0.19767441860465115
0.2714285714285714
0.2753623188405797
0.2191780821917808
0.3132530120481928
0.2345679012345679
0.19402985074626866
0.25
0.28846153846153844
0.27906976744186046
0.21052631578947367
0.21621621621621623
0.189873417721519
0.32098765432098764
0.20987654320987653
0.19696969696969696
0.26744186046511625
0.2608695652173913
0.26865671641791045
0.2054794520547945
0.3253012048192771
0.2625
0.22727272727272727
0.2753623188405797
0.24675324675324675
0.32098765432098764
0.19047619047619047
0.2
0.19736842105263158
0.23880597014925373
0.2857142857142857
0.25
0.3108108108108108
0.21518987341772153
0.19402985074626866
0.21153846153846154
0.23376623376623376
0.16216216216216217
0.20253164556962025
0.3157894736842105
0.3055555555555556
0.1917808219178082
0.21333333333333335
0.18604651162790697
0.2692307692307692
0.208955223880597
0.21153846153846154
0.18666666666666668
0.2222222222222222
0.2222222222222222
0.32098765432098764
0.20833333333333334
0.2564102564102564
0.19230769230769232
0.29545454545454547
0.2318840579710145
0.22666666666666666
0.20212765957446807
0.2413793103448276
0.225
0.25
0.21621621621621623
0.20930232558139536
0.2
0.2191780821917808
0.20224719101123595
0.2535211267605634
0.3150684931506849
0.3559322033898305
0.25
0.19753086419753085
0.3037974683544304
0.21621621621621623
0.20238095238095238
0.2631578947368421
0.19402985074626866
0.19318181818181818
0.16842105263157894
0.23943661971830985
0.2125
0.19444444444444445
0.23076923076923078
0.21782178217821782
0.4305555555555556
0.23809523809523808
0.25316455696202533
0.189873417721519
0.28846153846153844
0.20454545454545456
0.20192307692307693
0.20253164556962025
0.2714285714285714
0.3150684931506849
0.3253012048192771
0.26666666666666666
0.22666666666666666
0.25862068965517243
0.1744186046511628
0.2222222222222222
0.23943661971830985
0.19480519480519481
0.20270270270270271
0.26785714285714285
0.3148148148148148
0.27419354838709675
0.375
0.20634920634920634
0.19753086419753085
0.18518518518518517
0.2987012987012987
0.22857142857142856
0.27941176470588236
0.2808988764044944
0.21518987341772153
0.25
0.1702127659574468
0.32098765432098764
0.2459016393442623
0.21794871794871795
0.2638888888888889
0.18681318681318682
0.18181818181818182
0.2916666666666667
0.2916666666666667
0.3333333333333333
0.35064935064935066
0.24528301886792453
0.25
0.29347826086956524
0.2345679012345679
0.21951219512195122
0.1891891891891892
0.25
0.3246753246753247
0.3108108108108108
0.2542372881355932
0.2235294117647059
0.22388059701492538
0.24193548387096775
0.3055555555555556
0.28888888888888886
0.4727272727272727
0.16853932584269662
0.265625
0.25806451612903225
0.22727272727272727
0.21333333333333335
0.20689655172413793
0.2
0.21951219512195122
0.19696969696969696
0.21333333333333335
0.25
0.3620689655172414
0.17073170731707318
0.19047619047619047
0.28
0.20270270270270271
0.27058823529411763
0.19753086419753085
0.22535211267605634
0.2753623188405797
0.189873417721519
0.345679012345679
0.27906976744186046
0.2542372881355932
0.2537313432835821
0.18421052631578946
0.18666666666666668
0.17857142857142858
0.3125
0.2361111111111111
0.21686746987951808
0.2345679012345679
0.1686746987951807
0.18518518518518517
0.1724137931034483
0.20238095238095238
0.2
0.26595744680851063
0.23529411764705882
0.22950819672131148
0.43333333333333335
0.22857142857142856
0.17777777777777778
0.2
0.30337078651685395
0.22535211267605634
0.2
0.203125
0.2236842105263158
0.2967032967032967
0.17045454545454544
0.26666666666666666
0.42424242424242425
0.34782608695652173
0.19791666666666666
0.23529411764705882
0.22093023255813954
0.19047619047619047
0.25
0.25882352941176473
0.32
0.19480519480519481
0.2571428571428571
0.2631578947368421
0.2222222222222222
0.15306122448979592
0.2222222222222222
0.2608695652173913
0.2222222222222222
0.26804123711340205
0.2753623188405797
0.2153846153846154
0.21794871794871795
0.21333333333333335
0.2692307692307692
0.22950819672131148
0.17204301075268819
0.4264705882352941
0.1927710843373494
0.36619718309859156
0.28888888888888886
0.21428571428571427
0.30612244897959184
0.3283582089552239
0.16494845360824742
0.2692307692307692
0.234375
0.2
0.21739130434782608
0.21739130434782608
0.19540229885057472
0.27710843373493976
0.21875
0.24528301886792453
0.32142857142857145
0.23809523809523808
0.27906976744186046
0.27906976744186046
0.20512820512820512
0.2077922077922078
0.21686746987951808
0.1595744680851064
0.17647058823529413
0.1951219512195122
0.1782178217821782
0.2641509433962264
0.29508196721311475
0.14772727272727273
0.23728813559322035
0.26506024096385544
0.19672131147540983
0.19642857142857142
0.2077922077922078
0.22058823529411764
0.26785714285714285
0.29213483146067415
0.27450980392156865
0.22388059701492538
0.16049382716049382
0.2542372881355932
0.2976190476190476
0.22535211267605634
0.20430107526881722
0.34177215189873417
0.2857142857142857
0.2033898305084746
0.23880597014925373
0.33707865168539325
0.19753086419753085
0.25
0.20454545454545456
0.20270270270270271
0.1839080459770115
0.26785714285714285
0.2876712328767123
0.3563218390804598
0.20253164556962025
0.21875
0.16666666666666666
0.24193548387096775
0.21153846153846154
0.18823529411764706
0.27586206896551724
0.2361111111111111
0.2
0.24
0.2222222222222222
0.2
0.20634920634920634
0.32894736842105265
0.275
0.21875
0.21359223300970873
0.19230769230769232
0.2967032967032967
0.2459016393442623
0.1927710843373494
0.16049382716049382
0.21621621621621623
0.2028985507246377
0.25675675675675674
0.19753086419753085
0.2153846153846154
0.16049382716049382
0.35384615384615387
0.16304347826086957
0.20270270270270271
0.22549019607843138
0.3064516129032258
0.22727272727272727
0.20454545454545456
0.23684210526315788
0.2978723404255319
0.20930232558139536
0.20212765957446807
0.21052631578947367
0.3013698630136986
0.3492063492063492
0.203125
0.20353982300884957
0.3108108108108108
0.2631578947368421
0.30985915492957744
0.175
0.23595505617977527
0.21428571428571427
0.24096385542168675
0.23529411764705882
0.20454545454545456
0.22727272727272727
0.25
0.21621621621621623
0.20634920634920634
0.2696629213483146
0.4716981132075472
0.22857142857142856
0.28378378378378377
0.2808988764044944
0.1590909090909091
0.2545454545454545
0.2
0.19101123595505617
0.29577464788732394
0.23809523809523808
0.2
0.33783783783783783
0.2054794520547945
0.27450980392156865
0.21428571428571427
0.20618556701030927
0.19753086419753085
0.20212765957446807
0.34146341463414637
0.2222222222222222
0.19753086419753085
0.25
0.2542372881355932
0.18518518518518517
0.18823529411764706
0.24193548387096775
0.2077922077922078
0.19718309859154928
0.32142857142857145
0.4791666666666667
0.43478260869565216
0.2028985507246377
0.24242424242424243
0.21621621621621623
0.234375
0.234375
0.2692307692307692
0.16666666666666666
0.2571428571428571
0.19736842105263158
0.20253164556962025
0.1956521739130435
0.21052631578947367
0.36538461538461536
0.2542372881355932
0.19101123595505617
0.1927710843373494
0.2696629213483146
0.203125
0.27906976744186046
0.21686746987951808
0.3048780487804878
0.23655913978494625
0.2571428571428571
0.22857142857142856
0.2112676056338028
0.203125
0.19230769230769232
0.2112676056338028
0.19607843137254902
0.25263157894736843
0.20270270270270271
0.19696969696969696
0.1875
0.2916666666666667
0.2459016393442623
0.2978723404255319
0.18823529411764706
0.20930232558139536
0.2
0.22727272727272727
0.4264705882352941
0.18571428571428572
0.16483516483516483
0.18055555555555555
0.2542372881355932
0.2542372881355932
0.18181818181818182
0.2222222222222222
0.17391304347826086
0.17567567567567569
0.2631578947368421
0.21333333333333335
0.2753623188405797
0.2608695652173913
0.2222222222222222
0.22077922077922077
0.29333333333333333
0.19402985074626866
0.19318181818181818
0.19811320754716982
0.3835616438356164
0.2857142857142857
0.3064516129032258
0.22807017543859648
0.23076923076923078
0.2692307692307692
0.19540229885057472
0.1891891891891892
0.17592592592592593
0.21621621621621623
0.20270270270270271
0.19047619047619047
0.2641509433962264
0.20689655172413793
0.2191780821917808
0.2
0.21333333333333335
0.3611111111111111
0.3188405797101449
0.4050632911392405
0.2191780821917808
0.2159090909090909
0.3709677419354839
0.2
0.19230769230769232
0.27058823529411763
0.2
0.2972972972972973
0.20512820512820512
0.323943661971831
0.16883116883116883
0.27358490566037735
0.22857142857142856
0.21686746987951808
0.2777777777777778
0.21495327102803738
0.25862068965517243
0.2978723404255319
0.16666666666666666
0.1595744680851064
0.19101123595505617
0.29347826086956524
0.19718309859154928
0.24358974358974358
0.30666666666666664
0.20930232558139536
0.18487394957983194
0.3069306930693069
0.2714285714285714
0.234375
0.22857142857142856
0.2542372881355932
0.25
0.3170731707317073
0.1891891891891892
0.2727272727272727
0.17073170731707318
0.22727272727272727
0.2222222222222222
0.3563218390804598
0.208955223880597
0.19444444444444445
0.16049382716049382
0.2191780821917808
0.20987654320987653
0.20238095238095238
0.22535211267605634
0.5774647887323944
0.2894736842105263
0.19047619047619047
0.25
0.2894736842105263
0.2692307692307692
0.21794871794871795
0.2542372881355932
0.24096385542168675
0.18947368421052632
0.24358974358974358
0.19753086419753085
0.25675675675675674
0.16666666666666666
0.2
0.18478260869565216
0.2727272727272727
0.2191780821917808
0.3333333333333333
0.23333333333333334
0.2
0.21518987341772153
0.2
0.24193548387096775
0.3048780487804878
0.2153846153846154
0.19753086419753085
0.2602739726027397
0.2077922077922078
0.208955223880597
0.17073170731707318
0.17204301075268819
0.22388059701492538
0.16666666666666666
0.1951219512195122
0.1724137931034483
0.175
0.3333333333333333
0.2641509433962264
0.27835051546391754
0.21875
0.1927710843373494
0.22549019607843138
0.2459016393442623
0.33707865168539325
0.34782608695652173
0.20224719101123595
0.16853932584269662
0.23076923076923078
0.24193548387096775
0.23958333333333334
0.2028985507246377
0.21052631578947367
0.234375
0.22772277227722773
0.2692307692307692
0.18055555555555555
0.19047619047619047
0.1566265060240964
0.2638888888888889
0.20481927710843373
0.3157894736842105
0.15217391304347827
0.18181818181818182
0.2
0.3230769230769231
0.24742268041237114
0.19047619047619047
0.22388059701492538
0.25
0.44776119402985076
0.22950819672131148
0.19230769230769232
0.26785714285714285
0.21311475409836064
0.2714285714285714
0.19444444444444445
0.22033898305084745
0.3150684931506849
0.18571428571428572
0.42857142857142855
0.24742268041237114
0.18055555555555555
0.2
0.25882352941176473
0.2714285714285714
0.24193548387096775
0.234375
0.3181818181818182
0.19230769230769232
0.17647058823529413
0.3333333333333333
0.23809523809523808
0.21176470588235294
0.1927710843373494
0.2717391304347826
0.20454545454545456
0.3
0.234375
0.2
0.35526315789473684
0.3584905660377358
0.1917808219178082
0.2625
0.21686746987951808
0.35802469135802467
0.2727272727272727
0.2692307692307692
0.2112676056338028
0.23943661971830985
0.18478260869565216
0.16091954022988506
0.19117647058823528
0.19318181818181818
0.19101123595505617
0.1978021978021978
0.2459016393442623
0.22857142857142856
0.20270270270270271
0.21428571428571427
0.23076923076923078
0.25925925925925924
0.2804878048780488
0.28888888888888886
0.20512820512820512
0.3037974683544304
0.1590909090909091
0.26506024096385544
0.28846153846153844
0.30434782608695654
0.20833333333333334
0.1791044776119403
0.21686746987951808
0.3064516129032258
0.19736842105263158
0.2
0.18888888888888888
0.2676056338028169
0.1875
0.23809523809523808
0.2191780821917808
0.19540229885057472
0.2459016393442623
0.1875
0.2
0.2753623188405797
0.26582278481012656
0.19718309859154928
0.20238095238095238
0.2753623188405797
0.24675324675324675
0.1839080459770115
0.2318840579710145
0.3870967741935484
0.38235294117647056
0.41379310344827586
0.25263157894736843
0.26785714285714285
0.22058823529411764
0.2328767123287671
0.2777777777777778
0.3
0.32954545454545453
0.21333333333333335
0.234375
0.3424657534246575
0.23863636363636365
0.19540229885057472
0.18888888888888888
0.2631578947368421
0.2542372881355932
0.1686746987951807
0.19696969696969696
0.2542372881355932
0.20481927710843373
0.19047619047619047
0.18072289156626506
0.1744186046511628
0.2459016393442623
0.20238095238095238
0.1978021978021978
0.17894736842105263
0.24193548387096775
0.19230769230769232
0.19230769230769232
0.20987654320987653
0.20454545454545456
0.2676056338028169
0.21621621621621623
0.22972972972972974
0.2777777777777778
0.22033898305084745
0.23170731707317074
0.21739130434782608
0.3157894736842105
0.20634920634920634
0.2328767123287671
0.2
0.19480519480519481
0.19101123595505617
0.20253164556962025
0.21621621621621623
0.18181818181818182
0.19718309859154928
0.2112676056338028
0.2328767123287671
0.2553191489361702
0.25263157894736843
0.2125
0.19767441860465115
0.3026315789473684
0.29347826086956524
0.3611111111111111
0.3253012048192771
0.3333333333333333
0.21052631578947367
0.26582278481012656
0.3037974683544304
0.20512820512820512
0.18604651162790697
0.19696969696969696
0.24390243902439024
0.17582417582417584
0.23076923076923078
0.3283582089552239
0.22388059701492538
0.2153846153846154
0.23076923076923078
0.29347826086956524
0.17391304347826086
0.18823529411764706
0.20952380952380953
0.3125
0.16666666666666666
0.2222222222222222
0.2112676056338028
0.2727272727272727
0.2
0.19230769230769232
0.1978021978021978
0.19230769230769232
0.28846153846153844
0.1978021978021978
0.2727272727272727
0.23809523809523808
0.2
0.2191780821917808
0.1927710843373494
0.19753086419753085
0.1927710843373494
0.21621621621621623
0.29347826086956524
0.18888888888888888
0.1951219512195122
0.21686746987951808
0.18518518518518517
0.20253164556962025
0.22857142857142856
0.2631578947368421
0.21739130434782608
0.22772277227722773
0.3116883116883117
0.29069767441860467
0.21621621621621623
0.20833333333333334
0.19444444444444445
0.16363636363636364
0.16483516483516483
0.28735632183908044
0.3064516129032258
0.20930232558139536
0.1728395061728395
0.175
0.2876712328767123
0.21621621621621623
0.16483516483516483
0.1917808219178082
0.19480519480519481
0.2077922077922078
0.28888888888888886
0.1875
0.20512820512820512
0.26744186046511625
0.21212121212121213
0.23157894736842105
0.2
0.1686746987951807
0.2
0.2916666666666667
0.1744186046511628
0.21621621621621623
0.22857142857142856
0.2736842105263158
0.313953488372093
0.34782608695652173
0.2191780821917808
0.7547169811320755
0.2916666666666667
0.2413793103448276
0.1827956989247312
0.18072289156626506
0.22033898305084745
0.20634920634920634
0.3181818181818182
0.2
0.16842105263157894
0.19444444444444445
0.22077922077922077
0.2459016393442623
0.24324324324324326
0.22666666666666666
0.22033898305084745
0.19480519480519481
0.25274725274725274
0.19480519480519481
0.22535211267605634
0.23809523809523808
0.20588235294117646
0.25925925925925924
0.1827956989247312
0.21
0.20512820512820512
0.26595744680851063
0.37681159420289856
0.16346153846153846
0.1927710843373494
0.3880597014925373
0.2545454545454545
0.3235294117647059
0.2542372881355932
0.1590909090909091
0.20652173913043478
0.4
0.2028985507246377
0.1927710843373494
0.17073170731707318
0.2
0.25675675675675674
0.19811320754716982
0.3516483516483517
0.2
0.20454545454545456
0.2
0.2692307692307692
0.20588235294117646
0.29577464788732394
0.3058823529411765
0.2571428571428571
0.22972972972972974
0.2542372881355932
0.19047619047619047
0.24193548387096775
0.2692307692307692
0.19753086419753085
0.23376623376623376
0.1724137931034483
0.1917808219178082
0.21052631578947367
0.23684210526315788
0.6349206349206349
0.22535211267605634
0.22535211267605634
0.1956521739130435
0.19047619047619047
0.19753086419753085
0.19753086419753085
0.2459016393442623
0.1724137931034483
0.20987654320987653
0.20253164556962025
0.25
0.2073170731707317
0.3013698630136986
0.24193548387096775
0.2191780821917808
0.29411764705882354
0.1864406779661017
0.24210526315789474
0.25
0.20224719101123595
0.2978723404255319
0.18823529411764706
0.17567567567567569
0.2625
0.2328767123287671
0.37681159420289856
0.2413793103448276
0.20512820512820512
0.20512820512820512
0.43636363636363634
0.16363636363636364
0.2391304347826087
0.2753623188405797
0.18823529411764706
0.32432432432432434
0.23170731707317074
0.22916666666666666
0.17105263157894737
0.3
0.19753086419753085
0.24
0.22972972972972974
0.24615384615384617
0.22727272727272727
0.2
0.22
0.22784810126582278
0.20987654320987653
0.3582089552238806
0.208955223880597
0.17567567567567569
0.3055555555555556
0.2542372881355932
0.19047619047619047
0.29411764705882354
0.313953488372093
0.18840579710144928
0.1827956989247312
0.2948717948717949
0.22388059701492538
0.6538461538461539
0.23076923076923078
0.16279069767441862
0.2808988764044944
0.2602739726027397
0.24193548387096775
0.22058823529411764
0.19753086419753085
0.22093023255813954
0.23943661971830985
0.2826086956521739
0.2077922077922078
0.20270270270270271
0.2361111111111111
0.25
0.23076923076923078
0.3103448275862069
0.24050632911392406
0.19753086419753085
0.21951219512195122
0.18292682926829268
0.2413793103448276
0.22727272727272727
0.34210526315789475
0.19696969696969696
0.203125
0.18888888888888888
0.19230769230769232
0.18309859154929578
0.2542372881355932
0.23529411764705882
0.2
0.21176470588235294
0.2125
0.21333333333333335
0.1553398058252427
0.21518987341772153
0.16470588235294117
0.1917808219178082
0.25
0.35
0.2
0.21428571428571427
0.3026315789473684
0.17708333333333334
0.20512820512820512
0.1839080459770115
0.2125
0.43478260869565216
0.2033898305084746
0.19402985074626866
0.18181818181818182
0.21311475409836064
0.1951219512195122
0.2077922077922078
0.42424242424242425
0.17857142857142858
0.2
0.3132530120481928
0.17525773195876287
0.20512820512820512
0.21951219512195122
0.18823529411764706
0.22727272727272727
0.2153846153846154
0.35
0.2777777777777778
0.1981981981981982
0.2
0.18888888888888888
0.2054794520547945
0.2153846153846154
0.21794871794871795
0.203125
0.2261904761904762
0.2191780821917808
0.20253164556962025
0.22950819672131148
0.19047619047619047
0.325
0.15853658536585366
0.18478260869565216
0.1780821917808219
0.1951219512195122
0.24731182795698925
0.2077922077922078
0.21875
0.20454545454545456
0.20253164556962025
0.27906976744186046
0.2222222222222222
0.2
0.3064516129032258
0.23809523809523808
0.21052631578947367
0.20930232558139536
0.2564102564102564
0.2
0.234375
0.22058823529411764
0.28888888888888886
0.21686746987951808
0.3064516129032258
0.2028985507246377
0.189873417721519
0.234375
0.2328767123287671
0.20930232558139536
0.21311475409836064
0.20930232558139536
0.2077922077922078
0.20833333333333334
0.23728813559322035
0.2077922077922078
0.26804123711340205
0.16101694915254236
0.345679012345679
0.27631578947368424
0.3275862068965517
0.2261904761904762
0.1566265060240964
0.25675675675675674
0.2191780821917808
0.36065573770491804
0.18292682926829268
0.2153846153846154
0.23170731707317074
0.21739130434782608
0.19117647058823528
0.23809523809523808
0.23333333333333334
0.32142857142857145
0.3176470588235294
0.29577464788732394
0.2631578947368421
0.16883116883116883
0.42857142857142855
0.16049382716049382
0.24193548387096775
0.19230769230769232
0.3111111111111111
0.23809523809523808
0.2
0.23170731707317074
0.26881720430107525
0.20930232558139536
0.20689655172413793
0.24324324324324326
0.25862068965517243
0.3076923076923077
0.20987654320987653
0.24615384615384617
0.21052631578947367
0.24193548387096775
0.2631578947368421
0.49382716049382713
0.16666666666666666
0.3968253968253968
0.234375
0.1978021978021978
0.20238095238095238
0.2988505747126437
0.3333333333333333
0.2840909090909091
0.2
0.15294117647058825
0.29508196721311475
0.2692307692307692
0.17333333333333334
0.2261904761904762
0.26582278481012656
0.27450980392156865
0.27631578947368424
0.17647058823529413
0.189873417721519
0.21333333333333335
0.28735632183908044
0.2077922077922078
0.35555555555555557
0.23076923076923078
0.23076923076923078
0.22666666666666666
0.2830188679245283
0.2535211267605634
0.205607476635514
0.25925925925925924
0.3333333333333333
0.2318840579710145
0.2
0.24324324324324326
0.22727272727272727
0.29347826086956524
0.2765957446808511
0.1590909090909091
0.21739130434782608
0.2638888888888889
0.17105263157894737
0.21428571428571427
0.2
0.35064935064935066
0.3103448275862069
0.19672131147540983
0.19718309859154928
0.21782178217821782
0.16279069767441862
0.2236842105263158
0.2777777777777778
0.33707865168539325
0.3
0.3389830508474576
0.2727272727272727
0.2736842105263158
0.1875
0.19230769230769232
0.1951219512195122
0.15476190476190477
0.3333333333333333
0.18055555555555555
0.1978021978021978
0.2972972972972973
0.21621621621621623
0.2872340425531915
0.17045454545454544
0.23809523809523808
0.22580645161290322
0.20930232558139536
0.2
0.25
0.20930232558139536
0.19736842105263158
0.1951219512195122
0.20930232558139536
0.2602739726027397
0.19753086419753085
0.26666666666666666
0.21052631578947367
0.23076923076923078
0.22535211267605634
0.2077922077922078
0.25
0.2804878048780488
0.19047619047619047
0.19753086419753085
0.18181818181818182
0.20512820512820512
0.22972972972972974
0.16279069767441862
0.234375
0.23529411764705882
0.2911392405063291
0.2876712328767123
0.208955223880597
0.24358974358974358
0.27941176470588236
0.24561403508771928
0.18571428571428572
0.23880597014925373
0.20618556701030927
0.26666666666666666
0.1956521739130435
0.34615384615384615
0.18181818181818182
0.1839080459770115
0.18292682926829268
0.24
0.18181818181818182
0.25333333333333335
0.25842696629213485
0.23880597014925373
0.26785714285714285
0.28846153846153844
0.3333333333333333
0.19047619047619047
0.21621621621621623
0.4482758620689655
0.27472527472527475
0.2542372881355932
0.24324324324324326
0.20987654320987653
0.22784810126582278
0.234375
0.19480519480519481
0.43636363636363634
0.27450980392156865
0.21333333333333335
0.15476190476190477
0.3684210526315789
0.21176470588235294
0.22857142857142856
0.19811320754716982
0.28205128205128205
0.2
0.4084507042253521
0.1839080459770115
0.17582417582417584
0.2786885245901639
0.22950819672131148
0.2077922077922078
0.2153846153846154
0.1978021978021978
0.28888888888888886
0.2597402597402597
0.25
0.25
0.1951219512195122
0.2077922077922078
0.3561643835616438
0.2
0.18888888888888888
0.2717391304347826
0.20253164556962025
0.2054794520547945
0.3253012048192771
0.17647058823529413
0.21052631578947367
0.15555555555555556
0.38961038961038963
0.1891891891891892
0.30666666666666664
0.32926829268292684
0.19753086419753085
0.21333333333333335
0.1891891891891892
0.2328767123287671
0.16822429906542055
0.3064516129032258
0.21621621621621623
0.2765957446808511
0.38095238095238093
0.19101123595505617
0.21739130434782608
0.3108108108108108
0.2
0.16470588235294117
0.2542372881355932
0.2318840579710145
0.3611111111111111
0.20634920634920634
0.2191780821917808
0.18072289156626506
0.1951219512195122
0.1917808219178082
0.1956521739130435
0.2631578947368421
0.18888888888888888
0.16666666666666666
0.42424242424242425
0.2018348623853211
0.1728395061728395
0.2777777777777778
0.2926829268292683
0.19047619047619047
0.3333333333333333
0.2537313432835821
0.2727272727272727
0.21052631578947367
0.21978021978021978
0.19696969696969696
0.2542372881355932
0.234375
0.3194444444444444
0.29333333333333333
0.234375
0.2413793103448276
0.1875
0.29069767441860467
0.21621621621621623
0.22388059701492538
0.19230769230769232
0.21428571428571427
0.19696969696969696
0.19696969696969696
0.18666666666666668
0.20512820512820512
0.25925925925925924
0.28
0.35064935064935066
0.3472222222222222
0.19047619047619047
0.20833333333333334
0.23809523809523808
0.25
0.23684210526315788
0.1744186046511628
0.1951219512195122
0.22388059701492538
0.2
0.25882352941176473
0.22784810126582278
0.26436781609195403
0.1978021978021978
0.29347826086956524
0.35
0.20253164556962025
0.3150684931506849
0.23529411764705882
0.24242424242424243
0.18181818181818182
0.2125
0.3
0.20512820512820512
0.313953488372093
0.37037037037037035
0.1797752808988764
0.25263157894736843
0.2191780821917808
0.18840579710144928
0.25252525252525254
0.203125
0.21333333333333335
0.2077922077922078
0.18604651162790697
0.21333333333333335
0.2542372881355932
0.1875
0.20454545454545456
0.1919191919191919
0.23809523809523808
0.23076923076923078
0.3026315789473684
0.20238095238095238
0.1875
0.18181818181818182
0.33707865168539325
0.18072289156626506
0.28888888888888886
0.21333333333333335
0.22972972972972974
0.21621621621621623
0.24719101123595505
0.1917808219178082
0.3026315789473684
0.32142857142857145
0.23728813559322035
0.18292682926829268
0.30952380952380953
0.29347826086956524
0.20967741935483872
0.21518987341772153
0.2727272727272727
0.2318840579710145
0.2875
0.20253164556962025
0.2
0.22857142857142856
0.1744186046511628
0.17708333333333334
0.27380952380952384
0.19480519480519481
0.20833333333333334
0.21428571428571427
0.2894736842105263
0.20238095238095238
0.23809523809523808
0.32075471698113206
0.19117647058823528
0.2
0.21333333333333335
0.25555555555555554
0.20253164556962025
0.2823529411764706
0.4727272727272727
0.27956989247311825
0.2692307692307692
0.16666666666666666
0.16853932584269662
0.20512820512820512
0.3125
0.16666666666666666
0.22535211267605634
0.375
0.19318181818181818
0.2
0.32926829268292684
0.19480519480519481
0.225
0.18292682926829268
0.27184466019417475
0.19607843137254902
0.2777777777777778
0.19101123595505617
0.21212121212121213
0.27848101265822783
0.28378378378378377
0.234375
0.19444444444444445
0.2125
0.2459016393442623
0.2077922077922078
0.18840579710144928
0.2647058823529412
0.2916666666666667
0.32075471698113206
0.32786885245901637
0.20952380952380953
0.234375
0.2987012987012987
0.2542372881355932
0.19753086419753085
0.18947368421052632
0.21311475409836064
0.20512820512820512
0.18888888888888888
0.19736842105263158
0.16901408450704225
0.18666666666666668
0.2222222222222222
0.22033898305084745
0.34210526315789475
0.2073170731707317
0.19753086419753085
0.22972972972972974
0.20253164556962025
0.29411764705882354
0.22
0.2111111111111111
0.2727272727272727
0.22033898305084745
0.1875
0.21621621621621623
0.23880597014925373
0.1780821917808219
0.2631578947368421
0.2112676056338028
0.21518987341772153
0.21621621621621623
0.15476190476190477
0.2191780821917808
0.22058823529411764
0.1935483870967742
0.37333333333333335
0.4375
0.35294117647058826
0.19318181818181818
0.2753623188405797
0.2459016393442623
0.2608695652173913
0.2727272727272727
0.2549019607843137
0.25
0.17647058823529413
0.19318181818181818
0.4727272727272727
0.27906976744186046
0.2857142857142857
0.19696969696969696
0.18181818181818182
0.2125
0.18072289156626506
0.2153846153846154
0.21794871794871795
0.17307692307692307
0.17894736842105263
0.18018018018018017
0.16483516483516483
0.2028985507246377
0.20253164556962025
0.2857142857142857
0.19230769230769232
0.34615384615384615
0.18518518518518517
0.21052631578947367
0.1875
0.1978021978021978
0.42028985507246375
0.23809523809523808
0.19767441860465115
0.2459016393442623
0.25675675675675674
0.2
0.19230769230769232
0.2878787878787879
0.19101123595505617
0.19480519480519481
0.2692307692307692
0.20930232558139536
0.3064516129032258
0.21739130434782608
0.234375
0.2631578947368421
0.21428571428571427
0.2
0.42105263157894735
0.17721518987341772
0.28846153846153844
0.2459016393442623
0.25263157894736843
0.29347826086956524
0.27472527472527475
0.313953488372093
0.25675675675675674
0.22058823529411764
0.2361111111111111
0.19696969696969696
0.2916666666666667
0.2608695652173913
0.2459016393442623
0.203125
0.26666666666666666
0.21428571428571427
0.18018018018018017
0.25
0.26881720430107525
0.19230769230769232
0.19402985074626866
0.19767441860465115
0.1702127659574468
0.25806451612903225
0.20634920634920634
0.23255813953488372
0.2191780821917808
0.2222222222222222
0.23076923076923078
0.27586206896551724
0.21518987341772153
0.18518518518518517
0.2
0.1951219512195122
0.29591836734693877
0.19480519480519481
0.22535211267605634
0.2926829268292683
0.20238095238095238
0.25
0.2
0.2537313432835821
0.203125
0.2
0.18888888888888888
0.28169014084507044
0.2948717948717949
0.1794871794871795
0.19696969696969696
0.2222222222222222
0.22077922077922077
0.26373626373626374
0.2631578947368421
0.3064516129032258
0.18518518518518517
0.34177215189873417
0.1724137931034483
0.23809523809523808
0.19318181818181818
0.17857142857142858
0.2077922077922078
0.2459016393442623
0.2153846153846154
0.313953488372093
0.2
0.189873417721519
0.25555555555555554
0.19047619047619047
0.24096385542168675
0.2
0.1794871794871795
0.2222222222222222
0.16161616161616163
0.234375
0.5625
0.23076923076923078
0.19753086419753085
0.22535211267605634
0.2641509433962264
0.2073170731707317
0.19318181818181818
0.3333333333333333
0.18867924528301888
0.17777777777777778
0.28169014084507044
0.2
0.24358974358974358
0.19047619047619047
0.24193548387096775
0.23076923076923078
0.3058823529411765
0.4342105263157895
0.19480519480519481
0.23076923076923078
0.4090909090909091
0.22666666666666666
0.1935483870967742
0.2553191489361702
0.417910447761194
0.27941176470588236
0.4264705882352941
0.2073170731707317
0.25263157894736843
0.2
0.18072289156626506
0.35064935064935066
0.26785714285714285
0.26881720430107525
0.2054794520547945
0.24705882352941178
0.1717171717171717
0.2459016393442623
0.275
0.2
0.20833333333333334
0.16455696202531644
0.3291139240506329
0.2
0.2459016393442623
0.1927710843373494
0.22950819672131148
0.203125
0.2923076923076923
0.19753086419753085
0.21052631578947367
0.20512820512820512
0.19718309859154928
0.42857142857142855
0.21176470588235294
0.22727272727272727
0.4262295081967213
0.2236842105263158
0.2054794520547945
0.21428571428571427
0.25
0.4411764705882353
0.38461538461538464
0.2987012987012987
0.21333333333333335
0.19753086419753085
0.2413793103448276
0.22857142857142856
0.25263157894736843
0.29333333333333333
0.20238095238095238
0.2631578947368421
0.25
0.34177215189873417
0.2
0.2
0.1625
0.18421052631578946
0.23880597014925373
0.1956521739130435
0.23655913978494625
0.23943661971830985
0.2191780821917808
0.19753086419753085
0.30434782608695654
0.20987654320987653
0.25
0.2765957446808511
0.25882352941176473
0.18604651162790697
0.24561403508771928
0.2631578947368421
0.4716981132075472
0.19318181818181818
0.3333333333333333
0.1686746987951807
0.21333333333333335
0.17391304347826086
0.20512820512820512
0.19402985074626866
0.20512820512820512
0.16470588235294117
0.17333333333333334
0.26881720430107525
0.25316455696202533
0.22093023255813954
0.23880597014925373
0.18604651162790697
0.23076923076923078
0.19736842105263158
0.2
0.21153846153846154
0.2676056338028169
0.2
0.2631578947368421
0.2073170731707317
0.20512820512820512
0.25675675675675674
0.2073170731707317
0.1744186046511628
0.17857142857142858
0.26506024096385544
0.21782178217821782
0.20270270270270271
0.2
0.1917808219178082
0.33766233766233766
0.2597402597402597
0.1875
0.2564102564102564
0.18309859154929578
0.30434782608695654
0.3372093023255814
0.25609756097560976
0.21052631578947367
0.2459016393442623
0.15853658536585366
0.1926605504587156
0.18571428571428572
0.22321428571428573
0.2
0.3333333333333333
0.2236842105263158
0.19753086419753085
0.24193548387096775
0.20270270270270271
0.21359223300970873
0.1875
0.16
0.21794871794871795
0.3880597014925373
0.2077922077922078
0.17647058823529413
0.28846153846153844
0.45454545454545453
0.38571428571428573
0.20512820512820512
0.18461538461538463
0.2318840579710145
0.2976190476190476
0.275
0.2236842105263158
0.20224719101123595
0.2459016393442623
0.234375
0.2692307692307692
0.18461538461538463
0.24193548387096775
0.25
0.2
0.3113207547169811
0.22727272727272727
0.22535211267605634
0.2717391304347826
0.2459016393442623
0.2077922077922078
0.2537313432835821
0.16853932584269662
0.18478260869565216
0.19148936170212766
0.19718309859154928
0.234375
0.22429906542056074
0.3333333333333333
0.3055555555555556
0.2926829268292683
0.22413793103448276
0.2459016393442623
0.19047619047619047
0.17204301075268819
0.3287671232876712
0.313953488372093
0.3373493975903614
0.203125
0.23880597014925373
0.33707865168539325
0.25263157894736843
0.2153846153846154
0.23076923076923078
0.2553191489361702
0.18292682926829268
0.18571428571428572
0.352112676056338
0.2
0.18556701030927836
0.19444444444444445
0.2
0.21428571428571427
0.2
0.265625
0.26785714285714285
0.2948717948717949
0.2441860465116279
0.20512820512820512
0.24615384615384617
0.2054794520547945
0.2459016393442623
0.24242424242424243
0.19117647058823528
0.17204301075268819
0.22388059701492538
0.20253164556962025
0.32075471698113206
0.2
0.18681318681318682
0.24358974358974358
0.19736842105263158
0.2125
0.22077922077922077
0.19753086419753085
0.21052631578947367
0.2976190476190476
0.33707865168539325
0.19402985074626866
0.22077922077922077
0.2
0.2
0.2191780821917808
0.18556701030927836
0.15294117647058825
0.21052631578947367
0.25263157894736843
0.2696629213483146
0.20481927710843373
0.21428571428571427
0.2153846153846154
0.22857142857142856
0.23529411764705882
0.21333333333333335
0.2
0.2631578947368421
0.22950819672131148
0.34615384615384615
0.2631578947368421
0.42028985507246375
0.1935483870967742
0.22388059701492538
0.22033898305084745
0.21333333333333335
0.30985915492957744
0.2631578947368421
0.3013698630136986
0.20454545454545456
0.23076923076923078
0.30434782608695654
0.22077922077922077
0.3
0.24193548387096775
0.19540229885057472
0.19736842105263158
0.22535211267605634
0.19753086419753085
0.25
0.19736842105263158
0.2
0.24561403508771928
0.2823529411764706
0.2077922077922078
0.26582278481012656
0.21333333333333335
0.3380281690140845
0.2222222222222222
0.19402985074626866
0.19767441860465115
0.1839080459770115
0.2125
0.23529411764705882
0.20270270270270271
0.2345679012345679
0.24528301886792453
0.2727272727272727
0.16853932584269662
0.17567567567567569
0.2054794520547945
0.21782178217821782
0.2153846153846154
0.19753086419753085
0.19230769230769232
0.24468085106382978
0.18309859154929578
0.27941176470588236
0.18292682926829268
0.2625
0.20987654320987653
0.25
0.2153846153846154
0.17567567567567569
0.26666666666666666
0.18055555555555555
0.17857142857142858
0.24561403508771928
0.1797752808988764
0.28378378378378377
0.2073170731707317
0.2777777777777778
0.15702479338842976
0.234375
0.3333333333333333
0.36904761904761907
0.21428571428571427
0.22727272727272727
0.22535211267605634
0.18571428571428572
0.30337078651685395
0.31343283582089554
0.2894736842105263
0.1794871794871795
0.22
0.21621621621621623
0.18095238095238095
0.25396825396825395
0.3888888888888889
0.273972602739726
0.22535211267605634
0.1891891891891892
0.27848101265822783
0.4155844155844156
0.30120481927710846
0.2976190476190476
0.1744186046511628
0.2857142857142857
0.2857142857142857
0.2988505747126437
0.18072289156626506
0.2604166666666667
0.2875
0.2653061224489796
0.1827956989247312
0.24193548387096775
0.15217391304347827
0.22033898305084745
0.4852941176470588
0.2916666666666667
0.28378378378378377
0.22
0.2
0.18181818181818182
0.24489795918367346
0.21052631578947367
0.31343283582089554
0.1780821917808219
0.16666666666666666
0.1891891891891892
0.25925925925925924
0.1875
0.2073170731707317
0.23943661971830985
0.17857142857142858
0.2
0.23880597014925373
0.23232323232323232
0.3090909090909091
0.2682926829268293
0.21052631578947367
0.24193548387096775
0.234375
0.18181818181818182
0.3246753246753247
0.32967032967032966
0.19402985074626866
0.42857142857142855
0.3484848484848485
0.3076923076923077
0.26732673267326734
0.3064516129032258
0.3088235294117647
0.1927710843373494
0.1780821917808219
0.18556701030927836
0.1839080459770115
0.23809523809523808
0.18840579710144928
0.3125
0.24444444444444444
0.24358974358974358
0.33783783783783783
0.2542372881355932
0.23809523809523808
0.1686746987951807
0.3176470588235294
0.17894736842105263
0.17857142857142858
0.1927710843373494
0.2872340425531915
0.22535211267605634
0.21739130434782608
0.21794871794871795
0.29069767441860467
0.16326530612244897
0.17073170731707318
0.189873417721519
0.23809523809523808
0.14736842105263157
0.2
0.22105263157894736
0.2125
0.1891891891891892
0.2978723404255319
0.26373626373626374
0.21212121212121213
0.18840579710144928
0.19696969696969696
0.3
0.25925925925925924
0.25
0.24193548387096775
0.3125
0.27058823529411763
0.20454545454545456
0.18947368421052632
0.2
0.28125
0.26153846153846155
0.16901408450704225
0.18461538461538463
0.1958762886597938
0.2542372881355932
0.21052631578947367
0.25301204819277107
0.22857142857142856
0.2777777777777778
0.20224719101123595
0.19047619047619047
0.2857142857142857
0.18421052631578946
0.2631578947368421
0.189873417721519
0.21739130434782608
0.375
0.1891891891891892
0.34615384615384615
0.18518518518518517
0.20454545454545456
0.1951219512195122
0.25510204081632654
0.28888888888888886
0.20238095238095238
0.14772727272727273
0.20930232558139536
0.20833333333333334
0.1956521739130435
0.4
0.16666666666666666
0.2361111111111111
0.2542372881355932
0.1839080459770115
0.3333333333333333
0.43636363636363634
0.20512820512820512
0.24489795918367346
0.25333333333333335
0.28888888888888886
0.3150684931506849
0.1875
0.21428571428571427
0.29577464788732394
0.2
0.19480519480519481
0.20481927710843373
0.25925925925925924
0.2
0.21311475409836064
0.2696629213483146
0.20454545454545456
0.2777777777777778
0.30952380952380953
0.3
0.203125
0.2054794520547945
0.35526315789473684
0.21621621621621623
0.2222222222222222
0.2692307692307692
0.175
0.1797752808988764
0.2
0.22077922077922077
0.4727272727272727
0.19318181818181818
0.23684210526315788
0.2714285714285714
0.2875
0.19767441860465115
0.2459016393442623
0.27380952380952384
0.19540229885057472
0.2804878048780488
0.16101694915254236
0.33707865168539325
0.38666666666666666
0.4716981132075472
0.3055555555555556
0.1836734693877551
0.16483516483516483
0.1743119266055046
0.2222222222222222
0.19540229885057472
0.24561403508771928
0.17567567567567569
0.38666666666666666
0.32727272727272727
0.2077922077922078
0.2625
0.29069767441860467
0.18072289156626506
0.19047619047619047
0.21428571428571427
0.27450980392156865
0.20512820512820512
0.19791666666666666
0.2
0.35064935064935066
0.19318181818181818
0.20833333333333334
0.19230769230769232
0.25925925925925924
0.22388059701492538
0.1839080459770115
0.1780821917808219
0.25757575757575757
0.43478260869565216
0.25
0.38235294117647056
0.3170731707317073
0.21212121212121213
0.21621621621621623
0.20253164556962025
0.4225352112676056
0.26666666666666666
0.21621621621621623
0.2619047619047619
0.225
0.17699115044247787
0.3333333333333333
0.2542372881355932
0.2857142857142857
0.2222222222222222
0.20833333333333334
0.1839080459770115
0.19672131147540983
0.18518518518518517
0.19117647058823528
0.3037974683544304
0.17699115044247787
0.34545454545454546
0.18571428571428572
0.2564102564102564
0.3880597014925373
0.20588235294117646
0.1951219512195122
0.17333333333333334
0.21794871794871795
0.24691358024691357
0.18072289156626506
0.20253164556962025
0.16666666666666666
0.2542372881355932
0.25
0.234375
0.3125
0.2
0.29069767441860467
0.23076923076923078
0.19387755102040816
0.25287356321839083
0.2988505747126437
0.2125
0.1797752808988764
0.2692307692307692
0.24
0.21839080459770116
0.23809523809523808
0.2328767123287671
0.20238095238095238
0.1724137931034483
0.29333333333333333
0.24242424242424243
0.19402985074626866
0.23880597014925373
0.19230769230769232
0.2978723404255319
0.34782608695652173
0.19672131147540983
0.21621621621621623
0.1917808219178082
0.20454545454545456
0.1927710843373494
0.2
0.2840909090909091
0.18518518518518517
0.2073170731707317
0.2236842105263158
0.21333333333333335
0.24193548387096775
0.2361111111111111
0.17391304347826086
0.1935483870967742
0.31645569620253167
0.22857142857142856
0.25
0.1951219512195122
0.23809523809523808
0.20512820512820512
0.2222222222222222
0.2125
0.1485148514851485
0.19736842105263158
0.19047619047619047
0.4925373134328358
0.18840579710144928
0.18518518518518517
0.1951219512195122
0.3170731707317073
0.2638888888888889
0.19753086419753085
0.23333333333333334
0.18518518518518517
0.1839080459770115
0.22857142857142856
0.18571428571428572
0.16483516483516483
0.3253012048192771
0.17777777777777778
0.2318840579710145
0.625
0.1724137931034483
0.19540229885057472
0.2542372881355932
0.18571428571428572
0.1702127659574468
0.25
0.189873417721519
0.2714285714285714
0.18888888888888888
0.2112676056338028
0.20512820512820512
0.18072289156626506
0.21052631578947367
0.2459016393442623
0.2125
0.2289156626506024
0.24242424242424243
0.2
0.2459016393442623
0.23880597014925373
0.30851063829787234
0.17204301075268819
0.20689655172413793
0.21238938053097345
0.17647058823529413
0.33766233766233766
0.2545454545454545
0.22105263157894736
0.2638888888888889
0.14942528735632185
0.21212121212121213
0.3333333333333333
0.1592920353982301
0.20253164556962025
0.21333333333333335
0.18888888888888888
0.2543859649122807
0.21052631578947367
0.3064516129032258
0.2545454545454545
0.225
0.22535211267605634
0.3258426966292135
0.17525773195876287
0.2765957446808511
0.1951219512195122
0.18888888888888888
0.3068181818181818
0.2318840579710145
0.2765957446808511
0.225
0.22388059701492538
0.31343283582089554
0.24193548387096775
0.2608695652173913
0.19047619047619047
0.32727272727272727
0.3108108108108108
0.2535211267605634
0.18823529411764706
0.21518987341772153
0.25
0.2077922077922078
0.17272727272727273
0.345679012345679
0.26582278481012656
0.2558139534883721
0.19753086419753085
0.2647058823529412
0.2
0.20512820512820512
0.20270270270270271
0.22950819672131148
0.25862068965517243
0.1651376146788991
0.29411764705882354
0.17592592592592593
0.26666666666666666
0.2916666666666667
0.25
0.16483516483516483
0.20224719101123595
0.1875
0.23529411764705882
0.38028169014084506
0.36619718309859156
0.25316455696202533
0.22058823529411764
0.22413793103448276
0.25675675675675674
0.16666666666666666
0.22772277227722773
0.18072289156626506
0.2808988764044944
0.21794871794871795
0.2542372881355932
0.22077922077922077
0.1595744680851064
0.22033898305084745
0.3150684931506849
0.20987654320987653
0.3561643835616438
0.19402985074626866
0.24096385542168675
0.2857142857142857
0.19047619047619047
0.17721518987341772
0.25
0.30666666666666664
0.2625
0.2222222222222222
0.20512820512820512
0.2777777777777778
0.2
0.21333333333333335
0.2459016393442623
0.19117647058823528
0.2638888888888889
0.16666666666666666
0.21621621621621623
0.2
0.1951219512195122
0.22033898305084745
0.2717391304347826
0.4358974358974359
0.2571428571428571
0.24193548387096775
0.32558139534883723
0.2
0.2765957446808511
0.1927710843373494
0.2
0.234375
0.28888888888888886
0.26785714285714285
0.18
0.2112676056338028
0.3148148148148148
0.2631578947368421
0.17567567567567569
0.21052631578947367
0.19480519480519481
0.32432432432432434
0.15306122448979592
0.23529411764705882
0.21621621621621623
0.2328767123287671
0.2714285714285714
0.234375
0.2159090909090909
0.2753623188405797
0.23809523809523808
0.3972602739726027
0.25
0.1951219512195122
0.21739130434782608
0.28888888888888886
0.32098765432098764
0.16842105263157894
0.19767441860465115
0.2
0.32432432432432434
0.16161616161616163
0.6567164179104478
0.25263157894736843
0.3037974683544304
0.352112676056338
0.1927710843373494
0.27956989247311825
0.21794871794871795
0.3
0.20652173913043478
0.18181818181818182
0.1927710843373494
0.20270270270270271
0.28888888888888886
0.2077922077922078
0.21333333333333335
0.16326530612244897
0.19480519480519481
0.3448275862068966
0.2840909090909091
0.20253164556962025
0.21333333333333335
0.2073170731707317
0.28378378378378377
0.22580645161290322
0.17721518987341772
0.2222222222222222
0.22857142857142856
0.18461538461538463
0.2463768115942029
0.39344262295081966
0.19230769230769232
0.2542372881355932
0.25773195876288657
0.375
0.1935483870967742
0.2125
0.19718309859154928
0.1686746987951807
0.25316455696202533
0.2765957446808511
0.24193548387096775
0.20224719101123595
0.19753086419753085
0.2289156626506024
0.24285714285714285
0.19753086419753085
0.20512820512820512
0.23170731707317074
0.18604651162790697
0.1956521739130435
0.4
0.17391304347826086
0.3055555555555556
0.22058823529411764
0.2222222222222222
0.2619047619047619
0.19117647058823528
0.2
0.27956989247311825
0.25862068965517243
0.2978723404255319
0.21621621621621623
0.22388059701492538
0.19318181818181818
0.3389830508474576
0.28
0.20238095238095238
0.25
0.23076923076923078
0.3902439024390244
0.25396825396825395
0.18604651162790697
0.2441860465116279
0.23958333333333334
0.17105263157894737
0.2459016393442623
0.19318181818181818
0.19540229885057472
0.23636363636363636
0.19318181818181818
0.19753086419753085
0.15555555555555556
0.18478260869565216
0.21794871794871795
0.19047619047619047
0.20512820512820512
0.1827956989247312
0.14942528735632185
0.2
0.24615384615384617
0.19047619047619047
0.7843137254901961
0.28735632183908044
0.23880597014925373
0.20987654320987653
0.22388059701492538
0.17525773195876287
0.2
0.1956521739130435
0.3
0.24193548387096775
0.2839506172839506
0.24324324324324326
0.1891891891891892
0.21176470588235294
0.1836734693877551
0.2028985507246377
0.24528301886792453
0.21621621621621623
0.1935483870967742
0.20689655172413793
0.175
0.21052631578947367
0.26582278481012656
0.2702702702702703
0.2545454545454545
0.1951219512195122
0.19540229885057472
0.1978021978021978
0.25
0.1839080459770115
0.16483516483516483
0.18181818181818182
0.21333333333333335
0.23809523809523808
0.1891891891891892
0.3333333333333333
0.21739130434782608
0.19047619047619047
0.19767441860465115
0.21153846153846154
0.2
0.1875
0.19047619047619047
0.43636363636363634
0.19718309859154928
0.1595744680851064
0.203125
0.1927710843373494
0.2631578947368421
0.16483516483516483
0.18292682926829268
0.234375
0.1686746987951807
0.32857142857142857
0.1927710843373494
0.189873417721519
0.21052631578947367
0.35
0.3188405797101449
0.4
0.19318181818181818
0.2028985507246377
0.24705882352941178
0.25675675675675674
0.2
0.2714285714285714
0.2
0.2
0.22535211267605634
0.17525773195876287
0.22388059701492538
0.2786885245901639
0.2602739726027397
0.2
0.3698630136986301
0.2753623188405797
0.22321428571428573
0.20512820512820512
0.34177215189873417
0.32894736842105265
0.17333333333333334
0.2222222222222222
0.3064516129032258
0.2967032967032967
0.22535211267605634
0.2
0.42424242424242425
0.20270270270270271
0.28846153846153844
0.3974358974358974
0.24193548387096775
0.1839080459770115
0.16483516483516483
0.22388059701492538
0.20238095238095238
0.29347826086956524
0.2692307692307692
0.39436619718309857
0.2692307692307692
0.22972972972972974
0.23076923076923078
0.19811320754716982
0.2830188679245283
0.23076923076923078
0.16883116883116883
0.18461538461538463
0.16883116883116883
0.1724137931034483
0.2328767123287671
0.19318181818181818
0.21212121212121213
0.1590909090909091
0.19101123595505617
0.189873417721519
0.2
0.23076923076923078
0.18309859154929578
0.1958762886597938
0.2459016393442623
0.2926829268292683
0.2641509433962264
0.16666666666666666
0.25773195876288657
0.22033898305084745
0.4307692307692308
0.19718309859154928
0.20512820512820512
0.18604651162790697
0.2839506172839506
0.28846153846153844
0.17647058823529413
0.24193548387096775
0.19047619047619047
0.3880597014925373
0.17073170731707318
0.22972972972972974
0.24193548387096775
0.16842105263157894
0.18181818181818182
0.2647058823529412
0.2054794520547945
0.20833333333333334
0.3176470588235294
0.22429906542056074
0.2553191489361702
0.22916666666666666
0.25263157894736843
0.28846153846153844
0.2
0.2898550724637681
0.20634920634920634
0.24096385542168675
0.17142857142857143
0.3333333333333333
0.2261904761904762
0.26666666666666666
0.18627450980392157
0.19230769230769232
0.19230769230769232
0.2
0.25675675675675674
0.2463768115942029
0.2459016393442623
0.2727272727272727
0.2222222222222222
0.17567567567567569
0.35365853658536583
0.2073170731707317
0.23376623376623376
0.3392857142857143
0.21794871794871795
0.19736842105263158
0.32432432432432434
0.30985915492957744
0.22857142857142856
0.27472527472527475
0.16666666666666666
0.2553191489361702
0.16666666666666666
0.23529411764705882
0.2222222222222222
0.20987654320987653
0.2077922077922078
0.4153846153846154
0.19696969696969696
0.2125
0.19101123595505617
0.20481927710843373
0.19230769230769232
0.21333333333333335
0.19117647058823528
0.20224719101123595
0.2631578947368421
0.2028985507246377
0.1927710843373494
0.31645569620253167
0.20930232558139536
0.20454545454545456
0.1956521739130435
0.21428571428571427
0.1951219512195122
0.2222222222222222
0.18518518518518517
0.18947368421052632
0.20388349514563106
0.36486486486486486
0.3108108108108108
0.2736842105263158
0.32142857142857145
0.28378378378378377
0.17647058823529413
0.2111111111111111
0.20652173913043478
0.2077922077922078
0.1917808219178082
0.21621621621621623
0.24358974358974358
0.32
0.22857142857142856
0.24358974358974358
0.3880597014925373
0.22077922077922077
0.2777777777777778
0.2545454545454545
0.2191780821917808
0.18681318681318682
0.25675675675675674
0.2702702702702703
0.28846153846153844
0.2
0.3170731707317073
0.21739130434782608
0.2840909090909091
0.19318181818181818
0.234375
0.25
0.2545454545454545
0.15454545454545454
0.2077922077922078
0.19672131147540983
0.2
0.28169014084507044
0.2
0.18518518518518517
0.35714285714285715
0.23863636363636365
0.27906976744186046
0.22666666666666666
0.18478260869565216
0.3516483516483517
0.22916666666666666
0.29347826086956524
0.2537313432835821
0.21153846153846154
0.1978021978021978
0.168141592920354
0.23255813953488372
0.28378378378378377
0.25
0.45454545454545453
0.2631578947368421
0.2696629213483146
0.21052631578947367
0.2692307692307692
0.34782608695652173
0.18604651162790697
0.2361111111111111
0.28
0.2
0.3508771929824561
0.3373493975903614
0.20454545454545456
0.1978021978021978
0.2077922077922078
0.3472222222222222
0.19480519480519481
0.38235294117647056
0.19753086419753085
0.25316455696202533
0.20930232558139536
0.1951219512195122
0.22727272727272727
0.2542372881355932
0.25675675675675674
0.17142857142857143
0.1978021978021978
0.1978021978021978
0.17647058823529413
0.1875
0.23728813559322035
0.19753086419753085
0.35555555555555557
0.24528301886792453
0.16901408450704225
0.23529411764705882
0.2625
0.16049382716049382
0.17105263157894737
0.21333333333333335
0.25
0.21428571428571427
0.26785714285714285
0.20930232558139536
0.1724137931034483
0.24324324324324326
0.234375
0.22916666666666666
0.23376623376623376
0.225
0.2597402597402597
0.3064516129032258
0.2926829268292683
0.18181818181818182
0.18681318681318682
0.4716981132075472
0.27710843373493976
0.19753086419753085
0.2542372881355932
0.2028985507246377
0.2727272727272727
0.23170731707317074
0.2876712328767123
0.21052631578947367
0.2545454545454545
0.18461538461538463
0.1728395061728395
0.3058823529411765
0.16883116883116883
0.21621621621621623
0.38028169014084506
0.21621621621621623
0.32608695652173914
0.18309859154929578
0.20454545454545456
0.20253164556962025
0.2972972972972973
0.2727272727272727
0.20253164556962025
0.208955223880597
0.22784810126582278
0.1875
0.24390243902439024
0.2840909090909091
0.19753086419753085
0.16853932584269662
0.18604651162790697
0.28735632183908044
0.2191780821917808
0.20930232558139536
0.32710280373831774
0.27380952380952384
0.6617647058823529
0.6338028169014085
0.21428571428571427
0.22727272727272727
0.17045454545454544
0.32894736842105265
0.2717391304347826
0.29545454545454547
0.21875
0.16901408450704225
0.1625
0.31343283582089554
0.34615384615384615
0.2972972972972973
0.16494845360824742
0.2459016393442623
0.1917808219178082
0.2191780821917808
0.2222222222222222
0.33766233766233766
0.2
0.19090909090909092
0.15730337078651685
0.19230769230769232
0.2222222222222222
0.21428571428571427
0.22388059701492538
0.22857142857142856
0.20987654320987653
0.25
0.18055555555555555
0.2222222222222222
0.3333333333333333
0.19753086419753085
0.25
0.16049382716049382
0.25
0.2
0.18888888888888888
0.18421052631578946
0.18666666666666668
0.35064935064935066
0.2028985507246377
0.1728395061728395
0.2033898305084746
0.2112676056338028
0.2542372881355932
0.2159090909090909
0.2222222222222222
0.25
0.30120481927710846
0.22058823529411764
0.2222222222222222
0.2
0.208955223880597
0.20689655172413793
0.29545454545454547
0.20588235294117646
0.22388059701492538
0.234375
0.22950819672131148
0.189873417721519
0.2692307692307692
0.1978021978021978
0.28378378378378377
0.22916666666666666
0.1839080459770115
0.189873417721519
0.25
0.20512820512820512
0.21794871794871795
0.24193548387096775
0.1927710843373494
0.22972972972972974
0.3522727272727273
0.21951219512195122
0.2
0.21739130434782608
0.17333333333333334
0.2077922077922078
0.26785714285714285
0.20238095238095238
0.20512820512820512
0.25
0.32857142857142857
0.23076923076923078
0.2727272727272727
0.2
0.34615384615384615
0.2537313432835821
0.2653061224489796
0.27586206896551724
0.1919191919191919
0.24752475247524752
0.3064516129032258
0.28205128205128205
0.22857142857142856
0.22580645161290322
0.22033898305084745
0.296875
0.22535211267605634
0.2
0.26666666666666666
0.2765957446808511
0.2
0.22535211267605634
0.2112676056338028
0.32051282051282054
0.18556701030927836
0.21052631578947367
0.2967032967032967
0.2222222222222222
0.25510204081632654
0.22727272727272727
0.23076923076923078
0.2318840579710145
0.2558139534883721
0.2
0.225
0.23684210526315788
0.18292682926829268
0.20512820512820512
0.3
0.20833333333333334
0.18181818181818182
0.17857142857142858
0.3
0.20481927710843373
0.2222222222222222
0.234375
0.2441860465116279
0.18181818181818182
0.2222222222222222
0.2268041237113402
0.2717391304347826
0.21794871794871795
0.19318181818181818
0.2631578947368421
0.2916666666666667
0.2972972972972973
0.3058823529411765
0.2077922077922078
0.20454545454545456
0.19753086419753085
0.22388059701492538
0.27450980392156865
0.2641509433962264
0.26881720430107525
0.2727272727272727
0.16666666666666666
0.19387755102040816
0.16483516483516483
0.25
0.2839506172839506
0.21686746987951808
0.3108108108108108
0.21311475409836064
0.21518987341772153
0.15306122448979592
0.23809523809523808
0.19767441860465115
0.2676056338028169
0.30434782608695654
0.19696969696969696
0.234375
0.234375
0.2916666666666667
0.28
0.26785714285714285
0.35714285714285715
0.19753086419753085
0.2537313432835821
0.2676056338028169
0.25675675675675674
0.21052631578947367
0.19387755102040816
0.22727272727272727
0.28735632183908044
0.25
0.23809523809523808
0.42424242424242425
0.21333333333333335
0.24242424242424243
0.19753086419753085
0.2077922077922078
0.3108108108108108
0.19318181818181818
0.21052631578947367
0.18518518518518517
0.1978021978021978
0.23076923076923078
0.23809523809523808
0.2054794520547945
0.20952380952380953
0.2153846153846154
0.1926605504587156
0.21794871794871795
0.22857142857142856
0.3870967741935484
0.22077922077922077
0.2328767123287671
0.19402985074626866
0.189873417721519
0.2403846153846154
0.18055555555555555
0.2631578947368421
0.23809523809523808
0.2318840579710145
0.3880597014925373
0.3561643835616438
0.21875
0.21621621621621623
0.2916666666666667
0.22535211267605634
0.3373493975903614
0.28888888888888886
0.16831683168316833
0.2328767123287671
0.2631578947368421
0.2413793103448276
0.15294117647058825
0.4339622641509434
0.2972972972972973
0.2222222222222222
0.21686746987951808
0.22666666666666666
0.2857142857142857
0.1935483870967742
0.30337078651685395
0.18072289156626506
0.2608695652173913
0.2676056338028169
0.3
0.2077922077922078
0.44285714285714284
0.20512820512820512
0.24489795918367346
0.25
0.20987654320987653
0.22388059701492538
0.2804878048780488
0.3064516129032258
0.2875
0.25925925925925924
0.2
0.32051282051282054
0.34444444444444444
0.23684210526315788
0.2692307692307692
0.1724137931034483
0.22857142857142856
0.32941176470588235
0.2077922077922078
0.2
0.20224719101123595
0.18681318681318682
0.2
0.2153846153846154
0.2
0.2191780821917808
0.22058823529411764
0.22727272727272727
0.24390243902439024
0.21875
0.19101123595505617
0.2112676056338028
0.2077922077922078
0.2692307692307692
0.23595505617977527
0.32142857142857145
0.34285714285714286
0.29411764705882354
0.21686746987951808
0.2692307692307692
0.32954545454545453
0.2948717948717949
0.22077922077922077
0.20512820512820512
0.3373493975903614
0.2736842105263158
0.41333333333333333
0.21794871794871795
0.21333333333333335
0.20238095238095238
0.27941176470588236
0.2318840579710145
0.2
0.23943661971830985
0.19736842105263158
0.2028985507246377
0.1686746987951807
0.18604651162790697
0.3333333333333333
0.32432432432432434
0.2112676056338028
0.21333333333333335
0.275
0.26
0.1728395061728395
0.3108108108108108
0.2
0.2318840579710145
0.21794871794871795
0.2542372881355932
0.2222222222222222
0.27906976744186046
0.30612244897959184
0.29577464788732394
0.23880597014925373
0.1951219512195122
0.20512820512820512
0.19047619047619047
0.2318840579710145
0.2976190476190476
0.22388059701492538
0.2191780821917808
0.18518518518518517
0.4264705882352941
0.21686746987951808
0.16666666666666666
0.2608695652173913
0.16842105263157894
0.1956521739130435
0.2
0.2736842105263158
0.16470588235294117
0.21311475409836064
0.19117647058823528
0.2625
0.2222222222222222
0.20588235294117646
0.18461538461538463
0.24719101123595505
0.2459016393442623
0.1744186046511628
0.20481927710843373
0.19718309859154928
0.21333333333333335
0.2753623188405797
0.26785714285714285
0.25882352941176473
0.17333333333333334
0.19718309859154928
0.27058823529411763
0.20967741935483872
0.20689655172413793
0.2077922077922078
0.37681159420289856
0.23809523809523808
0.2111111111111111
0.2558139534883721
0.21052631578947367
0.2153846153846154
0.19101123595505617
0.2857142857142857
0.21794871794871795
0.23076923076923078
0.2289156626506024
0.16666666666666666
0.22413793103448276
0.2
0.2537313432835821
0.2112676056338028
0.22018348623853212
0.20192307692307693
0.21621621621621623
0.2857142857142857
0.2054794520547945
0.21686746987951808
0.24242424242424243
0.2808988764044944
0.2736842105263158
0.19626168224299065
0.19696969696969696
0.3026315789473684
0.18584070796460178
0.24444444444444444
0.19696969696969696
0.18292682926829268
0.20987654320987653
0.21875
0.18478260869565216
0.2755102040816326
0.18604651162790697
0.3194444444444444
0.18072289156626506
0.18840579710144928
0.19753086419753085
0.18461538461538463
0.15217391304347827
0.1794871794871795
0.2
0.4025974025974026
0.1956521739130435
0.3103448275862069
0.22727272727272727
0.2804878048780488
0.25
0.21176470588235294
0.1744186046511628
0.1927710843373494
0.22580645161290322
0.3230769230769231
0.3064516129032258
0.23636363636363636
0.17567567567567569
0.20909090909090908
0.26666666666666666
0.26666666666666666
0.2318840579710145
0.30303030303030304
0.203125
0.15217391304347827
0.26153846153846155
0.2553191489361702
0.3246753246753247
0.2463768115942029
0.26582278481012656
0.17073170731707318
0.2
0.2714285714285714
0.1595744680851064
0.2916666666666667
0.28888888888888886
0.24358974358974358
0.2054794520547945
0.19480519480519481
0.2125
0.19230769230769232
0.28169014084507044
0.17333333333333334
0.21333333333333335
0.17391304347826086
0.20454545454545456
0.3076923076923077
0.2717391304347826
0.2
0.2967032967032967
0.2112676056338028
0.2
0.225
0.2926829268292683
0.16666666666666666
0.19230769230769232
0.2714285714285714
0.24358974358974358
0.24390243902439024
0.21568627450980393
0.18292682926829268
0.23958333333333334
0.27472527472527475
0.23376623376623376
0.19230769230769232
0.24468085106382978
0.19047619047619047
0.21875
0.16470588235294117
0.2545454545454545
0.25316455696202533
0.19230769230769232
0.23076923076923078
0.2641509433962264
0.21333333333333335
0.345679012345679
0.17777777777777778
0.2641509433962264
0.21428571428571427
0.20512820512820512
0.21176470588235294
0.21052631578947367
0.1568627450980392
0.1827956989247312
0.20270270270270271
0.23728813559322035
0.2535211267605634
0.21428571428571427
0.24193548387096775
0.2
0.21428571428571427
0.19117647058823528
0.22058823529411764
0.18947368421052632
0.21052631578947367
0.3157894736842105
0.2692307692307692
0.22857142857142856
0.2696629213483146
0.23809523809523808
0.3333333333333333
0.1978021978021978
0.23076923076923078
0.22666666666666666
0.19480519480519481
0.2
0.21052631578947367
0.21794871794871795
0.3380281690140845
0.22058823529411764
0.1956521739130435
0.2839506172839506
0.1566265060240964
0.21052631578947367
0.18840579710144928
0.23076923076923078
0.2236842105263158
0.2727272727272727
0.3333333333333333
0.19480519480519481
0.3835616438356164
0.3333333333333333
0.20512820512820512
0.2808988764044944
0.21428571428571427
0.42424242424242425
0.3684210526315789
0.22857142857142856
0.1917808219178082
0.28
0.23333333333333334
0.25862068965517243
0.19117647058823528
0.1978021978021978
0.29347826086956524
0.23943661971830985
0.2714285714285714
0.20253164556962025
0.22413793103448276
0.18571428571428572
0.2
0.3333333333333333
0.17333333333333334
0.2916666666666667
0.1794871794871795
0.29411764705882354
0.19318181818181818
0.2413793103448276
0.30985915492957744
0.21621621621621623
0.1927710843373494
0.19767441860465115
0.25925925925925924
0.17592592592592593
0.3246753246753247
0.21428571428571427
0.19718309859154928
0.48
0.2537313432835821
0.2
0.25862068965517243
0.18292682926829268
0.3333333333333333
0.30985915492957744
0.2318840579710145
0.2459016393442623
0.21621621621621623
0.32432432432432434
0.1917808219178082
0.17857142857142858
0.3253012048192771
0.1875
0.35
0.1927710843373494
0.32
0.2
0.1595744680851064
0.2916666666666667
0.34375
0.24193548387096775
0.19753086419753085
0.27586206896551724
0.1724137931034483
0.1935483870967742
0.2
0.24074074074074073
0.2653061224489796
0.2898550724637681
0.24691358024691357
0.23333333333333334
0.3194444444444444
0.25609756097560976
0.18823529411764706
0.19736842105263158
0.2328767123287671
0.1590909090909091
0.19753086419753085
0.25396825396825395
0.19444444444444445
0.2191780821917808
0.2077922077922078
0.25842696629213485
0.1686746987951807
0.23809523809523808
0.26582278481012656
0.3283582089552239
0.2717391304347826
0.20253164556962025
0.32432432432432434
0.22058823529411764
0.2361111111111111
0.2542372881355932
0.25316455696202533
0.16666666666666666
0.35135135135135137
0.21739130434782608
0.25333333333333335
0.410958904109589
0.17567567567567569
0.23595505617977527
0.24691358024691357
0.28
0.18604651162790697
0.18269230769230768
0.2222222222222222
0.16883116883116883
0.2222222222222222
0.225
0.3939393939393939
0.1651376146788991
0.18823529411764706
0.23076923076923078
0.22666666666666666
0.21518987341772153
0.547945205479452
0.22857142857142856
0.19480519480519481
0.234375
0.3466666666666667
0.21333333333333335
0.20238095238095238
0.1875
0.1951219512195122
0.1686746987951807
0.27848101265822783
0.18840579710144928
0.25
0.26785714285714285
0.21686746987951808
0.18947368421052632
0.3880597014925373
0.2537313432835821
0.21518987341772153
0.19718309859154928
0.19753086419753085
0.22666666666666666
0.23809523809523808
0.20512820512820512
0.17647058823529413
0.2714285714285714
0.19480519480519481
0.208955223880597
0.22857142857142856
0.234375
0.3157894736842105
0.16883116883116883
0.28205128205128205
0.16666666666666666
0.18421052631578946
0.19148936170212766
0.175
0.23809523809523808
0.22857142857142856
0.21875
0.22988505747126436
0.23636363636363636
0.17777777777777778
0.19753086419753085
0.1590909090909091
0.18681318681318682
0.22727272727272727
0.2692307692307692
0.2542372881355932
0.25675675675675674
0.1839080459770115
0.2840909090909091
0.1728395061728395
0.26881720430107525
0.24691358024691357
0.22413793103448276
0.3103448275862069
0.2413793103448276
0.1566265060240964
0.2153846153846154
0.20212765957446807
0.19767441860465115
0.15217391304347827
0.23809523809523808
0.18292682926829268
0.234375
0.36904761904761907
0.19047619047619047
0.1836734693877551
0.20224719101123595
0.2
0.2894736842105263
0.32857142857142857
0.3670886075949367
0.18518518518518517
0.2736842105263158
0.2
0.20930232558139536
0.2
0.3611111111111111
0.30612244897959184
0.17777777777777778
0.21
0.20253164556962025
0.1956521739130435
0.17391304347826086
0.2169811320754717
0.17333333333333334
0.21052631578947367
0.19607843137254902
0.19718309859154928
0.2777777777777778
0.20512820512820512
0.25
0.19047619047619047
0.4634146341463415
0.2222222222222222
0.28846153846153844
0.2
0.2631578947368421
0.189873417721519
0.21
0.23529411764705882
0.19130434782608696
0.19718309859154928
0.22950819672131148
0.26436781609195403
0.2857142857142857
0.2692307692307692
0.2727272727272727
0.1951219512195122
0.2727272727272727
0.2191780821917808
0.2222222222222222
0.2727272727272727
0.2463768115942029
0.273972602739726
0.20481927710843373
0.2692307692307692
0.18888888888888888
0.20512820512820512
0.2631578947368421
0.22535211267605634
0.22916666666666666
0.22388059701492538
0.18888888888888888
0.2967032967032967
0.189873417721519
0.2191780821917808
0.2875
0.18072289156626506
0.23076923076923078
0.3142857142857143
0.175
0.23214285714285715
0.32926829268292684
0.24096385542168675
0.19696969696969696
0.2631578947368421
0.2553191489361702
0.15294117647058825
0.3333333333333333
0.1839080459770115
0.2077922077922078
0.25
0.32857142857142857
0.203125
0.28846153846153844
0.21428571428571427
0.2033898305084746
0.2542372881355932
0.2
0.2077922077922078
0.2413793103448276
0.28378378378378377
0.17105263157894737
0.22058823529411764
0.31343283582089554
0.1728395061728395
0.32098765432098764
0.3026315789473684
0.23529411764705882
0.2692307692307692
0.2537313432835821
0.27906976744186046
0.1797752808988764
0.19402985074626866
0.2191780821917808
0.26373626373626374
0.29411764705882354
0.28735632183908044
0.22388059701492538
0.2717391304347826
0.2191780821917808
0.2753623188405797
0.208955223880597
0.21428571428571427
0.21518987341772153
0.3108108108108108
0.4444444444444444
0.24705882352941178
0.19444444444444445
0.22535211267605634
0.352112676056338
0.2
0.36585365853658536
0.2222222222222222
0.234375
0.3064516129032258
0.1744186046511628
0.2840909090909091
0.1951219512195122
0.25333333333333335
0.4716981132075472
0.18681318681318682
0.20634920634920634
0.1794871794871795
0.27586206896551724
0.2318840579710145
0.22857142857142856
0.2028985507246377
0.16883116883116883
0.22413793103448276
0.189873417721519
0.21333333333333335
0.2
0.2631578947368421
0.21739130434782608
0.21052631578947367
0.20238095238095238
0.25
0.3939393939393939
0.22
0.25333333333333335
0.24193548387096775
0.5416666666666666
0.21176470588235294
0.5512820512820513
0.18518518518518517
0.2077922077922078
0.18181818181818182
0.17567567567567569
0.20512820512820512
0.1875
0.2112676056338028
0.5797101449275363
0.42857142857142855
0.2318840579710145
0.19753086419753085
0.23076923076923078
0.1917808219178082
0.20987654320987653
0.2077922077922078
0.2972972972972973
0.3142857142857143
0.234375
0.2830188679245283
0.21739130434782608
0.1917808219178082
0.1951219512195122
0.16470588235294117
0.3561643835616438
0.3472222222222222
0.28169014084507044
0.22916666666666666
0.2
0.6825396825396826
0.234375
0.21686746987951808
0.3090909090909091
0.28846153846153844
0.4426229508196721
0.32926829268292684
0.15625
0.2
0.2054794520547945
0.21518987341772153
0.18888888888888888
0.2857142857142857
0.2077922077922078
0.2112676056338028
0.2653061224489796
0.2318840579710145
0.35
0.22580645161290322
0.1797752808988764
0.19540229885057472
0.26666666666666666
0.25609756097560976
0.2
0.2875
0.25
0.225
0.19767441860465115
0.25
0.21621621621621623
0.203125
0.21176470588235294
0.3170731707317073
0.19736842105263158
0.2736842105263158
0.2727272727272727
0.22972972972972974
0.23170731707317074
0.3170731707317073
0.25675675675675674
0.3333333333333333
0.1794871794871795
0.22807017543859648
0.2222222222222222
0.4264705882352941
0.1744186046511628
0.16666666666666666
0.25862068965517243
0.19540229885057472
0.28
0.20253164556962025
0.3253012048192771
0.18604651162790697
0.19767441860465115
0.17894736842105263
0.25609756097560976
0.2702702702702703
0.19767441860465115
0.21739130434782608
0.3064516129032258
0.2077922077922078
0.17857142857142858
0.43636363636363634
0.2077922077922078
0.20481927710843373
0.15178571428571427
0.21348314606741572
0.17708333333333334
0.2191780821917808
0.3595505617977528
0.2
0.3409090909090909
0.21333333333333335
0.2
0.1625
0.3246753246753247
0.1875
0.21333333333333335
0.18627450980392157
0.18888888888888888
0.1780821917808219
0.21153846153846154
0.29213483146067415
0.20430107526881722
0.16666666666666666
0.3176470588235294
0.19718309859154928
0.26785714285714285
0.2077922077922078
0.2153846153846154
0.43478260869565216
0.19540229885057472
0.26582278481012656
0.21875
0.2361111111111111
0.2619047619047619
0.31645569620253167
0.2
0.22535211267605634
0.2537313432835821
0.24193548387096775
0.20833333333333334
0.2
0.21794871794871795
0.18867924528301888
0.2054794520547945
0.21794871794871795
0.2558139534883721
0.18867924528301888
0.3142857142857143
0.22058823529411764
0.3125
0.1794871794871795
0.24242424242424243
0.2777777777777778
0.2222222222222222
0.2808988764044944
0.29347826086956524
0.2054794520547945
0.3064516129032258
0.19480519480519481
0.23076923076923078
0.19480519480519481
0.2
0.36363636363636365
0.1978021978021978
0.18292682926829268
0.2840909090909091
0.22093023255813954
0.2236842105263158
0.2159090909090909
0.18181818181818182
0.2
0.2903225806451613
0.20253164556962025
0.19047619047619047
0.2948717948717949
0.19402985074626866
0.2714285714285714
0.23809523809523808
0.18571428571428572
0.3194444444444444
0.16666666666666666
0.16049382716049382
0.1724137931034483
0.20634920634920634
0.20833333333333334
0.16883116883116883
0.18461538461538463
0.2153846153846154
0.2727272727272727
0.21052631578947367
0.21428571428571427
0.2
0.2236842105263158
0.20634920634920634
0.18085106382978725
0.28
0.2804878048780488
0.21311475409836064
0.1927710843373494
0.23728813559322035
0.23529411764705882
0.20253164556962025
0.19753086419753085
0.18478260869565216
0.4727272727272727
0.2876712328767123
0.21052631578947367
0.2
0.2028985507246377
0.18666666666666668
0.2830188679245283
0.234375
0.2545454545454545
0.26785714285714285
0.2413793103448276
0.2558139534883721
0.20930232558139536
0.2875
0.1956521739130435
0.32432432432432434
0.22077922077922077
0.2191780821917808
0.29411764705882354
0.16304347826086957
0.2727272727272727
0.22950819672131148
0.17777777777777778
0.19753086419753085
0.25862068965517243
0.2878787878787879
0.2727272727272727
0.16981132075471697
0.2191780821917808
0.2
0.2571428571428571
0.21153846153846154
0.175
0.19753086419753085
0.31343283582089554