6.0000400000000065
6.883200000000008
2.29472
4.812120000000005
4.5073200000000035
2.8462000000000014
4.991700000000004
4.270400000000003
3.9502200000000025
4.936900000000006
3.9611000000000036
3.5934000000000026
3.8050000000000033
4.009800000000003
3.556600000000002
5.1070000000000055
4.503700000000004
4.619000000000004
3.150300000000002
4.7835000000000045
4.026100000000003
2.702700000000001
5.630640000000005
1.9351
4.338820000000004
4.321600000000003
3.777700000000003
3.625600000000002
3.9784000000000046
3.719400000000002
2.8307000000000015
5.192900000000005
4.010500000000003
3.246200000000001
4.766640000000005
3.710300000000003
4.358400000000004
1.1702999999999997
4.6956200000000035
4.6956200000000035
4.962900000000006
3.9148000000000023
4.7588000000000035
2.639900000000001
4.9600200000000045
5.0915200000000045
3.552800000000002
3.456400000000002
3.330000000000001
4.414000000000002
2.2689000000000004
0.9137999999999997
3.5934000000000026
3.269700000000002
4.223900000000004
3.373300000000002
4.368500000000006
2.6198000000000006
4.421800000000003
4.159100000000004
4.567300000000004
4.806900000000004
5.299500000000006
4.555900000000005
4.668400000000004
3.177200000000002
6.546800000000007
3.6145000000000023
3.9870000000000028
4.249500000000004
3.0703000000000014
4.089400000000003
4.304900000000003
4.582320000000004
5.478800000000005
3.7237000000000027
4.568700000000004
4.455220000000004
4.9024000000000045
3.799700000000003
3.6320000000000023
4.556600000000004
3.5985000000000023
4.269900000000003
3.248700000000002
3.6860000000000026
3.1045000000000016
3.217100000000001
2.3199000000000005
4.875900000000004
4.263200000000004
3.346400000000002
5.037120000000004
2.7939000000000007
5.061200000000006
3.9802000000000035
2.5907
2.908500000000002
5.285320000000006
4.8990000000000045
2.9565400000000013
3.0934000000000017
5.003400000000005
2.7150000000000007
2.6186000000000007
3.4677000000000016
2.549100000000001
5.414500000000006
3.0646400000000016
6.047320000000005
3.147680000000001
7.379000000000008
6.553020000000008
3.9832000000000027
5.2435000000000045
4.648400000000005
5.845500000000006
3.275800000000002
5.7636000000000065
5.840900000000006
3.7170000000000023
4.482600000000004
3.783000000000003
4.421500000000001
4.034580000000003
3.924500000000004
2.7950800000000013
4.613120000000005
4.122200000000004
3.4392200000000033
3.3930000000000016
2.9217000000000013
4.602700000000004
2.814
3.217200000000002
6.174620000000006
3.3164000000000016
3.6822000000000026
3.5839000000000025
2.3369
3.432520000000002
3.7168000000000028
4.191800000000004
5.3708200000000055
4.528100000000003
4.505600000000003
5.725400000000005
5.687700000000006
3.865420000000003
4.9287000000000045
3.167580000000002
4.985600000000005
2.6800000000000015
4.2584000000000035
4.188600000000004
3.490800000000002
5.870700000000007
3.429420000000002
3.8522000000000016
3.155700000000002
4.095800000000003
3.2382000000000017
5.160220000000004
4.324900000000004
2.6651000000000007
5.071200000000005
5.158020000000005
3.597100000000003
5.533520000000005
4.755000000000004
4.696000000000004
3.5401000000000025
4.110220000000003
3.4802000000000017
3.592900000000003
3.121200000000001
4.904400000000004
3.8957000000000033
4.213760000000003
4.632100000000005
2.9796000000000014
4.909420000000004
6.110140000000007
4.974000000000005
0.5567000000000012
2.2085800000000004
6.574900000000007
4.754900000000004
5.452900000000003
3.4040000000000026
3.7032000000000025
3.0477000000000016
4.445800000000004
3.432520000000002
2.162
4.090620000000003
3.4901000000000018
3.1834200000000017
4.171500000000003
3.6682000000000023
2.724100000000001
5.725400000000005
4.161400000000002
4.695000000000003
5.090020000000004
4.5408200000000045
5.063000000000005
4.204200000000004
3.147680000000002
3.499200000000001
2.845900000000001
2.8536400000000013
4.482600000000004
5.088000000000005
4.5530000000000035
7.106200000000007
3.5711800000000027
6.106300000000004
3.5385000000000018
4.276920000000003
6.471900000000006
3.2395000000000023
3.066300000000002
3.3988000000000023
3.765100000000003
4.594000000000005
4.694900000000004
3.3522000000000016
3.1945000000000014
3.1377000000000015
3.3065000000000024
5.757000000000007
5.7430000000000065
3.6860000000000026
3.900800000000002
6.298100000000006
4.318700000000003
4.017700000000003
3.027400000000002
3.660300000000002
2.2922000000000002
3.309300000000002
4.6590200000000035
4.385220000000004
4.457300000000004
3.6513000000000018
4.878680000000003
5.031920000000004
2.3762000000000008
3.5029200000000023
2.8640000000000008
3.474400000000002
4.306100000000004
3.6601000000000026
3.313600000000002
3.6049000000000024
2.0252799999999995
5.310400000000004
3.6472400000000027
3.194700000000002
1.7576999999999998
4.384900000000004
3.699900000000002
4.762600000000004
3.3099000000000016
5.119020000000004
3.7650000000000023
5.351300000000005
3.7977000000000025
5.387600000000004
3.7417200000000026
5.167620000000005
1.7719
3.0234000000000014
3.552800000000002
4.070200000000003
4.9024000000000045
5.469700000000004
6.191620000000005
3.092500000000002
2.1906
4.833820000000005
6.401220000000006
4.539200000000004
5.109700000000005
2.9697000000000013
4.401220000000004
4.353300000000003
1.6282
3.6244000000000014
5.9961000000000055
4.127900000000003
5.681920000000006
4.770200000000004
1.9653800000000001
3.4567000000000014
4.709640000000004
3.2390000000000017
5.489800000000004
5.319680000000005
3.4167000000000023
4.018900000000002
4.7854000000000045
2.9422000000000015
2.1755000000000004
4.127400000000003
5.452900000000003
4.085920000000003
4.265700000000003
5.754200000000004
3.4823400000000015
1.9514999999999998
3.588300000000004
4.394100000000004
4.546600000000003
3.900800000000003
5.037120000000004
4.678900000000003
3.980380000000003
2.1443000000000003