14
6
13
6
14
13
6
9
10
10
9
9
10
6
7
6
6
6
10
6
14
9
11
16
9
9
9
9
17
10
6
6
6
9
9
14
6
6
6
6
10
9
6
11
6
10
6
6
9
9
15
10
9
9
14
10
17
9
6
9
6
9
17
10
6
6
13
10
9
6
6
6
9
6
10
6
10
14
6
6
6
6
11
10
14
12
6
6
9
10
6
6
11
6
6
6
9
6
9
6
10
6
6
6
9
12
12
11
6
11
6
13
14
6
6
10
6
9
14
6
21
8
14
6
10
17
6
9
10
14
9
6
9
9
13
14
18
18
10
6
6
10
9
14
9
9
6
6
6
9
10
6
6
6
6
9
10
14
9
9
6
9
10
6
9
8
6
7
14
6
8
10
10
10
6
10
9
10
10
9
6
9
8
10
6
6
6
9
9
18
13
18
6
6
10
6
9
10
10
6
6
6
10
9
11
9
10
10
6
11
10
9
10
6
10
6
13
9
9
15
9
6
6
6
6
6
6
6
6
6
6
10
9
11
10
14
6
10
6
10
10
9
11
7
10
13
9
9
6
6
6
6
11
9
13
6
6
14
6
6
6
9
9
8
9
14
10
9
21
6
14
11
10
6
6
6
6
10
6
19
9
6
10
9
6
6
6
9
6
9
6
6
11
14
6
9
6
9
6
9
10
15
6
10
6
13
9
6
10
9
11
6
17
6
13
10
11
9
6
14