552.6260000000002
508.5780000000003
488.59200000000027
435.56800000000015
512.6830000000003
237.36799999999997
538.2820000000002
512.1450000000003
452.5620000000002
443.63500000000033
385.8510000000001
355.869
249.37299999999996
449.33800000000025
399.5100000000001
368.5240000000001
421.5410000000001
514.5960000000001
333.42800000000005
364.9170000000001
311.4540000000001
427.4800000000002
537.7370000000002
353.4660000000001
397.5190000000001
350.43699999999995
461.3930000000002
486.5760000000002
357.425
417.55300000000017
340.8510000000001
472.4520000000003
348.84900000000005
350.4660000000001
457.6440000000002
341.79400000000004
499.44200000000023
328.4340000000001
331.4630000000001
331.463
469.6290000000002
326.82700000000006
378.90700000000015
453.56800000000027
473.56800000000015
472.5110000000002
465.5730000000002
321.85200000000003
452.53000000000026
385.30500000000006
397.5000000000003
179.21899999999997
355.869
448.3080000000001
309.4340000000001
435.54900000000015
371.45200000000006
379.4890000000001
363.5300000000001
363.48600000000005
356.47300000000007
445.3940000000002
423.5120000000002
459.5900000000002
429.9920000000002
319.4120000000001
512.5000000000003
362.47300000000007
369.44000000000005
494.6060000000002
258.39
444.5790000000001
340.8540000000001
514.0290000000002
456.4170000000002
292.83500000000004
329.5090000000001
478.62200000000036
432.0330000000002
302.4210000000001
493.38900000000007
397.5440000000001
440.56900000000024
439.5310000000002
313.8320000000001
407.5580000000001
340.471
395.47800000000007
221.34799999999998
473.61700000000025
413.9490000000002
395.54700000000014
489.6450000000003
319.41200000000003
388.40800000000013
307.3970000000001
308.385
357.376
416.95600000000013
458.42500000000024
351.4500000000002
410.5620000000001
453.6300000000001
421.5380000000001
440.5190000000002
289.44800000000004
339.4100000000001
489.68500000000023
360.52300000000014
527.6160000000001
240.3499999999999
522.5640000000003
554.7640000000002
419.5690000000001
495.4540000000003
415.59900000000016
521.6520000000003
217.356
454.61400000000026
363.9290000000001
288.3940000000001
375.944
355.8210000000001
361.39300000000003
493.4050000000002
279.383
249.33499999999998
488.4550000000002
332.44700000000006
312.4420000000001
270.37600000000003
347.2420000000001
383.923
372.27000000000004
303.45600000000013
548.6630000000002
281.39900000000006
330.37800000000004
379.48500000000007
241.33800000000002
285.387
459.5500000000002
432.3510000000001
525.7260000000001
382.8910000000001
323.8270000000001
506.47700000000026
414.59300000000013
451.5370000000002
399.9470000000002
418.54100000000017
352.522
400.2600000000001
471.60100000000017
309.45300000000003
461.39700000000016
490.51900000000035
305.37700000000007
289.382
437.5400000000002
347.4620000000001
321.42400000000004
450.5860000000002
423.60100000000017
322.4120000000001
341.88200000000006
462.54100000000017
339.842
501.57800000000015
438.7860000000002
343.4170000000001
393.4870000000001
424.57000000000016
395.24000000000007
456.5380000000001
263.34400000000005
378.541
336.4830000000001
520.7220000000004
501.0780000000003
499.5870000000004
456.59000000000015
521.6780000000001
540.7520000000004
341.4330000000001
266.34799999999996
477.6520000000002
463.3840000000002
340.87900000000013
294.398
389.5430000000001
251.32899999999998
461.5280000000001
285.387
205.301
332.451
291.3980000000001
349.81400000000014
498.4210000000002
395.5510000000001
293.798
506.47700000000026
478.6620000000003
354.8810000000001
465.64800000000014
355.86900000000014
503.6130000000003
309.45300000000003
228.339
330.4350000000001
429.53600000000023
423.5170000000003
387.9550000000001
477.0480000000002
482.42200000000014
490.69100000000026
427.55200000000013
375.3240000000001
326.8310000000001
528.6820000000002
518.1260000000002
421.5410000000001
307.82500000000005
405.5420000000001
387.911
379.5000000000001
268.35599999999994
451.54600000000016
318.42400000000015
268.36
264.372
477.65200000000027
426.60400000000016
407.55800000000016
460.6220000000003
386.5640000000002
392.5430000000002
430.47400000000005
367.49300000000005
392.59100000000024
350.46600000000007
375.39800000000014
439.6290000000002
369.55300000000017
486.3530000000001
292.382
349.8650000000001
522.7190000000004
334.4230000000001
332.4510000000001
452.5990000000003
360.46100000000007
431.50200000000007
336.43500000000006
271.4080000000001
348.42500000000007
186.25799999999995
471.55200000000013
336.439
303.4090000000001
236.31499999999997
323.46100000000007
341.8420000000001
389.8980000000001
326.8310000000001
512.6830000000002
397.95000000000016
458.58100000000024
320.43600000000004
483.4430000000002
441.6010000000003
477.60900000000015
191.27399999999997
266.38800000000003
465.57300000000026
348.8490000000001
465.5940000000002
537.2850000000002
521.5810000000001
294.398
311.36400000000015
375.51600000000013
524.5210000000003
426.5640000000001
351.881
327.42400000000004
347.4620000000001
376.2870000000001
451.54300000000035
436.53100000000023
371.524
349.5030000000001
494.06400000000014
328.45600000000013
359.4490000000002
424.52000000000015
361.48900000000015
391.47100000000006
357.9290000000001
425.5110000000002
395.52800000000013
310.8280000000001
361.88800000000003
233.35499999999996
221.29999999999998
411.54900000000015
340.87900000000013
319.832
315.482
402.32100000000014
474.63800000000026
219.284
343.398
355.865
473.59200000000027
441.54700000000014
489.64500000000027
386.2890000000001
290.40999999999997
288.3910000000001