0.24774177907873168
0.3829284740648539
0.3833906437724769
0.4496604037128842
0.2798363526260147
0.7839965488478094
0.39892484019082913
0.48734209661547945
0.4775579764852323
0.5603963010820434
0.7390365366774212
0.8190253279231594
0.7668316264832223
0.3927541867014163
0.6897473643310241
0.5966660766331066
0.47421957561258776
0.42897047012831063
0.7502439326862055
0.5374937733585292
0.8335242706897212
0.5535609855403538
0.19805202430892924
0.8831423888921255
0.6966341487213706
0.7382845060775182
0.5010939207211613
0.35847911777591407
0.6277982043478446
0.5676455890719206
0.8355826926800201
0.48965845608371106
0.7840947323164447
0.6933374394939558
0.3942748138396912
0.7218752711598541
0.48237082073711846
0.7751498496172248
0.6910296250697181
0.6910296250697182
0.4369600204742813
0.7655577339249169
0.7107281984927802
0.617342444131016
0.35861407336181117
0.46300787496690204
0.4390395293081643
0.848841132690908
0.43418712027875533
0.7010431919894293
0.8593442589231717
0.5185574975804789
0.8190253279231594
0.5742365490505916
0.6704607954279367
0.6313296848892266
0.5848612408316128
0.7580283892502305
0.6733384946649114
0.6958632330693217
0.6878618396044566
0.5137177323368626
0.3830000570445986
0.462555849211526
0.6078462653965165
0.7408479929095387
0.2652988199002176
0.7520976894149399
0.6677975209080032
0.5596817107336731
0.8345841759963373
0.5040142809218203
0.7455978331547657
0.3942834063457935
0.47864848430255347
0.8505279174507089
0.7376711013702264
0.2711079576423856
0.7058578605690846
0.690043406654229
0.4509513522503186
0.5214961780899209
0.5862004199362375
0.476350293231074
0.8004791906295722
0.7318387345469285
0.7479443171998711
0.7634482407563192
0.760591731480472
0.45033404460370935
0.6798719349394932
0.6268918874756843
0.2537353928411275
0.8031865503123741
0.60389485946139
0.7309122767262053
0.7807243505570033
0.9013890967800063
0.4515855204757697
0.5256489483090644
0.9234380797091273
0.6440181847797374
0.34649088484428475
0.6311239073842871
0.501852584612475
0.9161851833040597
0.8384032633370019
0.39632768138655455
0.823194249790842
0.21554262202692429
0.8112130356570725
0.20133198910359093
0.17317650002728868
0.35941414673837946
0.4870666470982471
0.5981202254298766
0.34459366740878916
0.7313836028089878
0.446168749384724
0.4681063831119149
0.6119183346650044
0.7750849621795015
0.6200863614081701
0.43041976642477936
0.5618267920493278
0.9002107356482252
0.7571618838863213
0.3731491711529946
0.7145809430538705
0.8082561901210404
0.7447079703995552
0.8598510559963802
0.6309103208148907
0.6629503823919486
0.8018193624796007
0.17777781571885745
0.7948759778688474
0.8352948647626097
0.5317901375792591
0.8907479865357445
0.7160018339194508
0.4021976495400511
0.5073693305109103
0.2102608008585277
0.6741791623858663
0.7689440441565034
0.32877167504750765
0.40017670834062014
0.624531819820073
0.5872308167084268
0.6466766754288711
0.578144704760871
0.5900130717074135
0.3537125787411878
0.8646915663127632
0.6448995151805658
0.4455501265721782
0.6286974614642982
0.7938735775122909
0.48039102664810085
0.7289334377840931
0.77509917850094
0.4408323142992927
0.642316052805522
0.739277058498859
0.7692791574014997
0.35868163365416766
0.8376741429220893
0.2556827620326975
0.6608337933029349
0.7980306041406153
0.6198740929907759
0.6675140913528351
0.7795191955004807
0.40147529379471825
0.7700545493130767
0.6341308836877345
0.8990507772645728
0.6289233664726205
0.3849129884321033
0.31365406675498003
0.352594618191363
0.2773421741570045
0.3177308935436713
0.7869434425499668
0.9261567157919222
0.24173459036336686
0.531743641777686
0.6296084132783779
0.8440185607544991
0.7219788197607481
0.7776073803326541
0.442929917799446
0.7160018339194508
0.8161822345192299
0.721443851082879
0.7977766740898624
0.6059866500208066
0.5302579133739204
0.7720322656074718
0.929979631503212
0.32877167504750765
0.4521864104649523
0.7154974154026885
0.27986459960468074
0.7494381186005368
0.5515142394656802
0.86403761220422
0.7943227348702616
0.7686185649249567
0.5981897175131259
0.5646840179139155
0.7608958975856187
0.5163157587714763
0.5368678337515246
0.24265862451297707
0.5645929756934126
0.5493657254758538
0.7477035374690796
0.27317206556118756
0.2582832013883592
0.36256080034272137
0.8578420416955705
0.5130645417436852
0.6914173988704793
0.4969358291974026
0.8437589261286292
0.5058036472070606
0.7382076800515368
0.7959456207108071
0.7721939306159407
0.311571152729047
0.41916572236313704
0.6561862849461378
0.561419633690113
0.5215544587722212
0.4460031993377475
0.5543051924191107
0.7287013232479291
0.7296876736628403
0.8295126527562594
0.7039704793089036
0.4112421605450945
0.7436406770647478
0.5421466536856407
0.7698972566326683
0.731943291842527
0.405378569935335
0.9325193815868476
0.730696141441448
0.5907873547140705
0.696812086890712
0.7061723129604444
0.7642984153684504
0.8313657739557225
0.7210297758100401
0.7280217620233033
0.5019458822720768
0.616483519168215
0.8855016538352793
0.6199156932769007
0.7727730904138499
0.7633851757740313
0.7226348774196921
0.7375770724766862
0.2515651133676068
0.8337924162419471
0.3864771407563315
0.7385820096640278
0.4369492591849496
0.4262477597137382
0.27044568210811504
0.7689522318626447
0.84234198198695
0.4390395293081641
0.7317851192769271
0.3732766120020771
0.45345125451428886
0.2001331275451646
0.8036262979518564
0.6949244681973844
0.6705762948405103
0.20684954190915947
0.4712839749513489
0.7078908989608699
0.8488413444227773
0.7603501904409923
0.7145699822401183
0.3785142501737846
0.5032213485781319
0.4505726789966775
0.6903853333963326
0.24357666610578674
0.7838840019454588
0.8065605683282586
0.5815308825331933
0.7315983853784208
0.8538211403915862
0.7840617900417441
0.4342391216561136
0.6790325185029635
0.7947531162646359
0.7479030042875592
0.7895184521172587
0.8487807054177341
0.6198320420214057
0.6296084132783779
0.70624845192233
0.8604750415603676
0.6057958546915252
0.396015731902492
0.7886541029820668
0.833289510293664
0.5691934340810058
0.4079921689210388
0.5670224084042909
0.2537353928411275
0.7103623703215204
0.8513165042875975
0.9263371311928468