3.1101475389991267
2.5206175131451527
2.5859288550254327
2.2415091369368803
2.836405715288281
3.443335679100924
2.41979689090895
3.4258279133714895
2.3237707847307085
2.885288129005822
2.514900255898393
2.2572763152072017
2.7513266417076547
2.38912742640335
1.9041792072355115
1.9848482040033204
2.16755678897856
2.7570200215427736
3.6456916042312297
1.9009106061878196
2.919413883727417
2.3882437036023987
2.8996567031666984
3.8666082340421033
2.6769237839789017
3.8450245835051557
2.8233288142797495
2.496363205254303
3.282221125871586
1.9901282175499873
2.9323351515855016
2.6914608431193177
1.8703679688251817
1.99925985909403
3.7856142533927137
2.223903707000053
2.741862656278011
1.989699628373197
1.9661067455321515
2.013716932642339
2.239441023207551
2.6532132227680485
2.073299087446589
2.6811096332147955
3.552745270427308
2.5966316652544403
2.404017553961479
2.7058110434907316
2.729064122321196
2.208136979814194
3.0048711925050977
2.91885820554357
2.260491278326274
2.318508559675063
2.5084668668021415
2.390546745953305
3.272675186603534
3.060077878911226
2.446415992335682
2.4919815374157075
2.2740893503482447
2.179620982340312
3.262377522345396
2.4016789385768647
3.1052359510378142
2.035394342451557
3.1069600126119603
2.040655465246008
2.2441904214290638
2.9408441032751576
1.6918436311201202
2.041267849521832
2.1550804962977104
2.4469496405219253
2.0747929343716276
1.8190157017662756
2.778363854226143
3.0723097637516883
2.2141651930144377
2.366036831797363
1.976949425004543
2.280332475153857
2.4293346456940146
2.4823781090080477
2.7477327321867566
2.0982027040668623
1.9560346041600116
2.802196563869156
3.390113419177389
2.334006979773335
2.7240058204948827
1.879526459982765
2.5770303523820886
2.397028957836172
2.752070232233418
2.496486930164469
2.179777555779264
2.518699368044775
2.2446950117591697
2.0794914095782353
2.166281181771353
1.9848037286236995
2.149895486939391
1.984044902985545
2.8012283584657958
3.139203481695411
5.679388037014826
2.416698678173944
2.666244691711386
2.6805526775659967
2.5917930531242916
2.4846116149578066
3.099100596281657
2.252765411125644
3.101358773783108
2.78287418381019
2.3187716312224893
2.1175832579570297
3.015545752804085
1.9786290677262812
2.463109629376106
4.139941246474486
3.023763922480617
2.5948166180808006
2.3570247858741986
2.850718444188855
2.4682081203020942
3.8885486095901687
1.7491711945966006
2.6852735975713724
2.4614704512618832
2.881253351183039
2.2625339462586638
2.566657420032657
3.3752083638399384
3.032265451829539
2.468616804844592
3.5458701521538947
2.3694058819179418
1.9783077336842219
1.6176465980996646
2.473858938576864
2.1144706675823937
2.8914661766770333
2.275715902666425
2.241148596503246
2.292778316182993
3.038626774521755
2.6984835955427897
2.4564170860983765
2.327531395910089
1.851377181771353
2.7744288295523116
2.015490080888876
1.991135926819986
2.614390825469295
2.9868663835239566
2.9488534064649485
2.1383583222217215
2.3913720533615663
2.0234206137240154
2.3365218614114696
2.079766938576862
1.9957078994065949
2.080605935084277
3.782507716099917
3.6930026682038877
2.2088845282185883
2.7293711397124056
2.3156598523549707
3.684998556938784
2.227149627403577
3.0220799659115745
2.817921218463759
2.9004376928689446
2.1177704107760533
3.976178784060729
2.2955989284843366
3.4230675487447852
2.4661392805632296
2.5768002154139538
2.289714784730709
3.648817618275295
2.9300475105205575
2.5667065801569287
2.300904061362754
2.470164801770995
2.9747170597421526
3.0780211244361793
3.3329222579524433
2.69876924467672
2.6189940474109097
2.2630968555454203
1.6176465980996646
2.5386716101168343
2.1414701550955613
1.7534163641797633
2.9822780393516712
2.1949645852053017
2.260010717585626
2.862058388857214
2.32579324830969
3.35866116572144
2.6093648445037996
2.7430186982060842
2.2968858515612585
3.2433054111518924
2.6346035786807924
2.5048980672026158
2.2184906207920267
2.968526808334097
2.5866003819240753
4.908004064747398
2.548578237545936
2.172072934371627
3.045236218785351
2.494070744032598
3.1312264243599257
2.208775067091482
2.868598624229479
2.714831733357986
2.2169606266793203
2.774752845197682
2.151530796663918
2.255117570229629
2.3163596814148004
2.809496888288818
2.332415083859658
1.8454866501438651
2.1619919361997813
2.3861987158607985
2.1085772388666086
2.2124974216103404
2.1324782285423876
3.057906540964752
2.7032922652576463
2.5480800803526726
2.202886244656849
1.7754192432401652
2.775617766196241
2.1316362826704545
2.2146580297700904
2.7110474098961053
3.633490209263627
2.636167025838432
2.7499215330012206
2.3390634595696884
3.378038908421873
2.117347390022795
1.908370155095561
2.0954077384988334
1.9183136541457149
2.2590300648815678
2.188779581803619
3.172150166045544
2.018942975977147
2.652647446480165
2.5149564300135037
2.301908348926906
2.533396107815463
2.8219340758368396
2.2013001802136536
2.380317858935074
3.732587187925607
2.236620089715915
3.0074794751732554
2.4809650245876487
2.192294630884554
2.698017852931356
2.1604948915519664
2.8528546757072153
2.592915358157283
2.556754810457651
1.684147086134594
2.4005684770384015
1.7235453314625442
2.3097643092062334
2.3374104321677045
4.307739590860767
2.821290851183038
2.4295255195801673
2.301499289503189
3.5208217863844125
2.281980041991078
2.495928319570014
2.312512039589768
2.2517161291397745
2.486435851561259
2.6173545410866073
2.5936952939507645
2.020166519021636
1.8136770823304893
2.5474174560593816
2.778969365133147
2.5143723767133963
2.851905236060217
2.270344305033289
3.4696415610974984
2.2637541467795526
2.59397516301787
2.1107402369703543
2.577282883813977
2.0555339284843352
2.503281740672003
2.5825485362342455
2.106625442732833
3.072303477377355
1.684482251417526
2.9790980627214996
4.029549909819098
2.8451798365360474
2.805173619846286
3.2884466147883096
1.893899313099718
2.90309586674036
2.4501224625268705
2.5824615741015453
2.3089864303636443
2.3758138837274174
3.1745807423517025