64
53
58
47
61
22
42
53
53
49
41
38
26
55
42
43
46
63
38
36
32
48
61
44
45
45
51
56
41
44
36
44
36
42
52
39
54
37
40
38
51
40
44
57
54
58
52
33
52
41
47
21
36
37
35
52
42
42
41
39
43
48
53
50
45
39
56
40
39
64
28
49
41
60
46
27
33
51
44
35
41
41
56
44
35
43
33
47
22
53
44
40
53
42
37
38
38
42
47
43
43
45
50
45
52
30
46
51
37
63
29
55
63
44
54
47
59
22
52
36
35
45
43
21
50
32
33
47
36
35
33
35
39
35
31
62
29
38
45
31
27
51
45
61
47
39
53
49
55
42
45
38
31
53
33
55
49
39
38
46
41
39
53
48
34
38
53
36
58
44
41
41
50
33
53
35
46
37
66
56
51
51
60
59
38
34
55
51
34
32
43
29
51
27
21
38
37
43
49
41
31
53
55
42
52
41
63
33
26
39
47
48
46
57
48
57
50
39
38
62
55
46
32
44
42
44
33
53
39
29
29
53
46
41
56
43
45
48
38
43
37
45
52
46
45
35
43
61
39
38
48
42
48
42
28
41
21
53
37
35
27
35
41
43
35
58
43
50
41
51
47
56
20
30
50
36
51
51
59
32
35
43
58
46
43
34
41
44
42
49
43
40
56
35
44
49
44
47
43
53
48
33
39
23
24
47
36
30
32
45
54
25
40
41
55
45
55
38
33
32