72.87
26.790000000000006
84.11
50.97
67.15
12.47
35.580000000000005
101.21
74.25
29.950000000000003
59.750000000000014
26.790000000000006
3.24
78.72
44.81
6.48
50.97
67.15
70.0
6.48
19.37
83.73
64.66
57.5
45.230000000000004
39.26
71.6
96.62
52.93000000000001
44.81
61.8
37.39
15.71
44.39
46.84
53.68
68.7
75.71000000000001
21.060000000000002
21.060000000000002
36.02
39.26
55.04
90.56
46.84
57.7
62.63
26.79
80.83000000000001
39.26
69.72
66.48
26.790000000000006
33.010000000000005
20.310000000000002
60.93
52.93000000000001
61.36000000000001
28.16
26.790000000000006
44.85
51.370000000000005
63.93000000000001
49.160000000000004
53.60000000000001
46.84
9.72
35.94
50.52000000000001
67.15
6.48
57.7
39.26
79.26
35.580000000000005
6.48
12.47
86.00999999999999
35.580000000000005
29.259999999999998
44.81
41.74
87.32
58.06
11.41
36.02
40.63
52.650000000000006
21.060000000000002
61.88
36.02
44.81
69.21000000000001
48.050000000000004
9.72
34.2
55.39000000000001
47.02000000000001
23.78
28.6
44.81
48.050000000000004
35.580000000000005
61.88
80.82999999999998
42.150000000000006
40.540000000000006
36.02
35.94
59.980000000000004
27.03
9.72
72.0
44.81
48.470000000000006
46.61
44.81
3.24
52.57000000000001
3.24
8.17
26.79
38.77
9.23
68.6
23.47
57.93
59.980000000000004
15.71
30.870000000000005
28.26
61.80000000000001
31.64
36.67
11.41
72.87
12.47
15.71
55.2
22.27
30.49
83.73
43.86000000000001
64.66
45.33
31.92
35.580000000000005
32.34
54.260000000000005
26.79
59.81
32.34
41.57000000000001
61.88
23.47
60.400000000000006
29.950000000000003
29.54
31.92
63.27000000000001
41.3
42.5
48.47
44.81
33.010000000000005
12.47
47.09
26.790000000000006
59.980000000000004
35.580000000000005
12.47
58.06
69.03
41.49
78.27000000000001
31.92
39.26
41.050000000000004
68.2
30.260000000000005
74.11
42.24
46.84
59.05000000000001
101.73
46.06
32.510000000000005
51.370000000000005
16.130000000000003
15.71
31.64
23.47
44.81
30.49
21.259999999999998
33.95
22.27
55.84
54.040000000000006
53.52
35.580000000000005
35.580000000000005
91.48
39.26
59.980000000000004
41.29
52.57000000000001
23.47
27.03
49.84
57.2
72.2
26.79
43.78
44.81
32.34
55.510000000000005
16.130000000000003
35.160000000000004
76.38
35.580000000000005
61.88
26.79
44.81
36.02
46.61
40.46
62.63
24.3
25.240000000000002
8.17
35.580000000000005
32.34
36.02
62.81
6.48
40.620000000000005
41.370000000000005
44.81
35.74
39.68000000000001
37.19
59.980000000000004
26.79
41.57
37.05
42.82
110.17
59.370000000000005
24.3
57.28
41.49
26.790000000000006
48.489999999999995
20.540000000000003
32.260000000000005
35.82
35.5
62.83
42.15
58.72
23.47
52.15
32.7
23.78
72.0
35.580000000000005
42.32
28.259999999999998
48.470000000000006
69.21000000000001
59.980000000000004
21.259999999999998
6.48
62.63
15.71
60.2
44.81
59.980000000000004
15.71
36.67
41.290000000000006
46.84
44.53000000000001
31.92
41.93000000000001
41.290000000000006
52.15
74.11
60.6
12.47
19.37
59.980000000000004
6.48
53.82
60.6
41.290000000000006
61.88
31.92
57.74
43.86
24.92
23.47
21.259999999999998
32.7
35.580000000000005
16.130000000000003
30.49
23.47
36.61
77.55
32.7
52.93000000000001
37.38
44.81
54.040000000000006
69.21000000000001
36.61
27.03
41.57