-0.3005585965726155
-0.341846935808819
-0.27386853297106745
-0.35058667126142795
-0.3212837413210012
-0.46744835564712284
-0.24611515887209334
-0.28448983228720637
-0.5323242916020092
-0.4437727640791609
-0.4108818513682463
-0.38371039732140816
-0.3747981492897093
-0.5116682739625947
-0.8277821558302207
-0.37733469994447183
-0.2646342078171889
-0.2307195060919874
-0.2984182933407074
-0.3509820502323173
-0.5844186140068925
-0.22051237059701143
-0.4817764988384779
-0.16620020944168634
-0.3899566419153562
-0.2495245716902518
-0.355111965387314
-0.17199084458807926
-0.3573738187403949
-0.4113501829560846
-0.290639722121393
-0.5788454107584028
-0.1824902132784132
-0.4199363534658588
-0.24771998218384145
-0.18038679522273904
-0.3769422823998809
-0.5204039566276399
-0.4719361544318889
-0.31772170111425013
-0.27190437184186045
-0.43064993239628774
-0.30095808611309455
-0.39213541260916923
-0.37846041711962813
-0.33947700928092556
-0.2648790652777933
-0.43986491940439976
-0.3391737243474082
-0.33537800825583436
-0.24427585200379018
-0.34499399349861076
-0.41201219604129896
-0.33479809034611635
-0.216847911534576
-0.3677205395959426
-0.3412532490280377
-0.3559937843723067
-0.4396913531687814
-0.3333277897593696
-0.6283537734313595
-0.3241082484952733
-0.2611130056420701
-0.17624102035670886
-0.3740823394776705
-0.3318550815340358
-0.38843575199098157
-0.47403029973020216
-0.4325217340219142
-0.17430578192186308
-0.425930775137446
-0.35824930278216593
-0.2364185607290298
-0.11512111189876482
-0.4618959474440629
-0.4761306527738766
-0.2966598773105735
-0.3294991266086275
-0.39511808191335646
-0.22776849074399916
-0.369036729608116
-0.3738555326066844
-0.19484143997817885
-0.3699145653065178
-0.6540493258367727
-0.5791223814012277
-0.32335223207873653
-0.25094189650635007
-0.2814325471807908
-0.3586478118942227
-0.3483026273985942
-0.31319163557048
-0.2851224596807298
-0.34644534709042435
-0.3200969003401738
-0.3329337366611961
-0.2815492268655112
-0.3187296618042224
-0.3957642663191933
-0.5338645325818396
-0.2275959719210634
-0.3661046525025811
-0.3158061271265513
-0.4361403447940521
-0.5771931715928734
-0.40642221880677515
-0.4075032721071536
-0.3120052538318726
-0.3377073716288414
-0.29085410762231734
-0.297975390709872
-0.3239138947850734
-0.19735937498058903
-0.25824518643791816
-0.4175177699663983
-0.7944364814985809
-0.3358731617130355
-0.3490423362542131
-0.25795740571517256
-0.25882705839716363
-0.2708618960007847
-0.5335967500154353
-0.3110919832748095
-0.30385834749196416
-0.33577021911170873
-0.44218372335204736
-0.266078423518858
-0.21094143059265966
-0.32398318562942
-0.6280045469174906
-0.4006949511806333
-0.21141064510497878
-0.22442532340842605
-0.4955442969405426
-0.3173811068081487
-0.41624021532024147
-0.2034781011939148
-0.37322488636530154
-0.30577893045485943
-0.3792536344707131
-0.47987447408729256
-0.234275590976719
-0.32338647568730966
-0.3183900365072339
-0.4888286772378099
-0.3933993736373433
-0.5867364447013542
-0.24767392821095754
-0.5433904821038104
-0.2799189975238006
-0.3277826608112082
-0.36359414283788877
-0.4739536480844959
-0.40383902997206045
-0.338152326495129
-0.462947440405983
-0.2644552853366201
-0.35283271990153586
-0.30378388731012657
-0.4249296608520572
-0.480371630314921
-0.3514444878062471
-0.6890657005761747
-0.10001687191608548
-0.2428444120082624
-0.38097972417234083
-0.7306448182872674
-0.5563180502474944
-0.22622608953065731
-0.4824193165369283
-0.5043725587586919
-0.37994809585036615
-0.41013569212272805
-0.2957843313209093
-0.3649464078728088
-0.35225581865425937
-0.4082149041343061
-0.2615668206383629
-0.39119152894810755
-0.2461002326345628
-0.286320947713788
-0.38813467255624545
-0.6387765292832825
-0.4100539220632841
-0.49401539554226387
-0.47681374001981
-0.17447155074611753
-0.29298634832882336
-0.344803387705936
-0.24094172047732285
-0.31769162532162554
-0.5782477773223761
-0.3664927627417389
-0.5177122154598943
-0.3412044876948006
-0.3533179828202297
-0.4207700043884034
-0.3442197963081043
-0.4100879243498868
-0.26543750803126226
-0.3529651288717105
-0.32721473857782074
-0.3349894421631295
-0.2701467736850799
-0.27749169769882664
-0.464016677063114
-0.29547102753467563
-0.6386777151734956
-0.3717426013227803
-0.24161683569869127
-0.3622029229447001
-0.4107521836138468
-0.6747376739390587
-0.23808636903661368
-0.2657014581079475
-0.10191416088704705
-0.4361199206266538
-0.2920118521482929
-0.31945751265775923
-0.35577889258862894
-0.2889927414720721
-0.24210281506846548
-0.2626318590895827
-0.44825638036477067
-0.36069982888487456
-0.42667878162754497
-0.370262540286069
-0.32167313049376367
-0.2646233695535109
-0.329877814140953
-0.7192809925646065
-0.4044056991576854
-0.4100142709556101
-0.40237617310231144
-0.3619046671361704
-0.3296872912380103
-0.4134365957864396
-0.30459688969261667
-0.688650244212278
-0.30577122211559526
-0.5330739304326234
-0.3109766181792618
-0.1379609833876285
-0.27560794584313925
-0.37993535380580096
-0.38863325980325547
-0.3823240412865598
-0.3465548758932852
-0.24762305704927873
-0.4391433390261773
-0.3087471941987855
-0.4206642986445028
-0.3837725089625183
-0.2462245869481837
-0.3039286599108214
-0.3444029195141558
-0.21596755070648177
-0.36572934177110583
-0.3906484132479645
-0.45080214761780907
-0.39494797617233107
-0.3097348579207279
-0.3205811449787801
-0.3524227353245088
-0.28793588188503016
-0.4274587382416841
-0.34640024682063164
-0.27411803467177526
-0.30323177736400025
-0.2692677598414114
-0.40055688077810075
-0.5402976923437229
-0.34220845297656394
-0.445730501908757
-0.4613167887015812
-0.30124773805758626
-0.34179628494623787
-0.262041292314973
-0.3210424784933417
-0.34831676374212295
-0.3807396579824982
-0.3730917046174679
-0.4496106295604879
-0.39513017141576046
-0.31982892467393464
-0.4093862687704195
-0.4980202680804911
-0.3689564681873409
-0.500939223440925
-0.46665822991439204
-0.4755381010109147
-0.22444428808360328
-0.4913309649214149
-0.4099062268547649
-0.49239918752081274
-0.28876533350036454
-0.3059217507205898
-0.45249677951520795
-0.5441332941343717
-0.4828136885549916
-0.4314041833724622
-0.4462344847317483
-0.30743589230800844
-0.4016825982081769
-0.36549348002800536
-0.4777221356305657
-0.32061638561751477
-0.43969352626829183
-0.30372762947342596
-0.292844939980912
-0.2789452389053611
-0.3802279245900636
-0.2570062921132898
-0.33199947643009614
-0.3519518312941332
-0.7403528927265234
-0.5381608420436832
-0.46531323184428225
-0.2722867344905794
-0.39386014225720173