-0.2834519481883633
-0.3699428930776958
-0.544185890367011
-0.3419090432768798
-0.4387493409293897
-0.16177623768791735
-0.4219846443580276
-0.3129166990096401
-0.3625189310182048
-0.5280546510524194
-0.5768108969734219
-0.4302151757885554
-0.26982889771263435
-0.40174092918319715
-0.23186188953584658
-0.2710823531706576
-0.22673234177851928
-0.2880727574508762
-0.28753890791135744
-0.23253760883313343
-0.46819230039475207
-0.30898962144449066
-0.29351934514900735
-0.41299258398480815
-0.2674273384917882
-0.3163320516555258
-0.40259494040407773
-0.3342127085278844
-0.27992588081335107
-0.290413101574291
-0.3553697809989621
-0.13631061891412558
-0.27423241641617324
-0.34840979679839
-0.4437522420990124
-0.5232165621521442
-0.2533744639890756
-0.25877378782443383
-0.2850902577321629
-0.5313757868745256
-0.33254881342286857
-0.27977091936557746
-0.3135221232902243
-0.4235421030035013
-0.23912755098094132
-0.29002927189539457
-0.45030039372781067
-0.32050321082403266
-0.27089643747374637
-0.31713024545832086
-0.42789718027000523
-0.3945504165475562
-0.25801853291858057
-0.2852573529195214
-0.1654018961381612
-0.3163736211060659
-0.39878069830205454
-0.41747097411499595
-0.38086297904079286
-0.2771925316579631
-0.2857019232887524
-0.342423421084589
-0.3639210189118417
-0.3215726564872788
-0.373821755276718
-0.32751940065727675
-0.30628363243230805
-0.3086243103413064
-0.3868950808764721
-0.26221152825776217
-0.28282627250561687
-0.29831244861634526
-0.3026149481513483
-0.4240137445819616
-0.4942380062656553
-0.37734042213136315
-0.3366218613991559
-0.34065417577032725
-0.39932206708181184
-0.3664534989171782
-0.3079079170814433
-0.5366090166667813
-0.45631103766920894
-0.4503963174753785
-0.38434098280024215
-0.4306830964869197
-0.3406200047270837
-0.3942841640771698
-0.3919872870485648
-0.3500615051289563
-0.34562143050101846
-0.2954091649388555
-0.3341071896089425
-0.35293360275710484
-0.3904750586774606
-0.373821331863812
-0.2999758562403694
-0.331019703511046
-0.3293665755830091
-0.28431448813641064
-0.475132048081012
-0.43800885208048895
-0.3766436391297608
-0.32312993627757913
-0.25997591497297395
-0.4297116613263016
-0.3584581835644554
-0.3791374102787423
-0.34264927592124766
-0.34044819524822595
-0.24968446571230102
-0.486313540840557
-0.2683598018806347
-0.44213615626738506
-0.2891687519413608
-0.5502756783983264
-0.2746985096274238
-0.354249202805513
-0.35320156172635025
-0.3571654085641842
-0.22563977895888165
-0.5450717660825743
-0.4339265559506571
-0.30960550708633344
-0.2852158104299312
-0.34572131129634726
-0.2668050421244601
-0.29797927185257594
-0.2572630372320785
-0.23279664662707178
-0.38234535338116804
-0.402782596819452
-0.346954607196053
-0.23955104454185983
-0.4945855104677674
-0.3003889703141202
-0.275912721201123
-0.3979749522971095
-0.3129416434199769
-0.5283041146211185
-0.3351219944894741
-0.429051578297549
-0.5158873781354335
-0.22689062480114194
-0.4139368431465932
-0.2896727085275525
-0.2900380269071825
-0.32239923956816746
-0.34150951525681583
-0.49198180038673367
-0.3183748837629193
-0.3679396262546988
-0.180676751385403
-0.470996346486684
-1.0831351619342422
-0.3560913133287613
-0.4411442683455991
-0.3284762409234045
-0.3733190614633164
-0.29183226318003813
-0.3409959964232744
-0.33769663362851
-0.5347176425099747
-0.24371679251465517
-0.46245462986079755
-0.2653814174748614
-0.38660934342328074
-0.23908499069931144
-0.3098402367409676
-0.3756165064322431
-0.24293516681891714
-0.43038894909501946
-0.3447872296777957
-0.4486685732445008
-0.34966714397381793
-0.28967603333130987
-0.33960248744510957
-0.4033904743911691
-0.32725653686898803
-0.4128529085610252
-0.35874325735351575
-0.7386847742981181
-0.56788528592454
-0.30386373811959344
-0.3024162412728395
-0.28780915828320036
-0.36633586166657495
-0.5734151118665621
-0.4090057203781866
-0.46385920431667826
-0.34433402209897784
-0.3671591414941547
-0.3955755137954152
-0.44775602294287714
-0.4597426559656786
-0.2699589528588849
-0.4360026280985127
-0.5994673178329999
-0.3809914874737582
-0.2791295511964549
-0.41222875476402565
-0.364326863672958
-0.43895174281377486
-0.2501474119006698
-0.30589425584573066
-0.3011993046759864
-0.31092089471041495
-0.5147161047627037
-0.48182523227391527
-0.2060833943982363
-0.33663438279421865
-0.24941777668809034
-0.40267034039722827
-0.29475567950570364
-0.3572998037129607
-0.49378061529941786
-0.45345412124411955
-0.25999118303717494
-0.3996221657767323
-0.27474698762160793
-0.33819799630852165
-0.2930586318500028
-0.26752636164943056
-0.3153806945714678
-0.2991950870002441
-0.3682323419178464
-0.3177128289697356
-0.40519070005109126
-0.41242262481699465
-0.521351884822631
-0.36428883144620167
-0.3362641233446387
-0.2682160389762048
-0.7689391780195055
-0.17461872822443386
-0.28096257467778785
-0.547626776895286
-0.3950278304967611
-0.3090168297816048
-0.3917835772173209
-0.4073265740771595
-0.27630801261784393
-0.2782140449554753
-0.388291994448445
-0.22381656813787099
-0.48547270986881286
-0.6049422391316711
-0.28050090218480217
-0.34522363004399265
-0.31682211320857806
-0.4067786355602071
-0.34149529496649883
-0.297179010314573
-0.3068748284026583
-0.333693435591359
-0.24014627518617823
-0.35607765925633494
-0.37454777527862115
-0.39763292972639874
-0.4428168852473127
-0.32755938974132814
-0.25483893841943783
-0.43347192715192906
-0.4741124713824667
-0.41296531155805244
-0.22010931447976828
-0.31874198051532077
-0.3875194434395751
-0.2885716276267577
-0.2740343918378499
-0.31936924352852736
-0.3799550710312419
-0.38757550142443004
-0.354389704628328
-0.26371825796460957
-0.48683884986983045
-0.39572690067284244
-0.29120307024140046
-0.35976354944940186
-0.2663752361376891
-0.4771961596041084
-0.4924932135604281
-0.3571027981539186
-0.30835386599428605
-0.34012101680292633
-0.5012265280220937
-0.24588413281226118
-0.3338595975809063
-0.36312958592647093
-0.24461989918419805
-0.26816688748234946
-0.24628565206747838
-0.3994557867440194
-0.27231064229169
-0.2661728750576911
-0.40362680701154724
-0.32313395703571385
-0.27246006009239393
-0.3563165580698211
-0.49980030670869036
-0.39150025256908466
-0.4362454067527483
-0.3364487333336646
-0.22603576545697934
-0.2958493026292919
-0.3064867508254919
-0.5438354021373815
-0.7269146161179816
-0.3472182279551187
-0.6105786752250992
-0.2330248295699596
-0.3942111119160307
-0.2662336790403131
-0.3753431878646378
-0.24585005298374402
-0.34341814697732315
-0.35584434691658623
-0.267301703242512
-0.2563330744332732
-0.23763434826128377