2.737400000000001
3.869600000000003
2.3396999999999997
1.9989000000000001
2.0603
4.414000000000002
4.895820000000005
4.111400000000003
4.495100000000003
6.015420000000005
4.318700000000003
4.258800000000003
2.8560000000000016
5.387600000000004
4.486500000000003
4.6063000000000045
5.318700000000006
2.8307000000000015
2.526300000000001
2.2025999999999994
4.632100000000005
3.813900000000003
2.3438
3.6320000000000023
3.4803000000000024
3.1377000000000015
3.789100000000002
6.522340000000007
3.1721000000000013
6.254000000000006
3.6740200000000023
3.9524000000000035
5.432500000000005
3.213680000000002
6.012900000000006
3.9243200000000025
3.1500000000000017
3.865400000000003
3.558900000000002
4.231600000000003
5.064600000000005
4.943120000000005
3.452300000000003
4.432820000000004
4.196900000000004
1.0531
3.384100000000002
4.944900000000004
3.6551000000000027
3.666800000000003
4.142100000000004
2.4371
4.353300000000003
4.8163000000000045
4.018100000000003
5.107400000000005
4.214100000000004
5.762780000000006
2.6751000000000005
3.6860000000000026
6.144900000000004
4.909420000000004
3.970620000000003
5.349020000000005
3.738000000000002
6.523940000000007
3.3988000000000023
4.5758000000000045
5.252900000000005
3.195000000000002
3.420860000000001
3.434700000000002
2.978900000000002
2.1335999999999995
3.8294000000000032
4.252480000000004
3.571620000000003
3.465900000000002
5.090500000000006
3.900800000000003
3.951100000000003
3.852300000000003
2.7211800000000013
2.3762000000000008
4.647200000000004
0.5567000000000012
4.869200000000005
3.3065000000000024
3.4823400000000015
5.856920000000006
4.065120000000003
4.634200000000004
4.406200000000004
2.9767600000000014
1.3045
4.471320000000004
3.888200000000003
4.331000000000004
4.966100000000004
3.8340000000000023
3.1579200000000016
3.3099000000000016
5.537000000000004
2.4172000000000002
4.367020000000003
4.762300000000003
4.374600000000004
1.1392199999999997
5.055400000000005
3.3884000000000016
3.1441000000000017
2.756100000000001
4.235500000000004
5.156820000000005
1.1803999999999997
7.719600000000008
3.630100000000003
3.6125000000000025
3.168300000000002
4.073420000000003
2.8462000000000014
3.1957000000000013
3.1583200000000016
1.545
4.791700000000004
3.7618000000000027
2.1140999999999996
5.509820000000005
4.5073200000000035
5.148900000000005
0.8859999999999995
3.0421000000000014
3.527300000000002
4.065100000000003
3.809000000000002
4.764800000000005
4.264200000000003
4.792920000000004
4.269500000000005
4.940520000000005
2.8565000000000014
3.472800000000002
6.562900000000007
1.8294000000000006
4.8601000000000045
4.377100000000003
6.298100000000006
7.094700000000007
6.632920000000006
4.580200000000004
5.452900000000003
3.6838000000000024
5.489800000000004
2.9520000000000017
5.656800000000006
1.5822
3.525100000000002
4.553020000000004
6.777920000000008
2.9697000000000013
3.5267000000000017
2.0773
4.639700000000005
3.5355000000000025
4.037500000000003
3.6499000000000024
4.264700000000003
3.8075000000000028
4.879000000000004
3.668400000000002
2.497600000000001
3.1118000000000015
4.265000000000003
5.551920000000004
4.7588000000000035
4.236000000000003
4.902000000000004
3.1224000000000016
4.940800000000005
2.5608000000000004
3.437520000000002
3.0885000000000016
1.40102
4.252600000000003
4.313500000000003
3.638300000000002
4.421500000000001
3.4057000000000013
3.4356000000000027
3.8138000000000023
5.067600000000004
4.304900000000003
3.504400000000003
5.299520000000006
4.675300000000005
4.574600000000003
3.155700000000002
2.2012
2.8381000000000007
5.299500000000006
4.402700000000003
3.7360200000000026
3.3252000000000024
3.483500000000003
2.285
3.406100000000003
4.557420000000004
5.006300000000006
1.4656999999999998
4.015180000000003
3.9784000000000046
5.908300000000007
3.3164000000000016
3.403500000000002
2.9422000000000015
2.9989000000000017
3.425300000000002
3.504400000000002
4.1788000000000025
4.999700000000005
4.873800000000004
7.378800000000008
1.9364999999999999
2.7990000000000013
4.159100000000004
5.240540000000005
5.1006000000000045
3.7096000000000027
5.555800000000006
5.3713400000000044
4.231600000000004
4.213760000000003
3.8034000000000034
4.163700000000003
5.0198000000000045
4.8990000000000045
4.582900000000003
3.5290000000000017
4.482600000000004
3.4677000000000016
2.5636
2.8828400000000007
3.6049000000000015
4.956600000000004
2.571300000000001
3.6682000000000023
3.592900000000003
4.048800000000003
2.986100000000002
5.893300000000004
4.807920000000005
4.936900000000006
4.407700000000003
2.6563800000000013
3.066300000000002
3.398900000000001
2.7003000000000013
3.304000000000001
3.5756000000000023
3.5844200000000024
6.133840000000006
3.7040000000000024
5.899200000000005
3.1130200000000023
2.961400000000001
4.252620000000003
4.382300000000003
4.092000000000003
2.702700000000001
5.209900000000005
6.518000000000003
6.323840000000007
5.163600000000004
1.9989000000000001
4.567300000000003
3.007500000000001
4.1418000000000035
5.016200000000005
5.543640000000005
4.216000000000003
5.509120000000006
4.103500000000004
3.7520000000000024
4.622300000000004
3.147680000000001
4.269900000000003
3.9512000000000027
6.071500000000006
2.1235999999999997
4.240700000000004
3.6442400000000026
3.241900000000002
3.756300000000002
3.4802000000000017
4.709640000000004
3.5809200000000025
4.090620000000003
2.6186000000000007
4.6921200000000045
5.8776000000000055
4.563900000000006
5.885140000000006
3.1942000000000013
4.934900000000004
5.881500000000006
4.340100000000004
4.338820000000004
6.088700000000006
4.308100000000003
4.959000000000004
5.843200000000004
3.903900000000002
5.046900000000004
5.670500000000006
2.552100000000001
4.412100000000004
3.4414000000000016
5.3708200000000055
3.325000000000002
3.636680000000002