9
10
10
13
9
9
14
7
6
14
6
9
15
6
6
9
6
6
6
7
9
6
9
6
6
6
21
14
14
13
6
9
6
6
6
7
21
6
6
6
10
7
9
6
10
6
10
6
6
18
6
9
9
10
9
6
10
6
9
12
9
9
6
6
13
14
6
6
10
9
6
7
14
6
6
6
6
7
10
10
15
21
6
6
9
6
6
6
11
10
14
6
9
9
10
10
6
9
10
10
6
9
13
9
11
9
13
6
7
9
10
9
10
14
12
14
17
6
6
9
13
9
17
16
6
10
10
11
14
6
12
9
6
13
9
14
6
14
10
9
6
10
15
6
9
6
14
15
9
14
9
6
6
6
6
9
6
6
14
6
6
10
14
14
10
9
9
6
6
9
18
10
13
10
6
9
6
9
6
6
10
6
6
9
9
11
6
10
6
6
6
9
6
9
6
6
14
10
9
17
6
9
6
7
9
17
6
13
6
9
17
6
18
19
10
10
6
6
9
6
10
16
14
18
9
11
10
6
6
14
14
10
10
9
9
6
9
10
8
12
9
6
6
8
14
6
6
6
6
9
10
10
9
14
7
6
9
13
10
6
14
9
9
7
14
15
9
9
9
9
6
14
6
13
6
10
8
9
14
9
14
10
6
9
6
10
10
6
6
6
6
6
6
10
6
6
6
9
6
10
10
11
9
10
10
8
9
6
14
9
6
9
14
14
10
13
6
14
18
9