248.36999999999998
444.6230000000003
323.3960000000001
219.332
382.46800000000013
385.30500000000006
526.7100000000004
356.297
391.5150000000001
538.7210000000003
392.5430000000002
403.9350000000001
383.51700000000017
483.4430000000002
361.4890000000001
339.87000000000006
468.0660000000002
340.8510000000001
310.4630000000001
351.4910000000001
501.0780000000003
370.5180000000001
365.43300000000016
493.38900000000007
386.51700000000017
268.36
290.4100000000001
591.5790000000003
335.403
417.9360000000001
327.44700000000006
330.516
549.7600000000003
384.3770000000001
496.5730000000002
409.55900000000014
320.4360000000001
442.56300000000016
415.9210000000002
363.86
503.6130000000002
477.55600000000015
467.51300000000015
479.5280000000002
435.59300000000013
179.21899999999997
364.4450000000001
379.92800000000005
443.5380000000003
301.817
295.42599999999993
283.33099999999996
376.2870000000001
502.8400000000002
421.56600000000014
432.05200000000036
452.48200000000014
363.54500000000013
407.5180000000001
407.5580000000001
588.3420000000001
456.59000000000015
409.55900000000014
365.908
406.482
591.5790000000002
405.54200000000014
505.5070000000001
467.4070000000001
330.8630000000001
351.841
441.57200000000023
311.38100000000003
360.4100000000001
478.5630000000002
393.57500000000016
303.37699999999995
416.95300000000015
462.4650000000003
460.62200000000036
474.8920000000002
288.394
354.8410000000001
334.4230000000001
588.2730000000001
341.4330000000001
497.4260000000003
264.372
474.63800000000026
534.5270000000002
452.5840000000002
409.5050000000001
358.8880000000001
335.45500000000015
179.219
482.4220000000002
401.9380000000001
290.366
480.64100000000025
384.47900000000016
343.85800000000006
326.83100000000013
508.4490000000003
250.38599999999997
462.62300000000016
447.3480000000002
453.58600000000024
404.49200000000013
447.6480000000002
423.5860000000001
295.38200000000006
411.5020000000002
275.436
542.5340000000001
187.24599999999995
536.1850000000005
295.382
288.39400000000006
471.5730000000003
391.51500000000016
237.36799999999997
307.397
281.3550000000001
325.4120000000001
491.6020000000001
449.5760000000001
205.30099999999996
498.6560000000002
512.6830000000003
398.46900000000005
203.24499999999995
282.343
336.4640000000001
361.36700000000013
412.9460000000002
394.4620000000001
360.8600000000001
469.56100000000015
437.6280000000003
515.1050000000002
329.41900000000004
255.336
522.7330000000005
322.84000000000015
467.6130000000001
327.2800000000001
386.5640000000002
536.1190000000004
531.9140000000002
373.95300000000015
340.87900000000013
419.3560000000001
357.9290000000001
438.4980000000001
488.07500000000016
211.33399999999997
331.4600000000001
463.52900000000017
605.6060000000001
327.42400000000004
402.32500000000016
365.48100000000005
340.4920000000002
338.426
460.62200000000036
447.53900000000016
462.3310000000001
467.27299999999997
470.05700000000024
378.5200000000001
301.386
460.5380000000002
432.61200000000025
465.60100000000017
378.90700000000015
355.8690000000001
404.53300000000013
354.84100000000007
467.9970000000002
243.306
415.54100000000017
231.339
417.5350000000002
370.2940000000001
370.88000000000005
348.4250000000002
361.39300000000003
352.4340000000001
423.55700000000013
444.3730000000003
498.4340000000002
340.85400000000004
351.39000000000004
470.61700000000013
331.5000000000001
498.6380000000003
297.42700000000013
205.301
495.6240000000004
423.5120000000002
379.33500000000004
415.3350000000001
373.8840000000002
424.58900000000017
393.4910000000001
293.36600000000004
411.61500000000024
471.43200000000024
260.341
350.85300000000007
357.425
392.5870000000002
281.39900000000006
281.39900000000006
233.35499999999996
362.47700000000003
430.3460000000003
351.39000000000004
476.69400000000036
520.6440000000003
457.4050000000002
508.7500000000005
249.30999999999997
295.386
363.48600000000005
523.7100000000003
465.59700000000015
403.3200000000002
466.47800000000024
498.6560000000003
323.4360000000001
520.7220000000004
249.37299999999993
421.54100000000017
464.3680000000002
458.42500000000024
443.3780000000002
303.789
375.944
289.4480000000001
409.4900000000001
340.42699999999996
348.42500000000007
401.90900000000016
289.37500000000006
395.5510000000001
456.5380000000001
579.4789999999999
364.4610000000001
420.31100000000015
448.3500000000002
443.63500000000033
319.45200000000006
256.34899999999993
319.836
318.42400000000004
481.5970000000003
305.44700000000006
418.5410000000001
217.356
577.5520000000001
347.89
481.42700000000013
301.43399999999997
303.40200000000004
514.6550000000003
587.2890000000001
323.415
427.4800000000002
412.32700000000017
397.75800000000015
540.737
481.42700000000025
219.332
356.47300000000007
392.5030000000001
352.4530000000001
383.92300000000006
512.6830000000002
413.5250000000001
526.7100000000003
356.4690000000001
281.3989999999999
419.3560000000001
240.3499999999999
439.5310000000002
423.5570000000002
451.61400000000015
319.4490000000001
422.3310000000002
395.54700000000014
479.3620000000001
553.416
395.24000000000007
361.48900000000015
314.47700000000003
332.451
440.5190000000002
481.5190000000002
506.44400000000013
421.6290000000003
524.6940000000003
356.35100000000006
431.58000000000015
383.6010000000002
375.9440000000002
397.5190000000001
511.66600000000017
437.5310000000002
354.88100000000014
460.5690000000001
360.3830000000001
483.58800000000014
496.6320000000002
219.32799999999997
271.40400000000005
332.4510000000001
525.7260000000001
311.425
402.49800000000016