0.7232616905207147
0.5741095431024794
0.9416036486291145
0.8247267604213178
0.6990352921864654
0.7010431919894293
0.33325199200840366
0.8117583530041046
0.5291908994267642
0.17679001726926546
0.4460031993377475
0.66853325108323
0.8048695029648197
0.4369492591849496
0.580706317134109
0.6946436405572869
0.4324918093258736
0.8355826926800201
0.8389149766506013
0.6884480006751752
0.3849129884321033
0.8705287840911123
0.9049321702979037
0.4509513522503186
0.7976076131975759
0.7959456207108071
0.667210789278961
0.20825652886574153
0.6354046101730009
0.4274144868021298
0.7547183670704459
0.6230903726342021
0.19722019024907214
0.7494082777723556
0.36363975121640496
0.43534080230473
0.7228617797131331
0.5370298785256991
0.7249506826775156
0.7793807769822629
0.4944111571308647
0.3548136691868043
0.6094210385739244
0.3496670006935396
0.5822010036236155
0.676803555682109
0.4956075457171854
0.5673492583583657
0.5387382509702248
0.8024228372761812
0.7117638621490531
0.6076796830459563
0.7145699822401183
0.5250650208319705
0.5855449654141007
0.6794578404416757
0.4202246076805094
0.607919449398621
0.5819690758942085
0.7318387345469285
0.26615551982766245
0.352594618191363
0.44844016490907823
0.6210612284213878
0.3499607634429391
0.15758510859156194
0.5130645417436852
0.42527681470004935
0.5160993037722266
0.8634737285361628
0.8567008847495194
0.5701973145249624
0.6110306225008894
0.7537550195415051
0.5638417472835642
0.7144220438115022
0.7183993198536033
0.5271445443684882
0.6210306722890837
0.561419633690113
0.5245567433892461
0.6097571546261086
0.9167415611574217
0.9325193815868476
0.3940438773351964
0.7869434425499668
0.45630493862324717
0.7721939306159407
0.396015731902492
0.2197648044937591
0.3064352560486953
0.5074278017786333
0.7985484139694674
0.7372753593500802
0.5261252101218331
0.5633953879773187
0.7386262673189897
0.718655703451618
0.27486290723471873
0.679948968380499
0.9258882715906518
0.7375770724766862
0.3334951352846158
0.8396351576631654
0.3002299172010765
0.5730054575772668
0.42215437408335416
0.7177982425881927
0.4661051488376053
0.4446351912914416
0.92361466694142
0.6742840527817912
0.7698563618339553
0.17999236276554212
0.7262063900470538
0.23323222895637405
0.8315265224605813
0.8020835110887541
0.35775393342921913
0.6169285430781309
0.7839965488478094
0.7807036843692547
0.7290256093589924
0.8018435590136369
0.51127853631585
0.6093694168953313
0.7329601118688727
0.23556491112677358
0.2798363526260147
0.3775533509451931
0.723220938763437
0.6090469787159056
0.7295168529101553
0.7366674377467224
0.7074872979003035
0.8085875010934196
0.7188410928447488
0.29888115300011003
0.4532516358425471
0.3634801304252868
0.8845344309852038
0.8851668332990871
0.2826933354145243
0.8469320640490622
0.3505901584367888
0.8255152536290404
0.5215544587722212
0.2678815045608649
0.25809239293083724
0.775124662295156
0.6296084132783779
0.5540913278867068
0.7840617900417441
0.6464121617930487
0.29597924415242705
0.7978726845629878
0.5954370844257256
0.3784486135284152
0.1426997901145109
0.8488413444227773
0.7778432175404513
0.7338608984137136
0.8083213668640294
0.7969332175577615
0.5549978726800133
0.40116019150149285
0.5700830567147699
0.6304762817882306
0.5314920698451742
0.5350084697561073
0.7868366428797096
0.40084630423485046
0.5854819254054442
0.39185813189622065
0.7107281984927802
0.6850482140892052
0.5411801771174095
0.6749267239963115
0.4515170425500254
0.7661013580791433
0.6936819584759025
0.7421467813088078
0.7647850511176894
0.7446834855554851
0.7188885137150733
0.7557849234505857
0.43041976642477936
0.916187023964702
0.46871743249982367
0.7031887184111905
0.3529231766616726
0.7455978331547657
0.6016473984358564
0.31067492072571806
0.6682087339242828
0.5137777443332766
0.8014635578666721
0.7997917758546859
0.3653888089906816
0.3830000570445986
0.722821638776792
0.6503353534817405
0.78874496828116
0.6247561751056133
0.6243001955777612
0.6585660026007806
0.7569916545223965
0.47425563792603315
0.8949317272614427
0.7757617119370717
0.7950563449802955
0.5099356595915991
0.7948759778688474
0.799743820532113
0.7895184521172587
0.6323466215209584
0.7288419797341589
0.6016473984358564
0.5263479432848145
0.4789727407611984
0.5144869424596182
0.25138299420856497
0.8694057612364978
0.8516142746662418
0.6958632330693217
0.28373341250904976
0.4124746214455086
0.7998361494404183
0.6060117969475063
0.23011099054647208
0.9172277995580276
0.6289233664726205
0.7841736626069928
0.5535937772217013
0.5337403943739261
0.5256489483090644
0.5486510801416945
0.9077042035670947
0.7750849621795015
0.9161851833040598
0.5725818332989291
0.30195782187837944
0.7210297758100401
0.6955152908933893
0.801744669914749
0.7720322656074718
0.40147529379471825
0.2464806138371301
0.6486983562726553
0.5739171211917152
0.5361620960413679
0.5603963010820434
0.7552858605068139
0.81588428738238
0.852479923904763
0.8006023515950204
0.39856175548415407
0.9205769643135884
0.5669409712183154
0.7476854670794831
0.17754296127930896
0.829831731349335
0.3079931296753973
0.8541104559558003
0.8017055632991984
0.3041058423147209
0.3593720307239525
0.7236542495811986
0.5535609855403538
0.6418288386322747
0.4710605975806781
0.16832419373517415
0.47379279882528913
0.8247267604213178
0.6878618396044567
0.5787627983638475
0.730141005535762
0.5362949074068926
0.2764939030478779
0.4599843117774396
0.22276998965476658
0.6546600977503458
0.7992730252529918
0.523500759609528
0.8112130356570725
0.476350293231074
0.6191698208553506
0.28913884985698857
0.7456645771757685
0.7078865362539539
0.6933249549008267
0.4895879420512894
0.359104690470101
0.7795191955004807
0.7315983853784208
0.543107807796409
0.721443851082879
0.501852584612475
0.2772439276544865
0.3237192100631924
0.601186010822671
0.19427556178470376
0.5625449507686651
0.47161905182741976
0.5641002535902577
0.7821479039456672
0.6966341487213706
0.22727560905384211
0.7278115473639667
0.7168945955516312
0.4279179497963783
0.7693352865374097
0.27095149547478065
0.2549325754323126
0.8399973105712389
0.800481288048039
0.7772152635458176
0.2102608008585277
0.8490262735898976
0.611110070833939