3.4107049222506394
2.216057698847763
2.019561948085359
3.8822528640436422
2.654971967739586
2.208136979814194
3.3912023405584755
2.263247465281525
2.0980026674961803
2.9211817112280354
2.5480800803526726
2.753710551238898
2.4555617310687925
2.1604948915519664
2.005970406282465
1.9830855512427643
2.5824610489945083
2.9323351515855016
2.5548445693356143
4.469470481606468
2.4661392805632296
3.0723866324580076
2.8453153789112253
2.0133596814147996
3.1984476991421698
2.1619919361997813
2.619746901478898
3.5551585861477495
2.9555793861265602
4.040332542311521
1.9030191776163914
2.2380267839231287
3.6655292859301127
2.676824423376484
2.2996449792857874
3.6053046678751466
3.318503561213352
2.288012020814456
2.504564802947151
2.0458031592535644
2.694167010453402
3.7185632737006316
2.4422678962420896
3.8149973162538213
2.3023576361866667
2.771455371535472
2.0293978849149443
2.2182416207920266
2.5804778714281937
2.6957351528899895
1.6926422383056376
2.2703520571567353
2.486435851561259
2.222085726074308
2.375923508262666
2.207341864906022
2.7141174877058116
2.1289814274250656
2.396846934836093
2.0982027040668623
2.4598615255557252
2.289714784730709
3.8921561312332447
2.131158031973783
2.6447629428183888
3.016101701152559
2.11979604865331
2.8222816741253602
2.634715565196011
2.3539133023855996
2.745620466945873
2.0960443510915887
3.566427732994369
2.0396368740790454
2.9224994230285812
2.023573739532482
1.6900683091098347
2.098552833609139
2.958411268903779
3.0993540934123054
2.802215331509375
2.440378505115751
2.1330820054074113
2.0680127746381807
3.019449597761618
2.5667065801569287
2.6472095068657158
2.3861987158607985
2.8451798365360474
3.483483249307584
3.0013369285001534
2.165279452318609
2.5456573629442616
2.3975070054074106
3.0751505132358767
2.220108370845267
3.0214428165335105
3.002962092441779
3.547908650772208
2.7237646957372874
1.90145287087965
2.170315338584693
2.3313912905120997
3.337450623608106
2.872482872321198
2.6230451515002695
2.42431601549994
2.17192812158574
2.1476169650680017
2.504714767003925
2.749334120413808
2.0633544523186114
3.139700719508774
3.298481855862299
3.2569341256546487
2.4569249615568864
2.981261592941282
2.4297569236203245
2.4897531203950436
2.078117772199958
3.443335679100924
2.0865135286299434
3.1482538621468343
3.888656819131903
2.4788876891629545
2.87669727316314
2.542437288624374
2.861261608737612
2.836405715288281
2.0720570307690913
3.4066000537662084
2.102157019935893
2.1294347270669416
3.0746064065368657
2.6115062313418385
2.8600939678223156
1.8096416207920267
2.7105357822402265
2.90546779098279
2.521357847936562
2.446656754030256
2.361853662795525
2.5839614014234247
2.176512368175766
2.1795530471059834
1.91154523836226
2.7086572328202045
2.6302147793498456
2.931137572100141
2.206637326798349
3.0780211244361793
2.389608698508816
2.2637541467795526
2.746019267108659
2.632398761789343
3.0731471181499597
1.9944284607566392
3.8348587966907868
3.052305035365473
2.312512039589768
2.17413735044941
2.2428294233764827
2.745104666118168
2.5639703239558536
3.103728918587131
2.4587393800531565
2.4979482586944304
2.597685741671148
2.2935448915519654
3.5734935215649273
3.5519121617985974
2.4828090924230164
3.0997916545591586
2.1492743316466836
2.073299087446589
2.0161437517691585
2.052446893585209
2.430683269896347
2.145868449244274
1.6096110718554844
2.3585956731712905
2.554622713984404
2.1190238958802006
2.129882533154829
2.3498202586944306
2.3261675514017224
2.5948166180808006
2.151675845738966
2.0747360112947053
3.261519025556555
3.0176887847307095
2.2116301666273817
2.780708777959127
2.303002935082082
2.3784776003701094
2.690072618519313
2.9588855559160407
2.7817021237892092
2.5899043622105538
3.262377522345396
2.101691067578118
2.3699562586944296
1.983702254536425
2.04091580386169
2.220923745050637
3.1368571973368855
2.172871075367379
2.4726505761428346
3.0186509155427768
2.233233322583386
3.2755749720254315
2.0041076364533517
2.3914891881989426
2.5135418994221457
2.503281740672003
1.9503969233764824
2.9058993346074278
2.721299986750335
3.125629240265452
2.9563061162173305
2.2416313959100904
3.3985391201201756
3.6216259206925123
3.6198708156447514
2.4933805384147103
2.7893067361175934
2.021471643073122
2.305377384019078
2.392940876239516
2.79491974682594
3.4164097150595047
3.4230675487447852
2.896702189218967
2.131327034118037
2.9542216405545982
2.0794914095782353
2.4968379584676335
2.644211004087971
4.139941246474486
3.236170283314845
2.19539169008085
1.9932846056240958
1.9714776413118127
3.7988546731171127
3.132056896197856
2.260010717585626
2.9004376928689446
2.3945233604642535
2.9980809270848106
4.119507365424806
2.2618383184524777
2.885288129005822
2.1918328039900175
3.2978495619475456
3.8703555337181292
2.1937501116823253
2.51238510351331
3.3293166913515275
2.113033373932069
2.2948405094783944
3.0034265635988486
3.1940362995359246
2.331804407808905
2.0509466744944493
3.1182165230623333
2.830358483081236
3.0354015842366815
2.0317112655284806
2.3882437036023987
3.9820760005092026
2.8419713264143933
3.009862285195288
2.4098093146288893
3.52827741396181
2.2627390095498026
2.046067998444302
3.5165555551650742
2.064297115684175
2.983208590917325
2.1341920410713797
3.0200440787749345
2.2142336541457137
1.662410653399201
2.5893692707414626
2.5917930531242916
2.4823781090080477
2.2434900096040877
2.2226236263596686
1.8669663464004067
2.317992929278047
1.9579307231894383
1.9689366127255958
2.6016020433992804
2.763657914554555
2.3194537724889095
3.7219645222148703
2.0889707787961846
2.8012283584657958
3.877859060617901
2.984620722185838
2.7946084651388325
2.7497642413150984
3.194539027925199
2.0589907112993746
3.003078455834303
4.152423649003463
2.6769237839789017
2.3829149504033076
2.420443979070928
2.3195100349121542
2.2391180699393605
2.1995876433098154
2.7471674346522175
2.6505716149578085
2.5008502084750486
3.11257828275642
2.00820631309972
2.8914661766770333
2.4867449417952905
2.2260310257451827