27
50
37
25
47
41
64
36
42
60
45
48
38
51
42
38
49
36
37
42
56
48
44
41
47
29
33
61
41
48
36
33
61
45
57
44
35
50
47
39
61
54
55
54
53
19
40
39
46
31
30
32
44
48
44
47
52
44
43
43
48
51
44
41
43
59
44
62
47
35
45
45
37
39
59
46
30
42
47
56
56
35
39
39
51
38
55
29
54
55
49
45
41
41
21
50
43
33
57
47
37
35
54
26
53
47
53
45
47
43
34
45
28
60
22
53
35
34
48
44
22
38
36
45
58
55
23
61
61
43
25
32
39
45
45
43
40
54
48
57
36
27
57
35
53
30
43
59
65
37
34
44
43
52
53
20
33
51
62
34
43
38
36
38
52
53
45
42
50
43
33
51
51
54
44
37
43
40
51
22
48
26
50
38
45
38
21
43
45
45
58
39
41
52
37
58
32
23
51
53
35
40
41
46
42
36
46
47
28
41
41
43
31
29
23
38
42
41
53
62
46
56
26
32
39
60
52
38
47
55
36
66
28
44
48
43
49
31
45
30
45
39
41
47
32
41
53
52
38
48
47
49
39
28
35
42
50
33
44
24
58
39
50
33
33
59
54
36
48
42
36
62
52
25
43
40
41
39
60
51
59
41
29
40
29
44
46
53
32
42
42
38
46
33
44
35
38
52
54
52
45
60
52
45
39
45
45
57
46
42
51
45
55
57
22
30
43
61
35
46