25.240000000000002
22.190000000000005
44.81
31.92
80.75
39.26
67.15
26.790000000000006
41.74
72.87
40.620000000000005
65.2
48.300000000000004
48.470000000000006
32.510000000000005
21.060000000000002
35.580000000000005
61.8
40.620000000000005
45.25
30.260000000000005
49.410000000000004
54.040000000000006
44.81
67.43
25.240000000000002
19.03
72.87
38.77
36.61
19.37
32.34
81.51
50.580000000000005
32.78
59.980000000000004
39.260000000000005
57.7
70.66999999999999
32.7
52.57000000000001
59.980000000000004
60.93000000000001
69.21000000000001
43.86
41.489999999999995
45.92
23.47
44.81
23.47
12.47
70.17000000000002
52.15
44.81
44.81
35.580000000000005
88.94000000000001
20.310000000000002
62.11
36.02
35.580000000000005
42.24
68.77000000000001
21.060000000000002
75.74000000000001
72.87
44.81
54.260000000000005
41.57
24.3
69.85
63.27000000000001
72.72
64.38
67.15
35.580000000000005
30.49
57.7
29.950000000000003
62.81
74.24
8.17
59.370000000000005
59.370000000000005
68.95
101.73
68.7
8.17
77.55
46.84
86.00999999999999
41.74
6.48
36.67
52.489999999999995
44.81
53.6
29.270000000000003
70.63
41.57000000000001
35.580000000000005
23.78
52.650000000000006
28.4
64.91
48.489999999999995
44.81
100.63000000000001
35.580000000000005
52.879999999999995
32.7
63.27000000000001
12.47
86.00999999999999
29.85
18.950000000000003
43.7
16.130000000000003
63.27000000000001
48.72
12.47
42.5
43.7
68.36
61.36000000000001
60.93000000000001
12.47
75.77000000000001
67.15
6.48
50.080000000000005
57.28
32.260000000000005
49.94
48.470000000000006
26.71
23.550000000000004
59.980000000000004
50.18000000000001
30.260000000000005
39.6
12.03
32.78
30.03
43.86000000000001
6.48
6.48
45.230000000000004
77.76
9.72
16.130000000000003
61.60000000000001
31.92
67.15
35.580000000000005
50.94
19.37
59.980000000000004
72.87
41.93000000000001
35.580000000000005
52.57000000000001
15.71
23.550000000000004
63.07000000000001
86.63000000000001
48.489999999999995
26.790000000000006
44.81
49.64
38.77
96.62
45.739999999999995
60.5
55.04
32.510000000000005
31.4
40.85000000000001
57.95
41.49
51.71
20.310000000000002
85.85000000000001
22.27
48.489999999999995
49.84
9.23
50.800000000000004
54.040000000000006
37.3
65.46000000000001
39.26
46.61
42.24
40.540000000000006
73.39000000000001
11.41
23.47
80.57
63.93000000000001
31.4
33.010000000000005
67.58999999999999
48.050000000000004
62.11
43.7
35.58
31.720000000000006
48.470000000000006
46.06
52.93000000000001
32.34
12.47
23.47
21.259999999999998
41.370000000000005
37.3
46.61
61.519999999999996
67.15
48.470000000000006
15.71
41.93000000000001
28.600000000000005
26.790000000000006
64.66
44.81
41.57
35.580000000000005
72.87
32.7
68.2
3.24
57.95
48.720000000000006
28.6
51.370000000000005
41.489999999999995
26.79
42.150000000000006
83.73
118.2
32.260000000000005
40.540000000000006
38.769999999999996
53.52
78.27000000000001
63.27000000000001
50.80000000000001
36.61
63.69
29.950000000000003
31.92
36.26
26.790000000000006
35.160000000000004
80.57
51.38
57.7
3.24
72.87
26.790000000000006
33.010000000000005
26.79
38.769999999999996
85.17
71.6
21.060000000000002
83.73
36.61
17.82
72.87
48.470000000000006
31.92
44.85
50.6
23.550000000000004
32.510000000000005
72.87
57.28
72.0
15.71
12.47
33.010000000000005
27.03
58.06
54.04
32.510000000000005
44.81
35.580000000000005
44.81
44.81
54.040000000000006
41.49
41.29
33.95
33.95
80.82999999999998
59.980000000000004
50.53
29.950000000000003
72.87
36.44
53.6
12.47
26.79
45.230000000000004
50.97
29.950000000000003
28.259999999999998
31.4
35.160000000000004
59.980000000000004
57.690000000000005
21.259999999999998
16.380000000000003
35.16
64.66
21.700000000000003
72.51