0.2
0.23595505617977527
0.2631578947368421
0.19444444444444445
0.3673469387755102
0.25757575757575757
0.34
0.26785714285714285
0.2708333333333333
0.3466666666666667
0.2
0.3333333333333333
0.410958904109589
0.23076923076923078
0.19230769230769232
0.2549019607843137
0.2549019607843137
0.2153846153846154
0.25555555555555554
0.25333333333333335
0.36
0.19767441860465115
0.24242424242424243
0.24705882352941178
0.24242424242424243
0.30434782608695654
0.2222222222222222
0.2631578947368421
0.3620689655172414
0.21052631578947367
0.27419354838709675
0.3541666666666667
0.3492063492063492
0.22388059701492538
0.41304347826086957
0.25
0.3541666666666667
0.24074074074074073
0.28
0.4838709677419355
0.22580645161290322
0.25862068965517243
0.3148148148148148
0.2545454545454545
0.20634920634920634
0.27586206896551724
0.21052631578947367
0.32432432432432434
0.2413793103448276
0.22988505747126436
0.4375
0.2361111111111111
0.24242424242424243
0.19672131147540983
0.21686746987951808
0.2619047619047619
0.36619718309859156
0.2549019607843137
0.30303030303030304
0.24615384615384617
0.2962962962962963
0.225
0.3103448275862069
0.1917808219178082
0.23333333333333334
0.2857142857142857
0.23333333333333334
0.21875
0.26785714285714285
0.2692307692307692
0.25396825396825395
0.1896551724137931
0.17647058823529413
0.25
0.17647058823529413
0.2875
0.22807017543859648
0.4
0.17105263157894737
0.29333333333333333
0.30434782608695654
0.19101123595505617
0.21621621621621623
0.2714285714285714
0.25806451612903225
0.2916666666666667
0.3076923076923077
0.21428571428571427
0.18947368421052632
0.22666666666666666
0.2916666666666667
0.4520547945205479
0.1935483870967742
0.22388059701492538
0.2153846153846154
0.2537313432835821
0.27586206896551724
0.2077922077922078
0.2807017543859649
0.2318840579710145
0.26666666666666666
0.25316455696202533
0.2
0.23595505617977527
0.21428571428571427
0.31343283582089554
0.24324324324324326
0.1935483870967742
0.27586206896551724
0.23076923076923078
0.25
0.27941176470588236
0.25882352941176473
0.3037974683544304
0.19791666666666666
0.22580645161290322
0.25806451612903225
0.28169014084507044
0.1728395061728395
0.2361111111111111
0.23529411764705882
0.3484848484848485
0.22950819672131148
0.19767441860465115
0.49230769230769234
0.18823529411764706
0.21818181818181817
0.208955223880597
0.32051282051282054
0.23376623376623376
0.2641509433962264
0.3125
0.2647058823529412
0.23529411764705882
0.25
0.37254901960784315
0.2535211267605634
0.25757575757575757
0.1935483870967742
0.234375
0.2777777777777778
0.24175824175824176
0.2361111111111111
0.35185185185185186
0.3333333333333333
0.25609756097560976
0.3048780487804878
0.3541666666666667
0.2413793103448276
0.25
0.26436781609195403
0.32
0.21666666666666667
0.42857142857142855
0.30357142857142855
0.23076923076923078
0.27631578947368424
0.21428571428571427
0.203125
0.2878787878787879
0.203125
0.20967741935483872
0.29850746268656714
0.3287671232876712
0.26229508196721313
0.2
0.24242424242424243
0.3137254901960784
0.2777777777777778
0.23214285714285715
0.32926829268292684
0.3076923076923077
0.3137254901960784
0.352112676056338
0.3157894736842105
0.24719101123595505
0.24528301886792453
0.234375
0.2
0.19718309859154928
0.3958333333333333
0.21428571428571427
0.4
0.36923076923076925
0.234375
0.5211267605633803
0.3333333333333333
0.3018867924528302
0.2830188679245283
0.22580645161290322
0.22033898305084745
0.25
0.3148148148148148
0.22033898305084745
0.20588235294117646
0.21951219512195122
0.30952380952380953
0.20689655172413793
0.34615384615384615
0.23214285714285715
0.2716049382716049
0.28
0.2647058823529412
0.2909090909090909
0.2962962962962963
0.25396825396825395
0.19480519480519481
0.26506024096385544
0.23636363636363636
0.20253164556962025
0.2777777777777778
0.24489795918367346
0.38571428571428573
0.2711864406779661
0.20270270270270271
0.2465753424657534
0.20253164556962025
0.34146341463414637
0.24193548387096775
0.23529411764705882
0.2676056338028169
0.22033898305084745
0.25
0.3137254901960784
0.20967741935483872
0.21428571428571427
0.24285714285714285
0.22448979591836735
0.23076923076923078
0.4266666666666667
0.2631578947368421
0.16346153846153846
0.25806451612903225
0.1935483870967742
0.25609756097560976
0.3088235294117647
0.3050847457627119
0.2608695652173913
0.31746031746031744
0.21875
0.3508771929824561
0.21311475409836064
0.288135593220339
0.203125
0.2
0.2361111111111111
0.3275862068965517
0.2777777777777778
0.3508771929824561
0.34375
0.25925925925925924
0.2777777777777778
0.22058823529411764
0.20408163265306123
0.25396825396825395
0.627906976744186
0.37777777777777777
0.2542372881355932
0.234375
0.25806451612903225
0.19753086419753085
0.22727272727272727
0.23728813559322035
0.2553191489361702
0.20481927710843373
0.3541666666666667
0.31868131868131866
0.22727272727272727
0.3220338983050847
0.25757575757575757
0.24193548387096775
0.15492957746478872
0.25675675675675674
0.22826086956521738
0.21052631578947367
0.2857142857142857
0.2542372881355932
0.19047619047619047
0.3023255813953488
0.2549019607843137
0.21739130434782608
0.28846153846153844
0.22666666666666666
0.36538461538461536
0.3137254901960784
0.22388059701492538
0.34444444444444444
0.2
0.26865671641791045
0.22784810126582278
0.35051546391752575
0.27472527472527475
0.20481927710843373
0.32075471698113206
0.19230769230769232
0.28888888888888886
0.24242424242424243
0.1935483870967742
0.2676056338028169
0.25
0.19753086419753085
0.20930232558139536
0.25
0.3898305084745763
0.21311475409836064
0.25806451612903225
0.21428571428571427
0.21739130434782608
0.22448979591836735
0.42424242424242425
0.3137254901960784
0.3333333333333333
0.19480519480519481
0.2542372881355932
0.23076923076923078
0.24050632911392406
0.3333333333333333
0.6666666666666666
0.24691358024691357
0.2236842105263158
0.6153846153846154
0.234375
0.25862068965517243
0.3508771929824561
0.2459016393442623
0.1935483870967742
0.21212121212121213
0.21875
0.35294117647058826
0.6666666666666666
0.26595744680851063
0.23076923076923078
0.2916666666666667
0.6233766233766234
0.3333333333333333
0.26785714285714285
0.25757575757575757
0.22580645161290322
0.19767441860465115
0.1686746987951807
0.3037974683544304
0.2857142857142857
0.21428571428571427
0.3695652173913043
0.5517241379310345
0.2112676056338028
0.2711864406779661
0.21311475409836064
0.22413793103448276
0.29411764705882354
0.1896551724137931
0.21505376344086022
0.20987654320987653
0.2
0.20689655172413793
0.3064516129032258
0.21428571428571427
0.2033898305084746
0.25
0.3333333333333333
0.30357142857142855
0.24193548387096775
0.31343283582089554
0.24691358024691357
0.26506024096385544
0.208955223880597
0.24561403508771928
0.23333333333333334
0.47368421052631576
0.19801980198019803
0.26262626262626265
0.25
0.21739130434782608
0.22950819672131148
0.3018867924528302
0.15625
0.19298245614035087
0.29411764705882354
0.22807017543859648
0.21649484536082475
0.24489795918367346
0.3392857142857143
0.23880597014925373
0.2898550724637681
0.20408163265306123
0.18518518518518517
0.28378378378378377
0.22580645161290322
0.25217391304347825
0.22093023255813954
0.20754716981132076
0.21428571428571427
0.25862068965517243
0.2318840579710145
0.25609756097560976
0.21875
0.23333333333333334
0.2631578947368421
0.3218390804597701
0.20754716981132076
0.46296296296296297
0.21052631578947367
0.24752475247524752
0.18333333333333332
0.3235294117647059
0.23809523809523808
0.36538461538461536
0.37254901960784315
0.18571428571428572
0.22580645161290322
0.3541666666666667
0.1951219512195122
0.34615384615384615
0.4423076923076923
0.24242424242424243
0.39622641509433965
0.29333333333333333
0.21686746987951808
0.2807017543859649
0.23809523809523808
0.22826086956521738
0.29069767441860467
0.2857142857142857
0.2222222222222222
0.25925925925925924
0.31746031746031744
0.1875
0.2777777777777778
0.23333333333333334
0.24285714285714285
0.2459016393442623
0.32
0.234375
0.22
0.2830188679245283
0.2153846153846154
0.23636363636363636
0.25
0.19718309859154928
0.31958762886597936
0.35365853658536583
0.25301204819277107
0.5641025641025641
0.21212121212121213
0.26785714285714285
0.1951219512195122
0.38636363636363635
0.2692307692307692
0.26785714285714285
0.2037037037037037
0.23333333333333334
0.21052631578947367
0.3764705882352941
0.2916666666666667
0.22580645161290322
0.23076923076923078
0.30158730158730157
0.3617021276595745
0.29333333333333333
0.275
0.28846153846153844
0.3283582089552239
0.20833333333333334
0.27710843373493976
0.22413793103448276
0.32978723404255317
0.24193548387096775
0.2692307692307692
0.3116883116883117
0.3492063492063492
0.3148148148148148
0.3424657534246575
0.2
0.22413793103448276
0.3018867924528302
0.22033898305084745
0.29411764705882354
0.23636363636363636
0.5254237288135594
0.3137254901960784
0.2857142857142857
0.35185185185185186
0.25
0.2625
0.3466666666666667
0.28846153846153844
0.19402985074626866
0.2
0.25333333333333335
0.30864197530864196
0.527027027027027
0.21052631578947367
0.25
0.5581395348837209
0.22972972972972974
0.296875
0.3275862068965517
0.3125
0.2
0.5094339622641509
0.2692307692307692
0.2
0.2
0.31
0.234375
0.234375
0.27380952380952384
0.16901408450704225
0.25
0.3076923076923077
0.3
0.2876712328767123
0.19672131147540983
0.28205128205128205
0.2696629213483146
0.2641509433962264
0.21311475409836064
0.25609756097560976
0.21818181818181817
0.23170731707317074
0.2909090909090909
0.2553191489361702
0.2375
0.2
0.390625
0.25
0.23728813559322035
0.26785714285714285
0.19047619047619047
0.22950819672131148
0.2857142857142857
0.2923076923076923
0.15217391304347827
0.25842696629213485
0.2876712328767123
0.22857142857142856
0.4383561643835616
0.3870967741935484
0.2631578947368421
0.2545454545454545
0.3
0.21428571428571427
0.3333333333333333
0.37037037037037035
0.2711864406779661
0.3695652173913043
0.26785714285714285
0.2542372881355932
0.2727272727272727
0.234375
0.21686746987951808
0.2777777777777778
0.22666666666666666
0.2222222222222222
0.22784810126582278
0.28888888888888886
0.18571428571428572
0.4
0.2631578947368421
0.44594594594594594
0.23214285714285715
0.21666666666666667
0.3
0.20634920634920634
0.32941176470588235
0.3018867924528302
0.2641509433962264
0.3333333333333333
0.3137254901960784
0.35185185185185186
0.19767441860465115
0.19402985074626866
0.23595505617977527
0.25862068965517243
0.28169014084507044
0.21428571428571427
0.32857142857142857
0.1935483870967742
0.25
0.2619047619047619
0.3148148148148148
0.2777777777777778
0.20634920634920634
0.25757575757575757
0.2222222222222222
0.2073170731707317
0.2641509433962264
0.22535211267605634
0.23728813559322035
0.32967032967032966
0.25806451612903225
0.3194444444444444
0.8852459016393442
0.22807017543859648
0.2112676056338028
0.18461538461538463
0.24731182795698925
0.26666666666666666
0.18181818181818182
0.21052631578947367
0.23333333333333334
0.21428571428571427
0.23636363636363636
0.23076923076923078
0.22807017543859648
0.25806451612903225
0.17142857142857143
0.2033898305084746
0.2878787878787879
0.25301204819277107
0.23255813953488372
0.25316455696202533
0.2876712328767123
0.2916666666666667
0.17525773195876287
0.3088235294117647
0.23636363636363636
0.2153846153846154
0.22033898305084745
0.5094339622641509
0.21875
0.28378378378378377
0.2
0.20224719101123595
0.20689655172413793
0.2962962962962963
0.3258426966292135
0.2911392405063291
0.26785714285714285
0.203125
0.25
0.26785714285714285
0.27586206896551724
0.28888888888888886
0.2982456140350877
0.2702702702702703
0.22950819672131148
0.3148148148148148
0.19298245614035087
0.2
0.24074074074074073
0.26506024096385544
0.22413793103448276
0.23636363636363636
0.22033898305084745
0.25757575757575757
0.28378378378378377
0.1625
0.2033898305084746
0.24615384615384617
0.21428571428571427
0.2
0.27710843373493976
0.29411764705882354
0.296875
0.234375
0.2857142857142857
0.21875
0.2
0.26582278481012656
0.2753623188405797
0.26744186046511625
0.23636363636363636
0.22950819672131148
0.28125
0.2247191011235955
0.2727272727272727
0.36363636363636365
0.34177215189873417
0.24193548387096775
0.1875
0.43859649122807015
0.23636363636363636
0.21875
0.2911392405063291
0.34328358208955223
0.2602739726027397
0.3333333333333333
0.35294117647058826
0.2857142857142857
0.26262626262626265
0.26785714285714285
0.32
0.234375
0.2
0.2962962962962963
0.2465753424657534
0.3392857142857143
0.2033898305084746
0.2
0.2033898305084746
0.5094339622641509
0.2911392405063291
0.25862068965517243
0.3333333333333333
0.2079207920792079
0.20689655172413793
0.2602739726027397
0.26666666666666666
0.26785714285714285
0.25882352941176473
0.3258426966292135
0.3728813559322034
0.20481927710843373
0.3670886075949367
0.2
0.4166666666666667
0.2361111111111111
0.2878787878787879
0.21311475409836064
0.21153846153846154
0.47368421052631576
0.3125
0.3157894736842105
0.21686746987951808
0.2535211267605634
0.2878787878787879
0.2727272727272727
0.3382352941176471
0.1896551724137931
0.2222222222222222
0.24242424242424243
0.6075949367088608
0.2
0.2318840579710145
0.29411764705882354
0.2033898305084746
0.3291139240506329
0.17142857142857143
0.27586206896551724
0.3333333333333333
0.3541666666666667
0.29069767441860467
0.2564102564102564
0.2962962962962963
0.30357142857142855
0.1951219512195122
0.2916666666666667
0.22950819672131148
0.22535211267605634
0.3137254901960784
0.1935483870967742
0.2597402597402597
0.32558139534883723
0.26666666666666666
0.2708333333333333
0.2542372881355932
0.16666666666666666
0.2807017543859649
0.39622641509433965
0.2222222222222222
0.24096385542168675
0.3013698630136986
0.3333333333333333
0.27835051546391754
0.3018867924528302
0.1917808219178082
0.34615384615384615
0.16176470588235295
0.35185185185185186
0.24050632911392406
0.24242424242424243
0.32432432432432434
0.25742574257425743
0.32323232323232326
0.26744186046511625
0.22413793103448276
0.3707865168539326
0.22413793103448276
0.34782608695652173
0.2823529411764706
0.24390243902439024
0.30952380952380953
0.2222222222222222
0.2153846153846154
0.22807017543859648
0.21311475409836064
0.23333333333333334
0.19672131147540983
0.22033898305084745
0.273972602739726
0.19736842105263158
0.19402985074626866
0.2972972972972973
0.25396825396825395
0.5094339622641509
0.24285714285714285
0.21666666666666667
0.22413793103448276
0.2777777777777778
0.2682926829268293
0.20833333333333334
0.2413793103448276
0.2916666666666667
0.2696629213483146
0.21052631578947367
0.25609756097560976
0.2328767123287671
0.2898550724637681
0.22413793103448276
0.3448275862068966
0.20833333333333334
0.2191780821917808
0.24705882352941178
0.19753086419753085
0.3055555555555556
0.3181818181818182
0.208955223880597
0.23255813953488372
0.23076923076923078
0.2459016393442623
0.3194444444444444
0.265625
0.22807017543859648
0.24
0.34146341463414637
0.2894736842105263
0.21875
0.2857142857142857
0.2441860465116279
0.2459016393442623
0.1935483870967742
0.25925925925925924
0.26136363636363635
0.19101123595505617
0.22727272727272727
0.27956989247311825
0.23333333333333334
0.29069767441860467
0.30666666666666664
0.3472222222222222
0.28846153846153844
0.39705882352941174
0.27941176470588236
0.2
0.2222222222222222
0.2054794520547945
0.2033898305084746
0.2830188679245283
0.19047619047619047
0.24096385542168675
0.32075471698113206
0.35294117647058826
0.22580645161290322
0.2988505747126437
0.234375
0.3508771929824561
0.2
0.23711340206185566
0.2676056338028169
0.22
0.35294117647058826
0.2911392405063291
0.5254237288135594
0.26666666666666666
0.2222222222222222
0.3695652173913043
0.23595505617977527
0.2871287128712871
0.25
0.27058823529411763
0.19298245614035087
0.3333333333333333
0.23333333333333334
0.21428571428571427
0.21666666666666667
0.28846153846153844
0.2962962962962963
0.4090909090909091
0.22580645161290322
0.234375
0.30952380952380953
0.5084745762711864
0.28865979381443296
0.24193548387096775
0.2988505747126437
0.3466666666666667
0.32926829268292684
0.23333333333333334
0.29333333333333333
0.23728813559322035
0.22826086956521738
0.4520547945205479
0.2727272727272727
0.23333333333333334
0.35714285714285715
0.22580645161290322
0.26785714285714285
0.25757575757575757
0.44285714285714284
0.42857142857142855
0.17647058823529413
0.18571428571428572
0.19402985074626866
0.3392857142857143
0.21212121212121213
0.22413793103448276
0.22058823529411764
0.3287671232876712
0.35443037974683544
0.22093023255813954
0.3150684931506849
0.2777777777777778
0.29577464788732394
0.2711864406779661
0.4
0.22807017543859648
0.234375
0.3108108108108108
0.2898550724637681
0.19672131147540983
0.23880597014925373
0.21052631578947367
0.3392857142857143
0.24615384615384617
0.31645569620253167
0.3333333333333333
0.23333333333333334
0.23232323232323232
0.2159090909090909
0.45
0.23076923076923078
0.16455696202531644
0.38596491228070173
0.3275862068965517
0.3333333333333333
0.25301204819277107
0.29577464788732394
0.25396825396825395
0.23728813559322035
0.25
0.26666666666666666
0.21428571428571427
0.32075471698113206
0.175
0.2535211267605634
0.28
0.2696629213483146
0.36764705882352944
0.234375
0.26785714285714285
0.21739130434782608
0.2191780821917808
0.3698630136986301
0.2631578947368421
0.24691358024691357
0.2708333333333333
0.24561403508771928
0.4444444444444444
0.26582278481012656
0.3541666666666667
0.29411764705882354
0.2638888888888889
0.33962264150943394
0.22807017543859648
0.3
0.3023255813953488
0.2222222222222222
0.22807017543859648
0.25862068965517243
0.20224719101123595
0.35185185185185186
0.21621621621621623
0.2
0.29577464788732394
0.2
0.21428571428571427
0.3148148148148148
0.24390243902439024
0.2318840579710145
0.26153846153846155
0.2549019607843137
0.34285714285714286
0.24193548387096775
0.2653061224489796
0.23728813559322035
0.2153846153846154
0.2702702702702703
0.19607843137254902
0.23214285714285715
0.2916666666666667
0.16455696202531644
0.16666666666666666
0.32967032967032966
0.19672131147540983
0.34523809523809523
0.27450980392156865
0.2948717948717949
0.323943661971831
0.30357142857142855
0.1935483870967742
0.34328358208955223
0.23333333333333334
0.32786885245901637
0.39436619718309857
0.21212121212121213
0.1935483870967742
0.19480519480519481
0.25862068965517243
0.2857142857142857
0.4107142857142857
0.26865671641791045
0.2153846153846154
0.26153846153846155
0.29577464788732394
0.2564102564102564
0.24390243902439024
0.25862068965517243
0.3584905660377358
0.2037037037037037
0.49230769230769234
0.2692307692307692
0.2604166666666667
0.2711864406779661
0.16666666666666666
0.34782608695652173
0.24528301886792453
0.23
0.2413793103448276
0.3116883116883117
0.25862068965517243
0.3076923076923077
0.24489795918367346
0.2878787878787879
0.1794871794871795
0.2638888888888889
0.28205128205128205
0.2676056338028169
0.29577464788732394
0.22033898305084745
0.29411764705882354
0.26153846153846155
0.34285714285714286
0.3559322033898305
0.2972972972972973
0.24074074074074073
0.22807017543859648
0.26785714285714285
0.18292682926829268
0.2962962962962963
0.3269230769230769
0.22580645161290322
0.3090909090909091
0.28205128205128205
0.2708333333333333
0.296875
0.17391304347826086
0.22988505747126436
0.36
0.1791044776119403
0.18181818181818182
0.43859649122807015
0.3023255813953488
0.3793103448275862
0.2
0.21212121212121213
0.3076923076923077
0.3148148148148148
0.22988505747126436
0.19298245614035087
0.22388059701492538
0.2542372881355932
0.21818181818181817
0.22093023255813954
0.24324324324324326
0.21666666666666667
0.3695652173913043
0.2
0.27586206896551724
0.3023255813953488
0.23214285714285715
0.2708333333333333
0.21875
0.22388059701492538
0.24
0.23809523809523808
0.1917808219178082
0.23076923076923078
0.20634920634920634
0.3924050632911392
0.46153846153846156
0.20754716981132076
0.25287356321839083
0.19696969696969696
0.23880597014925373
0.22807017543859648
0.2857142857142857
0.26785714285714285
0.22033898305084745
0.21212121212121213
0.22033898305084745
0.3
0.21686746987951808
0.22950819672131148
0.23076923076923078
0.23728813559322035
0.22950819672131148
0.29411764705882354
0.26785714285714285
0.234375
0.26153846153846155
0.2564102564102564
0.2857142857142857
0.49056603773584906
0.26785714285714285
0.37333333333333335
0.5306122448979592
0.2608695652173913
0.20408163265306123
0.20833333333333334
0.31666666666666665
0.2564102564102564
0.2602739726027397
0.3728813559322034
0.26785714285714285
0.3584905660377358
0.3695652173913043
0.2191780821917808
0.2054794520547945
0.3137254901960784
0.2602739726027397
0.275
0.22727272727272727
0.2631578947368421
0.24705882352941178
0.3670886075949367
0.20689655172413793
0.36
0.3116883116883117
0.25
0.23076923076923078
0.35185185185185186
0.1794871794871795
0.21686746987951808
0.26595744680851063
0.3150684931506849
0.27380952380952384
0.3673469387755102
0.20967741935483872
0.3
0.25
0.234375
0.2711864406779661
0.6612903225806451
0.25
0.24468085106382978
0.2028985507246377
0.32967032967032966
0.234375
0.21428571428571427
0.26666666666666666
0.22535211267605634
0.20967741935483872
0.2459016393442623
0.24324324324324326
0.27380952380952384
0.2857142857142857
0.23255813953488372
0.24096385542168675
0.29577464788732394
0.323943661971831
0.3048780487804878
0.20270270270270271
0.23076923076923078
0.2
0.373134328358209
0.2191780821917808
0.25
0.2
0.3291139240506329
0.2033898305084746
0.25862068965517243
0.20967741935483872
0.2676056338028169
0.19607843137254902
0.25806451612903225
0.25
0.29411764705882354
0.22727272727272727
0.2948717948717949
0.25675675675675674
0.27848101265822783
0.22413793103448276
0.3103448275862069
0.3125
0.2903225806451613
0.2441860465116279
0.3125
0.24561403508771928
0.24691358024691357
0.3392857142857143
0.19736842105263158
0.2
0.2054794520547945
0.20634920634920634
0.323943661971831
0.3333333333333333
0.1724137931034483
0.19402985074626866
0.2549019607843137
0.44642857142857145
0.3090909090909091
0.3018867924528302
0.2153846153846154
0.18840579710144928
0.29411764705882354
0.23636363636363636
0.2597402597402597
0.21428571428571427
0.21153846153846154
0.21951219512195122
0.16853932584269662
0.23636363636363636
0.23333333333333334
0.234375
0.22580645161290322
0.46153846153846156
0.38181818181818183
0.23529411764705882
0.3333333333333333
0.1875
0.35135135135135137
0.2676056338028169
0.2786885245901639
0.31666666666666665
0.2982456140350877
0.24074074074074073
0.21666666666666667
0.25806451612903225
0.26229508196721313
0.3333333333333333
0.36538461538461536
0.2676056338028169
0.36363636363636365
0.2926829268292683
0.3116883116883117
0.29545454545454547
0.3013698630136986
0.2891566265060241
0.18032786885245902
0.2459016393442623
0.3333333333333333
0.23333333333333334
0.2545454545454545
0.2894736842105263
0.2631578947368421
0.6363636363636364
0.28
0.3728813559322034
0.26785714285714285
0.3968253968253968
0.35555555555555557
0.2571428571428571
0.19230769230769232
0.273972602739726
0.19298245614035087
0.37254901960784315
0.35185185185185186
0.36363636363636365
0.21052631578947367
0.24285714285714285
0.21875
0.19047619047619047
0.19672131147540983
0.2962962962962963
0.24242424242424243
0.4032258064516129
0.30303030303030304
0.31645569620253167
0.20754716981132076
0.23595505617977527
0.24528301886792453
0.23809523809523808
0.3275862068965517
0.2
0.22972972972972974
0.2638888888888889
0.3148148148148148
0.2708333333333333
0.3188405797101449
0.3064516129032258
0.3380281690140845
0.22727272727272727
0.25862068965517243
0.20634920634920634
0.25925925925925924
0.2
0.373134328358209
0.20652173913043478
0.18666666666666668
0.19540229885057472
0.175
0.25806451612903225
0.2698412698412698
0.2708333333333333
0.2602739726027397
0.22413793103448276
0.3246753246753247
0.25806451612903225
0.2222222222222222
0.288135593220339
0.2857142857142857
0.3
0.22727272727272727
0.30303030303030304
0.25925925925925924
0.2711864406779661
0.22033898305084745
0.2631578947368421
0.23728813559322035
0.28125
0.45901639344262296
0.24096385542168675
0.40425531914893614
0.17333333333333334
0.234375
0.4266666666666667
0.2441860465116279
0.2807017543859649
0.2708333333333333
0.3673469387755102
0.20634920634920634
0.3020833333333333
0.2631578947368421
0.24358974358974358
0.46153846153846156
0.29
0.22972972972972974
0.19148936170212766
0.2459016393442623
0.22950819672131148
0.2558139534883721
0.3055555555555556
0.18421052631578946
0.22580645161290322
0.2542372881355932
0.25609756097560976
0.1839080459770115
0.23636363636363636
0.21311475409836064
0.24050632911392406
0.24390243902439024
0.22727272727272727
0.23636363636363636
0.3392857142857143
0.4482758620689655
0.25
0.19402985074626866
0.2289156626506024
0.31666666666666665
0.2631578947368421
0.4032258064516129
0.23529411764705882
0.19402985074626866
0.19444444444444445
0.234375
0.22093023255813954
0.47368421052631576
0.2413793103448276
0.21428571428571427
0.25862068965517243
0.24285714285714285
0.2711864406779661
0.22972972972972974
0.4
0.3137254901960784
0.23595505617977527
0.3584905660377358
0.234375
0.25
0.24074074074074073
0.2545454545454545
0.23333333333333334
0.2777777777777778
0.2898550724637681
0.24691358024691357
0.24705882352941178
0.32051282051282054
0.2711864406779661
0.2777777777777778
0.2727272727272727
0.2413793103448276
0.3764705882352941
0.234375
0.3055555555555556
0.2916666666666667
0.21052631578947367
0.2222222222222222
0.2987012987012987
0.26865671641791045
0.2542372881355932
0.352112676056338
0.29411764705882354
0.21311475409836064
0.27722772277227725
0.3392857142857143
0.3246753246753247
0.30864197530864196
0.31666666666666665
0.31666666666666665
0.22784810126582278
0.41304347826086957
0.2807017543859649
0.34285714285714286
0.2696629213483146
0.36363636363636365
0.234375
0.36
0.20833333333333334
0.203125
0.2127659574468085
0.3584905660377358
0.2125
0.24324324324324326
0.28
0.23943661971830985
0.2631578947368421
0.2413793103448276
0.21212121212121213
0.2962962962962963
0.26865671641791045
0.2807017543859649
0.3287671232876712
0.234375
0.6415094339622641
0.3137254901960784
0.23076923076923078
0.3958333333333333
0.22641509433962265
0.2542372881355932
0.23529411764705882
0.23076923076923078
0.2222222222222222
0.21875
0.23076923076923078
0.25757575757575757
0.18604651162790697
0.352112676056338
0.16176470588235295
0.25757575757575757
0.27586206896551724
0.25396825396825395
0.234375
0.3048780487804878
0.24691358024691357
0.24691358024691357
0.21666666666666667
0.19736842105263158
0.3125
0.1864406779661017
0.40816326530612246
0.2708333333333333
0.5362318840579711
0.21875
0.2549019607843137
0.2717391304347826
0.1791044776119403
0.25263157894736843
0.23333333333333334
0.23333333333333334
0.208955223880597
0.30120481927710846
0.21666666666666667
0.3230769230769231
0.34177215189873417
0.2608695652173913
0.25
0.234375
0.2
0.20754716981132076
0.2830188679245283
0.23728813559322035
0.27419354838709675
0.2777777777777778
0.21818181818181817
0.23595505617977527
0.2463768115942029
0.23333333333333334
0.21052631578947367
0.3541666666666667
0.21818181818181817
0.2653061224489796
0.25316455696202533
0.23333333333333334
0.24561403508771928
0.25806451612903225
0.32075471698113206
0.22972972972972974
0.2033898305084746
0.3220338983050847
0.3673469387755102
0.2777777777777778
0.19753086419753085
0.234375
0.19696969696969696
0.4166666666666667
0.25757575757575757
0.27586206896551724
0.20618556701030927
0.3333333333333333
0.4153846153846154
0.3287671232876712
0.22807017543859648
0.3023255813953488
0.25
0.29333333333333333
0.2625
0.25
0.18032786885245902
0.3333333333333333
0.1935483870967742
0.25925925925925924
0.42857142857142855
0.275
0.3269230769230769
0.35294117647058826
0.2222222222222222
0.24324324324324326
0.328125
0.234375
0.21518987341772153
0.25
0.2222222222222222
0.2222222222222222
0.33707865168539325
0.28378378378378377
0.1935483870967742
0.2112676056338028
0.2463768115942029
0.2459016393442623
0.19101123595505617
0.6666666666666666
0.2553191489361702
0.34615384615384615
0.46551724137931033
0.23333333333333334
0.25862068965517243
0.25806451612903225
0.36231884057971014
0.22807017543859648
0.22535211267605634
0.22950819672131148
0.17721518987341772
0.30357142857142855
0.34
0.22413793103448276
0.22807017543859648
0.24074074074074073
0.36538461538461536
0.24561403508771928
0.18181818181818182
0.25
0.21666666666666667
0.29896907216494845
0.23076923076923078
0.2875
0.1875
0.2037037037037037
0.2
0.31666666666666665
0.22413793103448276
0.2808988764044944
0.21428571428571427
0.3137254901960784
0.3333333333333333
0.19402985074626866
0.25
0.30434782608695654
0.2696629213483146
0.21818181818181817
0.20689655172413793
0.2777777777777778
0.22857142857142856
0.2777777777777778
0.23943661971830985
0.23333333333333334
0.3157894736842105
0.36363636363636365
0.24
0.25
0.25
0.27956989247311825
0.35185185185185186
0.234375
0.2909090909090909
0.3466666666666667
0.3958333333333333
0.22807017543859648
0.3333333333333333
0.19672131147540983
0.22388059701492538
0.2682926829268293
0.24528301886792453
0.2857142857142857
0.3037974683544304
0.3018867924528302
0.1746031746031746
0.25
0.3695652173913043
0.23728813559322035
0.2807017543859649
0.234375
0.2153846153846154
0.2413793103448276
0.1746031746031746
0.4166666666666667
0.25
0.275
0.20454545454545456
0.1782178217821782
0.22807017543859648
0.21428571428571427
0.25862068965517243
0.2857142857142857
0.23809523809523808
0.26153846153846155
0.22950819672131148
0.2708333333333333
0.25609756097560976
0.27848101265822783
0.25
0.37037037037037035
0.26865671641791045
0.38571428571428573
0.29411764705882354
0.2608695652173913
0.2962962962962963
0.19148936170212766
0.26666666666666666
0.21428571428571427
0.3157894736842105
0.30434782608695654
0.20754716981132076
0.22857142857142856
0.25882352941176473
0.37142857142857144
0.19047619047619047
0.29213483146067415
0.2638888888888889
0.3561643835616438
0.29411764705882354
0.23214285714285715
0.2459016393442623
0.28846153846153844
0.19402985074626866
0.2558139534883721
0.2564102564102564
0.22058823529411764
0.6666666666666666
0.19672131147540983
0.16666666666666666
0.3492063492063492
0.23333333333333334
0.45614035087719296
0.6027397260273972
0.2441860465116279
0.20454545454545456
0.16923076923076924
0.2916666666666667
0.2857142857142857
0.23943661971830985
0.296875
0.38235294117647056
0.35185185185185186
0.25333333333333335
0.2948717948717949
0.2753623188405797
0.24691358024691357
0.3269230769230769
0.47368421052631576
0.22972972972972974
0.3541666666666667
0.23809523809523808
0.3
0.2413793103448276
0.20212765957446807
0.3013698630136986
0.2777777777777778
0.21212121212121213
0.22413793103448276
0.2911392405063291
0.24
0.28169014084507044
0.23214285714285715
0.18421052631578946
0.24561403508771928
0.22413793103448276
0.35185185185185186
0.2463768115942029
0.32967032967032966
0.22448979591836735
0.27848101265822783
0.24528301886792453
0.3055555555555556
0.24242424242424243
0.22580645161290322
0.2222222222222222
0.22857142857142856
0.2676056338028169
0.26
0.234375
0.17333333333333334
0.30985915492957744
0.2808988764044944
0.25333333333333335
0.3137254901960784
0.21052631578947367
0.22641509433962265
0.25806451612903225
0.25
0.3137254901960784
0.38271604938271603
0.26136363636363635
0.20454545454545456
0.25806451612903225
0.3448275862068966
0.2647058823529412
0.3584905660377358
0.35185185185185186
0.3870967741935484
0.2413793103448276
0.410958904109589
0.16129032258064516
0.203125
0.24691358024691357
0.2909090909090909
0.2631578947368421
0.25
0.25396825396825395
0.25757575757575757
0.20408163265306123
0.28846153846153844
0.29411764705882354
0.28169014084507044
0.2777777777777778
0.3150684931506849
0.27586206896551724
0.2
0.3584905660377358
0.21875
0.23214285714285715
0.23076923076923078
0.25862068965517243
0.46153846153846156
0.22807017543859648
0.21212121212121213
0.25
0.5686274509803921
0.2857142857142857
0.25
0.22033898305084745
0.32051282051282054
0.21428571428571427
0.3695652173913043
0.265625
0.24705882352941178
0.3333333333333333
0.3137254901960784
0.31666666666666665
0.2413793103448276
0.27710843373493976
0.2857142857142857
0.23809523809523808
0.33783783783783783
0.21794871794871795
0.25333333333333335
0.27472527472527475
0.22807017543859648
0.2
0.22
0.23076923076923078
0.20634920634920634
0.2318840579710145
0.208955223880597
0.2711864406779661
0.25675675675675674
0.2549019607843137
0.21794871794871795
0.2894736842105263
0.2857142857142857
0.3372093023255814
0.3137254901960784
0.23728813559322035
0.2153846153846154
0.3108108108108108
0.48
0.3287671232876712
0.2948717948717949
0.22972972972972974
0.3088235294117647
0.4339622641509434
0.29508196721311475
0.26865671641791045
0.2191780821917808
0.2542372881355932
0.2
0.1724137931034483
0.21666666666666667
0.3424657534246575
0.23076923076923078
0.16417910447761194
0.21428571428571427
0.4166666666666667
0.2465753424657534
0.23684210526315788
0.2413793103448276
0.23076923076923078
0.17391304347826086
0.27906976744186046
0.23636363636363636
0.23809523809523808
0.17391304347826086
0.22580645161290322
0.30666666666666664
0.25
0.19298245614035087
0.2465753424657534
0.2542372881355932
0.25
0.19480519480519481
0.23333333333333334
0.23809523809523808
0.22033898305084745
0.3728813559322034
0.2459016393442623
0.2328767123287671
0.24731182795698925
0.3018867924528302
0.24074074074074073
0.2962962962962963
0.23809523809523808
0.21568627450980393
0.3953488372093023
0.2727272727272727
0.22950819672131148
0.2112676056338028
0.2222222222222222
0.22388059701492538
0.21428571428571427
0.16923076923076924
0.17777777777777778
0.19672131147540983
0.3076923076923077
0.3448275862068966
0.25
0.3055555555555556
0.22807017543859648
0.3076923076923077
0.24096385542168675
0.32967032967032966
0.2549019607843137
0.2153846153846154
0.18888888888888888
0.4807692307692308
0.28846153846153844
0.3698630136986301
0.3137254901960784
0.23333333333333334
0.27380952380952384
0.25806451612903225
0.29411764705882354
0.25396825396825395
0.3114754098360656
0.6666666666666666
0.3018867924528302
0.2553191489361702
0.3333333333333333
0.2692307692307692
0.19672131147540983
0.2631578947368421
0.3541666666666667
0.2542372881355932
0.2653061224489796
0.30864197530864196
0.37037037037037035
0.2441860465116279
0.2033898305084746
0.2777777777777778
0.22807017543859648
0.1958762886597938
0.4032258064516129
0.34545454545454546
0.32894736842105265
0.22388059701492538
0.20967741935483872
0.4032258064516129
0.22413793103448276
0.2857142857142857
0.2830188679245283
0.3157894736842105
0.2033898305084746
0.19101123595505617
0.34
0.1864406779661017
0.36764705882352944
0.25862068965517243
0.2631578947368421
0.5892857142857143
0.16049382716049382
0.2857142857142857
0.3037974683544304
0.3870967741935484
0.1935483870967742
0.25274725274725274
0.3541666666666667
0.3235294117647059
0.29411764705882354
0.3013698630136986
0.34545454545454546
0.2840909090909091
0.30357142857142855
0.22388059701492538
0.2
0.24528301886792453
0.2361111111111111
0.3194444444444444
0.25
0.32926829268292684
0.2777777777777778
0.22727272727272727
0.25757575757575757
0.20930232558139536
0.26881720430107525
0.2542372881355932
0.32075471698113206
0.22950819672131148
0.23636363636363636
0.22807017543859648
0.25
0.22807017543859648
0.2571428571428571
0.3125
0.16176470588235295
0.21311475409836064
0.19672131147540983
0.2898550724637681
0.4166666666666667
0.30097087378640774
0.29411764705882354
0.26785714285714285
0.2318840579710145
0.28735632183908044
0.3
0.25609756097560976
0.2
0.21951219512195122
0.26666666666666666
0.2638888888888889
0.46153846153846156
0.2876712328767123
0.23943661971830985
0.208955223880597
0.25
0.26785714285714285
0.2553191489361702
0.203125
0.27906976744186046
0.29850746268656714
0.25925925925925924
0.24285714285714285
0.2054794520547945
0.2727272727272727
0.25757575757575757
0.37037037037037035
0.3448275862068966
0.22033898305084745
0.23595505617977527
0.4305555555555556
0.23943661971830985
0.26785714285714285
0.21621621621621623
0.21505376344086022
0.25757575757575757
0.21666666666666667
0.2653061224489796
0.1794871794871795
0.20689655172413793
0.20634920634920634
0.21311475409836064
0.2033898305084746
0.2708333333333333
0.21212121212121213
0.23076923076923078
0.2553191489361702
0.2549019607843137
0.23333333333333334
0.2619047619047619
0.24444444444444444
0.29577464788732394
0.23333333333333334
0.2962962962962963
0.32967032967032966
0.1875
0.2542372881355932
0.3181818181818182
0.234375
0.234375
0.2631578947368421
0.42028985507246375
0.2708333333333333
0.21818181818181817
0.21311475409836064
0.22413793103448276
0.22535211267605634
0.3064516129032258
0.32
0.23333333333333334
0.20967741935483872
0.21052631578947367
0.2962962962962963
0.3382352941176471
0.2716049382716049
0.3333333333333333
0.5686274509803921
0.25609756097560976
0.19672131147540983
0.3018867924528302
0.2830188679245283
0.23943661971830985
0.2916666666666667
0.3958333333333333
0.19767441860465115
0.25
0.2222222222222222
0.3541666666666667
0.22535211267605634
0.21818181818181817
0.25
0.2711864406779661
0.3225806451612903
0.2328767123287671
0.25
0.2
0.23809523809523808
0.24
0.26666666666666666
0.20454545454545456
0.2857142857142857
0.3387096774193548
0.3064516129032258
0.22666666666666666
0.23076923076923078
0.22413793103448276
0.3013698630136986
0.18309859154929578
0.1875
0.18181818181818182
0.22857142857142856
0.25
0.2911392405063291
0.2839506172839506
0.20202020202020202
0.3058823529411765
0.2222222222222222
0.3333333333333333
0.26153846153846155
0.3448275862068966
0.1728395061728395
0.2682926829268293
0.21518987341772153
0.2962962962962963
0.24242424242424243
0.2926829268292683
0.21428571428571427
0.2631578947368421
0.22413793103448276
0.27631578947368424
0.2
0.2
0.19718309859154928
0.208955223880597
0.23076923076923078
0.2318840579710145
0.26136363636363635
0.24528301886792453
0.24074074074074073
0.2711864406779661
0.2625
0.2962962962962963
0.18421052631578946
0.2222222222222222
0.24561403508771928
0.5
0.31645569620253167
0.2692307692307692
0.25
0.2112676056338028
0.22807017543859648
0.3013698630136986
0.25
0.3508771929824561
0.20833333333333334
0.21311475409836064
0.24242424242424243
0.25
0.25862068965517243
0.2153846153846154
0.35185185185185186
0.19101123595505617
0.24528301886792453
0.234375
0.2403846153846154
0.25
0.21666666666666667
0.16091954022988506
0.27586206896551724
0.25
0.25675675675675674
0.2692307692307692
0.3333333333333333
0.3448275862068966
0.3333333333333333
0.25
0.23076923076923078
0.26785714285714285
0.34285714285714286
0.2916666666666667
0.25
0.22580645161290322
0.26666666666666666
0.2222222222222222
0.21212121212121213
0.3673469387755102
0.20270270270270271
0.24691358024691357
0.24074074074074073
0.1774193548387097
0.22727272727272727
0.2980769230769231
0.19736842105263158
0.28846153846153844
0.18333333333333332
0.34782608695652173
0.25806451612903225
0.2441860465116279
0.21052631578947367
0.2909090909090909
0.3150684931506849
0.24193548387096775
0.3220338983050847
0.22857142857142856
0.1625
0.35294117647058826
0.32075471698113206
0.22535211267605634
0.2631578947368421
0.24731182795698925
0.4166666666666667
0.2857142857142857
0.23809523809523808
0.3142857142857143
0.24193548387096775
0.22727272727272727
0.29411764705882354
0.1875
0.20618556701030927
0.20967741935483872
0.2714285714285714
0.24675324675324675
0.26229508196721313
0.28735632183908044
0.23333333333333334
0.37254901960784315
0.21348314606741572
0.29411764705882354
0.3333333333333333
0.22413793103448276
0.19298245614035087
0.2222222222222222
0.2542372881355932
0.2903225806451613
0.4520547945205479
0.3880597014925373
0.23076923076923078
0.23333333333333334
0.2413793103448276
0.40384615384615385
0.32967032967032966
0.25333333333333335
0.1794871794871795
0.3584905660377358
0.2916666666666667
0.20967741935483872
0.2
0.23529411764705882
0.24468085106382978
0.24528301886792453
0.26
0.3125
0.19047619047619047
0.16883116883116883
0.2857142857142857
0.24242424242424243
0.2982456140350877
0.30357142857142855
0.2786885245901639
0.3050847457627119
0.22807017543859648
0.1791044776119403
0.27358490566037735
0.19607843137254902
0.3392857142857143
0.18867924528301888
0.2982456140350877
0.2597402597402597
0.2692307692307692
0.25925925925925924
0.32653061224489793
0.30985915492957744
0.3382352941176471
0.2676056338028169
0.3409090909090909
0.26785714285714285
0.2911392405063291
0.22807017543859648
0.2826086956521739
0.3157894736842105
0.24675324675324675
0.3088235294117647
0.18840579710144928
0.2872340425531915
0.46153846153846156
0.27380952380952384
0.3541666666666667
0.21428571428571427
0.24074074074074073
0.29411764705882354
0.25
0.25757575757575757
0.35185185185185186
0.3283582089552239
0.2982456140350877
0.2972972972972973
0.234375
0.24
0.2564102564102564
0.25
0.2878787878787879
0.23728813559322035
0.1935483870967742
0.22413793103448276
0.2777777777777778
0.26506024096385544
0.19696969696969696
0.3191489361702128
0.21666666666666667
0.25
0.2696629213483146
0.36
0.3548387096774194
0.2676056338028169
0.16470588235294117
0.22580645161290322
0.23333333333333334
0.22580645161290322
0.2553191489361702
0.2631578947368421
0.25806451612903225
0.25862068965517243
0.25806451612903225
0.24193548387096775
0.25
0.36923076923076925
0.46153846153846156
0.3392857142857143
0.24193548387096775
0.3013698630136986
0.23076923076923078
0.2727272727272727
0.2727272727272727
0.23636363636363636
0.24285714285714285
0.234375
0.20588235294117646
0.2857142857142857
0.23809523809523808
0.25862068965517243
0.2465753424657534
0.3018867924528302
0.22058823529411764
0.22093023255813954
0.25806451612903225
0.17391304347826086
0.2
0.22388059701492538
0.23636363636363636
0.27906976744186046
0.26229508196721313
0.24285714285714285
0.25
0.3148148148148148
0.23333333333333334
0.2833333333333333
0.3103448275862069
0.23880597014925373
0.2413793103448276
0.23636363636363636
0.3064516129032258
0.22807017543859648
0.28169014084507044
0.30357142857142855
0.16666666666666666
0.21311475409836064
0.24285714285714285
0.2777777777777778
0.3157894736842105
0.27450980392156865
0.24468085106382978
0.3148148148148148
0.2413793103448276
0.2948717948717949
0.22950819672131148
0.2542372881355932
0.20833333333333334
0.37037037037037035
0.3764705882352941
0.2153846153846154
0.26229508196721313
0.3018867924528302
0.4520547945205479
0.23728813559322035
0.2857142857142857
0.1896551724137931
0.2840909090909091
0.5
0.23595505617977527
0.3020833333333333
0.29411764705882354
0.29411764705882354
0.21052631578947367
0.19672131147540983
0.34444444444444444
0.24074074074074073
0.410958904109589
0.29411764705882354
0.2653061224489796
0.26229508196721313
0.2542372881355932
0.2222222222222222
0.2
0.1780821917808219
0.2619047619047619
0.53125
0.20430107526881722
0.22950819672131148
0.24324324324324326
0.2112676056338028
0.42857142857142855
0.30303030303030304
0.22388059701492538
0.3695652173913043
0.22950819672131148
0.22580645161290322
0.2909090909090909
0.29850746268656714
0.21875
0.2807017543859649
0.21428571428571427
0.288135593220339
0.2597402597402597
0.25
0.21428571428571427
0.32558139534883723
0.19767441860465115
0.2
0.37254901960784315
0.24675324675324675
0.25882352941176473
0.29473684210526313
0.2909090909090909
0.3076923076923077
0.2413793103448276
0.34615384615384615
0.23076923076923078
0.24193548387096775
0.36363636363636365
0.2
0.23728813559322035
0.22580645161290322
0.24
0.23809523809523808
0.29333333333333333
0.2028985507246377
0.26229508196721313
0.2962962962962963
0.2898550724637681
0.19047619047619047
0.21875
0.22448979591836735
0.28
0.34782608695652173
0.23076923076923078
0.2631578947368421
0.20408163265306123
0.2413793103448276
0.40425531914893614
0.1896551724137931
0.25
0.21666666666666667
0.3055555555555556
0.22950819672131148
0.273972602739726
0.20833333333333334
0.2465753424657534
0.20481927710843373
0.25609756097560976
0.1935483870967742
0.21818181818181817
0.36764705882352944
0.3269230769230769
0.2222222222222222
0.4266666666666667
0.2631578947368421
0.3194444444444444
0.29333333333333333
0.2571428571428571
0.3333333333333333
0.2692307692307692
0.2676056338028169
0.21794871794871795
0.26865671641791045
0.26153846153846155
0.23529411764705882
0.3617021276595745
0.19480519480519481
0.2631578947368421
0.3188405797101449
0.22727272727272727
0.22535211267605634
0.410958904109589
0.24489795918367346
0.22580645161290322
0.24193548387096775
0.34328358208955223
0.23684210526315788
0.23636363636363636
0.234375
0.3018867924528302
0.2222222222222222
0.2857142857142857
0.2191780821917808
0.29333333333333333
0.2564102564102564
0.35185185185185186
0.21818181818181817
0.2602739726027397
0.1917808219178082
0.21666666666666667
0.24444444444444444
0.24561403508771928
0.23333333333333334
0.22666666666666666
0.20689655172413793
0.29411764705882354
0.34
0.28888888888888886
0.23214285714285715
0.3137254901960784
0.21311475409836064
0.26785714285714285
0.19672131147540983
0.21666666666666667
0.21311475409836064
0.3287671232876712
0.2696629213483146
0.25806451612903225
0.3541666666666667
0.34545454545454546
0.2037037037037037
0.25862068965517243
0.2833333333333333
0.2815533980582524
0.22105263157894736
0.17543859649122806
0.43103448275862066
0.22535211267605634
0.25
0.5094339622641509
0.29473684210526313
0.19444444444444445
0.23076923076923078
0.27956989247311825
0.23863636363636365
0.2028985507246377
0.20689655172413793
0.25
0.37254901960784315
0.2682926829268293
0.23076923076923078
0.2911392405063291
0.4266666666666667
0.32142857142857145
0.29577464788732394
0.3064516129032258
0.27631578947368424
0.33962264150943394
0.24390243902439024
0.3137254901960784
0.28169014084507044
0.2441860465116279
0.22388059701492538
0.2268041237113402
0.24210526315789474
0.21875
0.22413793103448276
0.22641509433962265
0.35185185185185186
0.3176470588235294
0.234375
0.23076923076923078
0.208955223880597
0.2765957446808511
0.3064516129032258
0.2222222222222222
0.2619047619047619
0.3258426966292135
0.23943661971830985
0.26785714285714285
0.22033898305084745
0.4126984126984127
0.2
0.345679012345679
0.20588235294117646
0.19387755102040816
0.21052631578947367
0.35185185185185186
0.30864197530864196
0.2641509433962264
0.21818181818181817