0.39215686274509803
0.35
0.6857142857142857
0.34615384615384615
0.6379310344827587
0.3972602739726027
0.37209302325581395
0.4117647058823529
0.38235294117647056
0.40816326530612246
0.5777777777777777
0.3472222222222222
0.37735849056603776
0.3620689655172414
0.4166666666666667
0.6491228070175439
0.3918918918918919
0.4461538461538462
0.6046511627906976
0.352112676056338
0.3611111111111111
0.48214285714285715
0.39215686274509803
0.5
0.35443037974683544
0.35714285714285715
0.2714285714285714
0.3118279569892473
0.3384615384615385
0.4807692307692308
0.40384615384615385
0.4935064935064935
0.2876712328767123
0.4423076923076923
0.38181818181818183
0.627906976744186
0.5833333333333334
0.47619047619047616
0.4605263157894737
0.2903225806451613
0.375
0.26666666666666666
0.37681159420289856
0.43859649122807015
0.37735849056603776
0.35714285714285715
0.40476190476190477
0.6176470588235294
0.39215686274509803
0.3508771929824561
0.41935483870967744
0.3088235294117647
0.3387096774193548
0.37142857142857144
0.5
0.3968253968253968
0.5918367346938775
0.647887323943662
0.38461538461538464
0.43478260869565216
0.6727272727272727
0.47058823529411764
0.5689655172413793
0.4915254237288136
0.37662337662337664
0.38235294117647056
0.4411764705882353
0.37333333333333335
0.32142857142857145
0.3424657534246575
0.4222222222222222
0.5
0.2948717948717949
0.2698412698412698
0.3783783783783784
0.3559322033898305
0.4666666666666667
0.38461538461538464
0.45
0.390625
0.26666666666666666
0.3448275862068966
0.34782608695652173
0.4126984126984127
0.2727272727272727
0.6229508196721312
0.5606060606060606
0.5892857142857143
0.68
0.3548387096774194
0.42857142857142855
0.4090909090909091
0.34210526315789475
0.29508196721311475
0.3815789473684211
0.36
0.3698630136986301
0.3880597014925373
0.37681159420289856
0.3829787234042553
0.328125
0.4225352112676056
0.41509433962264153
0.38202247191011235
0.28
0.3442622950819672
0.4482758620689655
0.6170212765957447
0.6666666666666666
0.2638888888888889
0.3620689655172414
0.5
0.4126984126984127
0.5128205128205128
0.4126984126984127
0.36619718309859156
0.4225352112676056
0.4305555555555556
0.6607142857142857
0.6142857142857143
0.45454545454545453
0.39436619718309857
0.4126984126984127
0.421875
0.509090909090909
0.6481481481481481
0.4918032786885246
0.5263157894736842
0.3684210526315789
0.4074074074074074
0.23076923076923078
0.2602739726027397
0.45161290322580644
0.7121212121212122
0.34375
0.2564102564102564
0.5192307692307693
0.43333333333333335
0.47619047619047616
0.4305555555555556
0.40625
0.37735849056603776
0.47297297297297297
0.4166666666666667
0.4225352112676056
0.6086956521739131
0.3595505617977528
0.352112676056338
0.4155844155844156
0.29850746268656714
0.39215686274509803
0.45454545454545453
0.3870967741935484
0.36
0.48148148148148145
0.4262295081967213
0.2911392405063291
0.8974358974358975
0.5952380952380952
0.37681159420289856
0.3611111111111111
0.4225352112676056
0.2602739726027397
0.4230769230769231
0.4925373134328358
0.43283582089552236
0.4222222222222222
0.2898550724637681
0.42528735632183906
0.3333333333333333
0.4126984126984127
0.676056338028169
0.5409836065573771
0.45454545454545453
0.43661971830985913
0.4878048780487805
0.7818181818181819
0.41304347826086957
0.425
0.3424657534246575
0.5333333333333333
0.3424657534246575
0.5636363636363636
0.3974358974358974
0.6056338028169014
0.5614035087719298
0.43478260869565216
0.6774193548387096
0.2786885245901639
0.4166666666666667
0.3939393939393939
0.6
0.6111111111111112
0.44642857142857145
0.4305555555555556
0.4090909090909091
0.5172413793103449
0.34782608695652173
0.5106382978723404
0.41935483870967744
0.4117647058823529
0.4603174603174603
0.2857142857142857
0.5573770491803278
0.49019607843137253
0.375
0.3246753246753247
0.39285714285714285
0.36904761904761907
0.46774193548387094
0.2804878048780488
0.2631578947368421
0.4126984126984127
0.37681159420289856
0.6857142857142857
0.43037974683544306
0.39215686274509803
0.3939393939393939
0.5862068965517241
0.5
0.42857142857142855
0.3275862068965517
0.2714285714285714
0.391304347826087
0.7321428571428571
0.7368421052631579
0.509090909090909
0.7058823529411765
0.41975308641975306
0.5147058823529411
0.3953488372093023
0.48936170212765956
0.34328358208955223
0.6666666666666666
0.3382352941176471
0.37735849056603776
0.3888888888888889
0.3291139240506329
0.25675675675675674
0.3611111111111111
0.3888888888888889
0.3974358974358974
0.423728813559322
0.4235294117647059
0.3835616438356164
0.3333333333333333
0.46808510638297873
0.6666666666666666
0.5362318840579711
0.40384615384615385
0.3023255813953488
0.32857142857142857
0.3835616438356164
0.417910447761194
0.4
0.425531914893617
0.3
0.3620689655172414
0.2535211267605634
0.32558139534883723
0.453125
0.2564102564102564
0.32142857142857145
0.417910447761194
0.38461538461538464
0.46938775510204084
0.6142857142857143
0.4838709677419355
0.36363636363636365
0.3728813559322034
0.44594594594594594
0.4666666666666667
0.3559322033898305
0.46296296296296297
0.5384615384615384
0.25316455696202533
0.39215686274509803
0.41818181818181815
0.36
0.4492753623188406
0.3424657534246575
0.2982456140350877
0.43283582089552236
0.5873015873015873
0.375
0.3611111111111111
0.4915254237288136
0.4246575342465753
0.40298507462686567
0.40384615384615385
0.4927536231884058
0.7755102040816326
0.22784810126582278
0.515625
0.42857142857142855
0.4626865671641791
0.4528301886792453
0.4
0.46
0.42857142857142855
0.5476190476190477
0.40816326530612246
0.43478260869565216
0.4772727272727273
0.29411764705882354
0.36363636363636365
0.45614035087719296
0.3559322033898305
0.45454545454545453
0.37681159420289856
0.6046511627906976
0.40625
0.8571428571428571
0.48717948717948717
0.5211267605633803
0.49230769230769234
0.4090909090909091
0.6764705882352942
0.36231884057971014
0.5476190476190477
0.3492063492063492
0.6285714285714286
0.453125
0.5263157894736842
0.4262295081967213
0.3972602739726027
0.35384615384615387
0.48148148148148145
0.358974358974359
0.3617021276595745
0.6805555555555556
0.5294117647058824
0.3103448275862069
0.4827586206896552
0.4090909090909091
0.33783783783783783
0.5384615384615384
0.37037037037037035
0.38235294117647056
0.9814814814814815
0.25
0.32
0.3918918918918919
0.6046511627906976
0.463768115942029
0.4939759036144578
0.5
0.33962264150943394
0.49056603773584906
0.42
0.5740740740740741
0.6956521739130435
0.7857142857142857
0.3670886075949367
0.27848101265822783
0.273972602739726
0.3442622950819672
0.3157894736842105
0.367816091954023
0.4838709677419355
0.5084745762711864
0.375
0.425
0.3382352941176471
0.35714285714285715
0.3382352941176471
0.25806451612903225
0.5125
0.3888888888888889
0.46774193548387094
0.40625
0.7962962962962963
0.59375
0.32941176470588235
0.41935483870967744
0.3898305084745763
0.38571428571428573
0.6037735849056604
0.7096774193548387
0.37349397590361444
0.46153846153846156
0.7586206896551724
0.6727272727272727
0.36231884057971014
0.46875
0.4057971014492754
0.35294117647058826
0.3103448275862069
0.417910447761194
0.4470588235294118
0.4
0.6379310344827587
0.4883720930232558
0.2638888888888889
0.4393939393939394
0.4230769230769231
0.5942028985507246
0.3728813559322034
0.42857142857142855
0.2653061224489796
0.8
0.38666666666666666
0.4032258064516129
0.5189873417721519
0.5
0.38666666666666666
0.3770491803278688
0.6111111111111112
0.5555555555555556
0.3880597014925373
0.4880952380952381
0.27906976744186046
0.4
0.3563218390804598
0.40384615384615385
0.275
0.4393939393939394
0.36619718309859156
0.2727272727272727
0.35714285714285715
0.3541666666666667
0.38181818181818183
0.41935483870967744
0.5961538461538461
0.5074626865671642
0.3013698630136986
0.5652173913043478
0.46296296296296297
0.3389830508474576
0.2647058823529412
0.4225352112676056
0.4507042253521127
0.49019607843137253
0.6285714285714286
0.36619718309859156
0.375
0.26666666666666666
0.4027777777777778
0.37681159420289856
0.3584905660377358
0.3620689655172414
0.36764705882352944
0.24731182795698925