0.30303030303030304
0.4117647058823529
0.39759036144578314
0.4222222222222222
0.7466666666666667
0.390625
0.35714285714285715
0.5
0.3424657534246575
0.3855421686746988
0.40298507462686567
0.4426229508196721
0.5151515151515151
0.3384615384615385
0.547945205479452
0.7272727272727273
0.5192307692307693
0.3815789473684211
0.3409090909090909
0.4897959183673469
0.30612244897959184
0.4594594594594595
0.25806451612903225
0.6521739130434783
0.4189189189189189
0.3148148148148148
0.4888888888888889
0.3939393939393939
0.38028169014084506
0.3
0.2987012987012987
0.37777777777777777
0.40350877192982454
0.7313432835820896
0.6323529411764706
0.7058823529411765
0.44594594594594594
0.44
0.49230769230769234
0.325
0.3620689655172414
0.36923076923076925
0.5846153846153846
0.43956043956043955
0.5128205128205128
0.35526315789473684
0.4
0.3055555555555556
0.25925925925925924
0.5616438356164384
0.4025974025974026
0.44680851063829785
0.28205128205128205
0.5301204819277109
0.746268656716418
0.358974358974359
0.4880952380952381
0.4393939393939394
0.29310344827586204
0.40229885057471265
0.47058823529411764
0.3918918918918919
0.3902439024390244
0.40217391304347827
0.5333333333333333
0.475
0.6617647058823529
0.47297297297297297
0.3188405797101449
0.48717948717948717
0.44642857142857145
0.34444444444444444
0.4888888888888889
0.45263157894736844
0.4457831325301205
0.3709677419354839
0.47619047619047616
0.5866666666666667
0.4222222222222222
0.6
0.40217391304347827
0.4342105263157895
0.4268292682926829
0.8085106382978723
0.4
0.297029702970297
0.6521739130434783
0.4117647058823529
0.40476190476190477
0.3793103448275862
0.7894736842105263
0.3838383838383838
0.5
0.5
0.3037974683544304
0.42857142857142855
0.3384615384615385
0.4393939393939394
0.32941176470588235
0.46835443037974683
0.4270833333333333
0.2976190476190476
0.3076923076923077
0.32558139534883723
0.2903225806451613
0.2857142857142857
0.4230769230769231
0.47692307692307695
0.3380281690140845
0.37037037037037035
0.38095238095238093
0.38636363636363635
0.3010752688172043
0.4675324675324675
0.410958904109589
0.4342105263157895
0.532258064516129
0.4470588235294118
0.28735632183908044
0.4358974358974359
0.30158730158730157
0.3424657534246575
0.31521739130434784
0.29591836734693877
0.3
0.38823529411764707
0.5492957746478874
0.323943661971831
0.3333333333333333
0.32098765432098764
0.32989690721649484
0.45454545454545453
0.43209876543209874
0.5538461538461539
0.29411764705882354
0.3977272727272727
0.3048780487804878
0.36
0.4588235294117647
0.44871794871794873
0.6268656716417911
0.35106382978723405
0.4473684210526316
0.40789473684210525
0.359375
0.6129032258064516
0.4915254237288136
0.39080459770114945
0.3559322033898305
0.41379310344827586
0.35384615384615387
0.35526315789473684
0.7966101694915254
0.6909090909090909
0.4878048780487805
0.5
0.3230769230769231
0.35714285714285715
0.32098765432098764
0.5405405405405406
0.5070422535211268
0.43243243243243246
0.6056338028169014
0.4533333333333333
0.44047619047619047
0.4868421052631579
0.609375
0.30952380952380953
0.30337078651685395
0.4888888888888889
0.3333333333333333
0.34615384615384615
0.5641025641025641
0.4794520547945205
0.44776119402985076
0.6285714285714286
0.5411764705882353
0.5319148936170213
0.25925925925925924
0.5061728395061729
0.4268292682926829
0.581081081081081
0.3787878787878788
0.41333333333333333
0.5172413793103449
0.4069767441860465
0.3076923076923077
0.5652173913043478
0.47619047619047616
0.4
0.9310344827586207
0.2619047619047619
0.45
0.34065934065934067
0.5588235294117647
0.4
0.5106382978723404
0.5061728395061729
0.41509433962264153
0.36923076923076925
0.3258426966292135
0.4065934065934066
0.38028169014084506
0.39325842696629215
0.48
0.38461538461538464
0.5217391304347826
0.36046511627906974
0.3188405797101449
0.37037037037037035
0.3522727272727273
0.3181818181818182
0.4153846153846154
0.47435897435897434
0.29333333333333333
0.35714285714285715
0.47126436781609193
0.49333333333333335
0.34615384615384615
0.45454545454545453
0.2553191489361702
0.6338028169014085
0.45714285714285713
0.4819277108433735
0.35714285714285715
0.4318181818181818
0.25742574257425743
0.32857142857142857
0.4457831325301205
0.7288135593220338
0.3709677419354839
0.22784810126582278
0.8571428571428571
0.36231884057971014
0.8769230769230769
0.3253012048192771
0.45614035087719296
0.2823529411764706
0.3111111111111111
0.46153846153846156
0.46236559139784944
0.32323232323232326
0.3125
0.6857142857142857
0.36486486486486486
0.4659090909090909
0.2857142857142857
0.21428571428571427
0.32941176470588235
0.43529411764705883
0.2840909090909091
0.40217391304347827
0.4222222222222222
0.3684210526315789
0.26506024096385544
0.4024390243902439
0.6451612903225806
0.3258426966292135
0.3625
0.9166666666666666
0.5857142857142857
0.4473684210526316
0.3
0.676923076923077
0.4634146341463415
0.4025974025974026
0.32954545454545453
0.8490566037735849
0.3013698630136986
0.6101694915254238
0.45555555555555555
0.4375
0.5230769230769231
0.4431818181818182
0.35365853658536583
0.53125
0.6166666666666667
0.6891891891891891
0.410958904109589
0.4852941176470588
0.3181818181818182
0.48
0.6842105263157895
0.5211267605633803
0.43529411764705883
0.4626865671641791
0.6527777777777778
0.38235294117647056
0.3
0.47619047619047616
0.4794520547945205
0.3516483516483517
0.3068181818181818
0.35
0.54
0.4657534246575342
0.49382716049382713
0.6527777777777778
0.5510204081632653
0.425
0.2716049382716049
0.6029411764705882
0.45161290322580644
0.45454545454545453
0.65625
0.45454545454545453
0.49056603773584906
0.3472222222222222
0.4125
0.3263157894736842
0.23469387755102042
0.44594594594594594
0.4189189189189189
0.38823529411764707
0.4925373134328358
0.3076923076923077
0.3968253968253968
0.26436781609195403
0.27848101265822783
0.475
0.6981132075471698
0.5094339622641509
0.5
0.3076923076923077
0.5362318840579711
0.2926829268292683
0.29
0.35
0.3448275862068966
0.38235294117647056
0.4230769230769231
0.5
0.39705882352941174
0.5853658536585366
0.3333333333333333
0.47368421052631576
0.43373493975903615
0.4264705882352941
0.3181818181818182
0.3382352941176471
0.2804878048780488
0.7105263157894737
0.25609756097560976
0.6176470588235294
0.5223880597014925
0.4074074074074074
0.3614457831325301
0.4819277108433735
0.5774647887323944
0.6197183098591549
0.7413793103448276
0.4482758620689655
0.3978494623655914
0.5084745762711864
0.38823529411764707
0.8113207547169812
0.4025974025974026
0.7536231884057971
0.44
0.3488372093023256
0.4945054945054945
0.39759036144578314
0.4470588235294118
0.38095238095238093
0.45569620253164556
0.42168674698795183
0.5172413793103449
0.3442622950819672
0.3220338983050847
0.29411764705882354
0.5211267605633803
0.3717948717948718
0.36764705882352944
0.5555555555555556
0.2962962962962963
0.47435897435897434
0.5964912280701754
0.4507042253521127
0.84375
0.4065934065934066
0.84375
0.3670886075949367
0.37142857142857144
0.5106382978723404
0.40350877192982454
0.48
0.3333333333333333
0.5714285714285714
0.5
0.4166666666666667
0.42528735632183906
0.3880597014925373
0.5660377358490566
0.589041095890411
0.4155844155844156
0.7368421052631579
0.6986301369863014
0.2872340425531915
0.5333333333333333
0.625
0.41509433962264153
0.47692307692307695
0.4430379746835443
0.359375
0.7454545454545455
0.2727272727272727
0.39080459770114945
0.2682926829268293
0.5789473684210527
0.5
0.36363636363636365
0.4166666666666667
0.38461538461538464
0.4731182795698925
0.45161290322580644
0.32432432432432434
0.5492957746478874
0.671875
0.5074626865671642
0.547945205479452
0.39759036144578314
0.4861111111111111
0.39705882352941174
0.27419354838709675
0.4716981132075472
0.45348837209302323
0.24444444444444444
0.31645569620253167
0.32954545454545453
0.5529411764705883
0.37349397590361444
0.5365853658536586
0.75
0.4657534246575342
0.6615384615384615
0.4305555555555556
0.725
0.4666666666666667
0.47368421052631576
0.5
0.3108108108108108
0.746031746031746
0.3108108108108108
0.5
0.38461538461538464
0.6229508196721312
0.3068181818181818
0.4838709677419355
0.4050632911392405
0.25757575757575757
0.46987951807228917
0.4090909090909091
0.40540540540540543
0.5217391304347826
0.25675675675675674
0.5581395348837209
0.3829787234042553
0.2962962962962963
0.4
0.4177215189873418
0.4588235294117647
0.44
0.5362318840579711
0.4642857142857143
0.3037974683544304
0.47297297297297297
0.5555555555555556
0.36619718309859156
0.5573770491803278
0.5942028985507246
0.3375
0.359375
0.2839506172839506
0.5053763440860215
0.36363636363636365
0.47368421052631576
0.47761194029850745
0.38372093023255816
0.2875
0.42028985507246375
0.45569620253164556
0.5802469135802469
0.43023255813953487
0.4666666666666667
0.3780487804878049
0.42857142857142855
0.43333333333333335
0.44285714285714284
0.45121951219512196
0.40963855421686746
0.4375
0.43478260869565216
0.367816091954023
0.3058823529411765
0.26506024096385544
0.5256410256410257
0.4583333333333333
0.5365853658536586
0.4473684210526316
0.5588235294117647
0.43137254901960786
0.38271604938271603
0.5970149253731343
0.323943661971831
0.5714285714285714
0.2878787878787879
0.35443037974683544
0.42857142857142855
0.32558139534883723
0.43661971830985913
0.5540540540540541
0.37373737373737376
0.4098360655737705
0.35443037974683544
0.44776119402985076
0.5
0.6190476190476191
0.36619718309859156
0.27941176470588236
0.2894736842105263
0.36619718309859156
0.6428571428571429
0.4603174603174603
0.40476190476190477
0.5434782608695652
0.46808510638297873
0.6060606060606061
0.4050632911392405
0.37735849056603776
0.3472222222222222
0.5633802816901409
0.4444444444444444
0.47368421052631576
0.5882352941176471
0.6136363636363636
0.725
0.5098039215686274
0.375
0.4175824175824176
0.28421052631578947
0.4675324675324675
0.2894736842105263
0.37142857142857144
0.21212121212121213
0.4342105263157895
0.47435897435897434
0.42857142857142855
0.4642857142857143
0.4878048780487805
0.32989690721649484
0.582089552238806
0.30158730158730157
0.3918918918918919
0.4691358024691358
0.4691358024691358
0.4578313253012048
0.37777777777777777
0.27956989247311825
0.3793103448275862
0.5444444444444444
0.4805194805194805
0.4090909090909091
0.2891566265060241
0.6842105263157895
0.5857142857142857
0.3368421052631579
0.3333333333333333
0.6756756756756757
0.29473684210526313
0.5362318840579711
0.35294117647058826
0.5875
0.5733333333333334
0.4153846153846154
0.7076923076923077
0.39215686274509803
0.43333333333333335
0.35051546391752575
0.3125
0.3484848484848485
0.3068181818181818
0.5967741935483871
0.5373134328358209
0.37142857142857144
0.3069306930693069
0.6376811594202898
0.4266666666666667
0.3561643835616438
0.328125
0.6486486486486487
0.41935483870967744
0.4861111111111111
0.43820224719101125
0.5
0.4084507042253521
0.4074074074074074
0.35714285714285715
0.2875
0.42857142857142855
0.3670886075949367
0.39705882352941174
0.4838709677419355
0.43902439024390244
0.6923076923076923
0.46808510638297873
0.4594594594594595
0.5116279069767442
0.4146341463414634
0.38571428571428573
0.3698630136986301
0.5454545454545454
0.27906976744186046
0.4864864864864865
0.40963855421686746
0.36
0.2727272727272727
0.325
0.2962962962962963
0.32926829268292684
0.34782608695652173
0.5882352941176471
0.35443037974683544
0.36486486486486486
0.36486486486486486
0.2608695652173913
0.32051282051282054
0.5161290322580645
0.36231884057971014
0.3977272727272727
0.44776119402985076
0.2876712328767123
0.6
0.25925925925925924
0.4393939393939394
0.5074626865671642
0.4
0.35294117647058826
0.328125
0.47619047619047616
0.803030303030303
0.4050632911392405
0.4375
0.45454545454545453
0.5063291139240507
0.4722222222222222
0.4090909090909091
0.35353535353535354
0.43902439024390244
0.6666666666666666
0.47619047619047616
0.4861111111111111
0.5633802816901409
0.4
0.5238095238095238
0.31645569620253167
0.5232558139534884
0.39655172413793105
0.345679012345679
0.5
0.2948717948717949
0.40298507462686567
0.4647887323943662
0.27710843373493976
0.5625
0.36486486486486486
0.38461538461538464
0.422680412371134
0.5263157894736842
0.4246575342465753
0.4266666666666667
0.3409090909090909
0.5740740740740741
0.2911392405063291
0.7761194029850746
0.36507936507936506
0.4186046511627907
0.34146341463414637
0.2857142857142857
0.30158730158730157
0.2727272727272727
0.3
0.4111111111111111
0.3108108108108108
0.5617977528089888
0.4084507042253521
0.33783783783783783
0.28125
0.34615384615384615
0.4418604651162791
0.3048780487804878
0.547945205479452
0.6666666666666666
0.625
0.32098765432098764
0.35443037974683544
0.42168674698795183
0.5949367088607594
0.7
0.3218390804597701
0.3516483516483517
0.5070422535211268
0.48148148148148145
0.4782608695652174
0.46153846153846156
0.746268656716418
0.4696969696969697
0.32786885245901637
0.37777777777777777
0.4782608695652174
0.527027027027027
0.5064935064935064
0.410958904109589
0.375
0.3424657534246575
0.3373493975903614
0.45569620253164556
0.6428571428571429
0.4925373134328358
0.4594594594594595
0.34210526315789475
0.6428571428571429
0.5
0.6081081081081081
0.2857142857142857
0.5581395348837209
0.4583333333333333
0.2236842105263158
0.5
0.8153846153846154
0.35802469135802467
0.3974358974358974
0.3068181818181818
0.6862745098039216
0.4126984126984127
0.43661971830985913
0.3375
0.3763440860215054
0.5555555555555556
0.5465116279069767
0.4794520547945205
0.3684210526315789
0.6666666666666666
0.5411764705882353
0.30434782608695654
0.4444444444444444
0.45121951219512196
0.5189873417721519
0.43478260869565216
0.4430379746835443
0.4084507042253521
0.34328358208955223
0.4696969696969697
0.2169811320754717
0.7916666666666666
0.5393258426966292
0.3333333333333333
0.367816091954023
0.2755102040816326
0.4125
0.32432432432432434
0.5733333333333334
0.3670886075949367
0.4533333333333333
0.45454545454545453
0.17699115044247787
0.423728813559322
0.34285714285714286
0.6857142857142857
0.6
0.3888888888888889
0.6271186440677966
0.5405405405405406
0.42105263157894735
0.3595505617977528
0.4235294117647059
0.6825396825396826
0.38372093023255816
0.4358974358974359
0.4375
0.36764705882352944
0.4117647058823529
0.6190476190476191
0.5277777777777778
0.5492957746478874
0.4861111111111111
0.6075949367088608
0.6296296296296297
0.4857142857142857
0.28888888888888886
0.35714285714285715
0.5192307692307693
0.4691358024691358
0.5733333333333334
0.6666666666666666
0.39325842696629215
0.5454545454545454
0.5571428571428572
0.6301369863013698
0.43
0.3253012048192771
0.3103448275862069
0.3382352941176471
0.5441176470588235
0.5384615384615384
0.35
0.29292929292929293
0.4864864864864865
0.4125
0.40425531914893614
0.3333333333333333
0.4444444444444444
0.3108108108108108
0.2835820895522388
0.3333333333333333
0.4533333333333333
0.43529411764705883
0.5121951219512195
0.4117647058823529
0.676056338028169
0.7391304347826086
0.45588235294117646
0.40625
0.34523809523809523
0.43209876543209874
0.3333333333333333
0.40350877192982454
0.5324675324675324
0.35106382978723405
0.3076923076923077
0.4576271186440678
0.33783783783783783
0.32926829268292684
0.4307692307692308
0.3472222222222222
0.5647058823529412
0.3333333333333333
0.6716417910447762
0.23404255319148937
0.4027777777777778
0.40229885057471265
0.46153846153846156
0.4696969696969697
0.43902439024390244
0.4791666666666667
0.4418604651162791
0.5394736842105263
0.6086956521739131
0.42857142857142855
0.46835443037974683
0.4
0.42857142857142855
0.4266666666666667
0.5833333333333334
0.323943661971831
0.6
0.48484848484848486
0.4819277108433735
0.41935483870967744
0.8627450980392157
0.4857142857142857
0.5340909090909091
0.463768115942029
0.5483870967741935
0.5689655172413793
0.4383561643835616
0.4153846153846154
0.5079365079365079
0.2823529411764706
0.32926829268292684
0.5211267605633803
0.4069767441860465
0.44871794871794873
0.6438356164383562
0.358974358974359
0.36231884057971014
0.4155844155844156
0.5342465753424658
0.42168674698795183
0.2916666666666667
0.4146341463414634
0.3146067415730337
0.45121951219512196
0.5609756097560976
0.31645569620253167
0.5
0.35714285714285715
0.359375
0.4177215189873418
0.35365853658536583
0.3855421686746988
0.42168674698795183
0.43661971830985913
0.373134328358209
0.2962962962962963
0.578125
0.36486486486486486
0.3048780487804878
0.4
0.35
0.34328358208955223
0.578125
0.6949152542372882
0.3150684931506849
0.7272727272727273
0.684931506849315
0.6923076923076923
0.2875
0.44594594594594594
0.3783783783783784
0.6266666666666667
0.2777777777777778
0.38372093023255816
0.3956043956043956
0.2840909090909091
0.5
0.4864864864864865
0.3670886075949367
0.4819277108433735
0.7121212121212122
0.4725274725274725
0.3409090909090909
0.2465753424657534
0.2948717948717949
0.3333333333333333
0.3409090909090909
0.34615384615384615
0.2891566265060241
0.42592592592592593
0.2727272727272727
0.42424242424242425
0.4878048780487805
0.6379310344827587
0.5454545454545454
0.4810126582278481
0.3132530120481928
0.5263157894736842
0.39285714285714285
0.7681159420289855
0.6382978723404256
0.5116279069767442
0.2804878048780488
0.5797101449275363
0.5194805194805194
0.47368421052631576
0.3617021276595745
0.64
0.4457831325301205
0.4166666666666667
0.40350877192982454
0.20270270270270271
0.45121951219512196
0.6379310344827587
0.31521739130434784
0.36666666666666664
0.6086956521739131
0.42105263157894735
0.32954545454545453
0.5774647887323944
0.5
0.40476190476190477
0.3466666666666667
0.3181818181818182
0.35714285714285715
0.5921052631578947
0.6716417910447762
0.46296296296296297
0.29069767441860467
0.8703703703703703
0.5882352941176471
0.36486486486486486
0.5967741935483871
0.34615384615384615
0.40217391304347827
0.4567901234567901
0.3048780487804878
0.35365853658536583
0.32
0.4177215189873418
0.5294117647058824
0.4230769230769231
0.4927536231884058
0.3717948717948718
0.5454545454545454
0.4691358024691358
0.4461538461538462
0.36904761904761907
0.47368421052631576
0.3793103448275862
0.3333333333333333
0.4657534246575342
0.3472222222222222
0.3150684931506849
0.35526315789473684
0.3972602739726027
0.37681159420289856
0.7241379310344828
0.28378378378378377
0.4418604651162791
0.3157894736842105
0.2857142857142857
0.19387755102040816
0.5084745762711864
0.3384615384615385
0.43037974683544306
0.26373626373626374
0.3253012048192771
0.6052631578947368
0.3977272727272727
0.3380281690140845
0.36046511627906974
0.40789473684210525
0.31313131313131315
0.5357142857142857
0.463768115942029
0.4246575342465753
0.2987012987012987
0.35802469135802467
0.28
0.43243243243243246
0.375
0.3684210526315789
0.52
0.39285714285714285
0.410958904109589
0.4576271186440678
0.4117647058823529
0.4117647058823529
0.3076923076923077
0.4925373134328358
0.4533333333333333
0.32941176470588235
0.3815789473684211
0.5714285714285714
0.2911392405063291
0.35714285714285715
0.3258426966292135
0.37681159420289856
0.3815789473684211
0.46875
0.38461538461538464
0.4
0.4222222222222222
0.8493150684931506
0.43478260869565216
0.43037974683544306
0.5416666666666666
0.5063291139240507
0.3977272727272727
0.5
0.5581395348837209
0.6323529411764706
0.5454545454545454
0.39655172413793105
0.265625
0.4189189189189189
0.5285714285714286
0.4470588235294118
0.2571428571428571
0.6875
0.5068493150684932
0.4931506849315068
0.3582089552238806
0.3764705882352941
0.37142857142857144
0.46835443037974683
0.3291139240506329
0.4166666666666667
0.3150684931506849
0.37333333333333335
0.42857142857142855
0.45569620253164556
0.3333333333333333
0.4375
0.5277777777777778
0.546875
0.3972602739726027
0.7761194029850746
0.40425531914893614
0.3333333333333333
0.5106382978723404
0.2
0.3176470588235294
0.4810126582278481
0.5303030303030303
0.375
0.3548387096774194
0.3548387096774194
0.43037974683544306
0.4880952380952381
0.41379310344827586
0.5588235294117647
0.43478260869565216
0.42528735632183906
0.4576271186440678
0.38461538461538464
0.43902439024390244
0.38333333333333336
0.589041095890411
0.4146341463414634
0.42528735632183906
0.4492753623188406
0.4
0.34831460674157305
0.27906976744186046
0.4936708860759494
0.6538461538461539
0.6923076923076923
0.2830188679245283
0.44285714285714284
0.3333333333333333
0.71875
0.43103448275862066
0.34523809523809523
0.6666666666666666
0.47540983606557374
0.6216216216216216
0.4117647058823529
0.22105263157894736
0.5060240963855421
0.4057971014492754
0.25396825396825395
0.38271604938271603
0.5740740740740741
0.30612244897959184
0.43209876543209874
0.42424242424242425
0.3684210526315789
0.2857142857142857
0.39473684210526316
0.3465346534653465
0.28846153846153844
0.5063291139240507
0.5652173913043478
0.48717948717948717
0.4444444444444444
0.40476190476190477
0.39080459770114945
0.4111111111111111
0.25882352941176473
0.5540540540540541
0.3670886075949367
0.44047619047619047
0.32894736842105265
0.3333333333333333
0.4025974025974026
0.4025974025974026
0.6
0.36363636363636365
0.3875
0.2875
0.463768115942029
0.32894736842105265
0.4153846153846154
0.4423076923076923
0.3375
0.32051282051282054
0.5921052631578947
0.4507042253521127
0.5074626865671642
0.42857142857142855
0.43902439024390244
0.3958333333333333
0.39361702127659576
0.4375
0.375
0.3137254901960784
0.6818181818181818
0.4819277108433735
0.4084507042253521
0.5714285714285714
0.2736842105263158
0.34146341463414637
0.4878048780487805
0.46987951807228917
0.6060606060606061
0.43529411764705883
0.5679012345679012
0.44642857142857145
0.3411764705882353
0.37681159420289856
0.41025641025641024
0.7636363636363637
0.6428571428571429
0.4230769230769231
0.3142857142857143
0.22784810126582278
0.4024390243902439
0.6935483870967742
0.38028169014084506
0.297029702970297
0.4444444444444444
0.3620689655172414
0.5064935064935064
0.38372093023255816
0.4146341463414634
0.5396825396825397
0.39080459770114945
0.5063291139240507
0.47435897435897434
0.45054945054945056
0.29411764705882354
0.45121951219512196
0.5
0.6567164179104478
0.288135593220339
0.29333333333333333
0.3709677419354839
0.3815789473684211
0.6111111111111112
0.3108108108108108
0.3076923076923077
0.5777777777777777
0.4189189189189189
0.5428571428571428
0.3595505617977528
0.37349397590361444
0.43548387096774194
0.49382716049382713
0.3728813559322034
0.32051282051282054
0.47619047619047616
0.29411764705882354
0.525
0.6986301369863014
0.28735632183908044
0.36363636363636365
0.3037974683544304
0.4931506849315068
0.2676056338028169
0.2361111111111111
0.7719298245614035
0.2912621359223301
0.3333333333333333
0.3291139240506329
0.4523809523809524
0.6
0.39325842696629215
0.4235294117647059
0.7413793103448276
0.47619047619047616
0.4146341463414634
0.3013698630136986
0.2391304347826087
0.3466666666666667
0.3968253968253968
0.3253012048192771
0.6212121212121212
0.6142857142857143
0.35443037974683544
0.26666666666666666
0.82
0.5822784810126582
0.6285714285714286
0.5
0.4716981132075472
0.4230769230769231
0.3953488372093023
0.4878048780487805
0.4050632911392405
0.5441176470588235
0.6
0.4230769230769231
0.32989690721649484
0.3902439024390244
0.3787878787878788
0.2
0.43243243243243246
0.3409090909090909
0.1896551724137931
0.25833333333333336
0.7
0.35714285714285715
0.24468085106382978
0.7794117647058824
0.25675675675675674
0.6619718309859155
0.49056603773584906
0.711864406779661
0.3548387096774194
0.42857142857142855
0.36585365853658536
0.5072463768115942
0.5714285714285714
0.4
0.4024390243902439
0.48148148148148145
0.3717948717948718
0.6351351351351351
0.45454545454545453
0.582089552238806
0.5584415584415584
0.6585365853658537
0.6794871794871795
0.5303030303030303
0.7536231884057971
0.3611111111111111
0.3626373626373626
0.3090909090909091
0.7457627118644068
0.42857142857142855
0.5263157894736842
0.2755102040816326
0.4431818181818182
0.6481481481481481
0.4939759036144578
0.6266666666666667
0.42528735632183906
0.5466666666666666
0.288135593220339
0.3898305084745763
0.3958333333333333
0.5151515151515151
0.5882352941176471
0.3953488372093023
0.5384615384615384
0.35294117647058826
0.6
0.4
0.33783783783783783
0.34782608695652173
0.39285714285714285
0.3875
0.38571428571428573
0.711864406779661
0.3548387096774194
0.27
0.425
0.41333333333333333
0.6266666666666667
0.3611111111111111
0.6052631578947368
0.3484848484848485
0.7761194029850746
0.45454545454545453
0.5
0.6470588235294118
0.3709677419354839
0.4852941176470588
0.48936170212765956
0.4864864864864865
0.35443037974683544
0.37037037037037035
0.3142857142857143
0.3972602739726027
0.6
0.3218390804597701
0.7647058823529411
0.3974358974358974
0.6363636363636364
0.3116883116883117
0.43478260869565216
0.36363636363636365
0.6153846153846154
0.2857142857142857
0.3875
0.3188405797101449
0.390625
0.3561643835616438
0.35714285714285715
0.4605263157894737
0.2079207920792079
0.4927536231884058
0.42857142857142855
0.4
0.7
0.4805194805194805
0.5789473684210527
0.4024390243902439
0.6521739130434783
0.581081081081081
0.4915254237288136
0.5147058823529411
0.4583333333333333
0.32967032967032966
0.38666666666666666
0.35384615384615387
0.265625
0.4868421052631579
0.421875
0.2542372881355932
0.323943661971831
0.46511627906976744
0.7321428571428571
0.43037974683544306
0.4927536231884058
0.5217391304347826
0.4264705882352941
0.34285714285714286
0.5238095238095238
0.4931506849315068
0.4461538461538462
0.6056338028169014
0.3717948717948718
0.6296296296296297
0.3181818181818182
0.32786885245901637
0.34375
0.6527777777777778
0.35443037974683544
0.37662337662337664
0.3103448275862069
0.31343283582089554
0.36470588235294116
0.5294117647058824
0.5972222222222222
0.6222222222222222
0.46236559139784944
0.5454545454545454
0.43137254901960786
0.5151515151515151
0.4262295081967213
0.4074074074074074
0.4230769230769231
0.4166666666666667
0.515625
0.6
0.4155844155844156
0.3333333333333333
0.6764705882352942
0.36486486486486486
0.4105263157894737
0.2777777777777778
0.5441176470588235
0.3484848484848485
0.33766233766233766
0.3815789473684211
0.5
0.4393939393939394
0.36507936507936506
0.7241379310344828
0.4117647058823529
0.3218390804597701
0.29411764705882354
0.3181818181818182
0.25882352941176473
0.3220338983050847
0.547945205479452
0.46153846153846156
0.3283582089552239
0.2597402597402597
0.5142857142857142
0.4444444444444444
0.8289473684210527
0.3392857142857143
0.9047619047619048
0.6206896551724138
0.3384615384615385
0.37662337662337664
0.5507246376811594
0.27380952380952384
0.3508771929824561
0.4444444444444444
0.25806451612903225
0.4827586206896552
0.4375
0.4567901234567901
0.323943661971831
0.5972222222222222
0.36666666666666664
0.5857142857142857
0.7183098591549296
0.35802469135802467
0.38028169014084506
0.3188405797101449
0.4225352112676056
0.4444444444444444
0.3333333333333333
0.34328358208955223
0.4358974358974359
0.379746835443038
0.3235294117647059
0.28
0.2786885245901639
0.42857142857142855
0.36486486486486486
0.39759036144578314
0.30337078651685395
0.425
0.30434782608695654
0.3181818181818182
0.3125
0.5189873417721519
0.35555555555555557
0.36470588235294116
0.2835820895522388
0.2967032967032967
0.5932203389830508
0.38271604938271603
0.44871794871794873
0.5466666666666666
0.7076923076923077
0.42168674698795183
0.625
0.4691358024691358
0.4444444444444444
0.5217391304347826
0.6619718309859155
0.30434782608695654
0.3188405797101449
0.43209876543209874
0.5
0.45714285714285713
0.5972222222222222
0.42857142857142855
0.7538461538461538
0.4375
0.5357142857142857
0.7230769230769231
0.40963855421686746
0.47058823529411764
0.3783783783783784
0.49382716049382713
0.3902439024390244
0.35064935064935066
0.625
0.3541666666666667
0.358974358974359
0.5454545454545454
0.3026315789473684
0.30097087378640774
0.21621621621621623
0.6101694915254238
0.5
0.30303030303030304
0.7
0.5285714285714286
0.34615384615384615
0.5208333333333334
0.5692307692307692
0.4111111111111111
0.4507042253521127
0.5283018867924528
0.3472222222222222
0.2716049382716049
0.26595744680851063
0.3625
0.42045454545454547
0.2926829268292683
0.5882352941176471
0.30120481927710846
0.25471698113207547
0.44329896907216493
0.36923076923076925
0.6575342465753424
0.32894736842105265
0.4444444444444444
0.4329896907216495
0.6268656716417911
0.4567901234567901
0.37362637362637363
0.3484848484848485
0.6206896551724138
0.47435897435897434
0.6081081081081081
0.4533333333333333
0.5512820512820513
0.32142857142857145
0.4
0.4246575342465753
0.44871794871794873
0.6774193548387096
0.4696969696969697
0.5409836065573771
0.44871794871794873
0.4731182795698925
0.345679012345679
0.38461538461538464
0.5056179775280899
0.47297297297297297
0.6451612903225806
0.20388349514563106
0.27631578947368424
0.5294117647058824
0.589041095890411
0.3522727272727273
0.45454545454545453
0.43373493975903615
0.375
0.5189873417721519
0.33707865168539325
0.43820224719101125
0.746268656716418
0.4142857142857143
0.45161290322580644
0.4666666666666667
0.375
0.4126984126984127
0.4578313253012048
0.367816091954023
0.3793103448275862
0.37662337662337664
0.5294117647058824
0.4
0.3561643835616438
0.25316455696202533
0.37209302325581395
0.78125
0.45161290322580644
0.34831460674157305
0.35
0.6190476190476191
0.28846153846153844
0.35294117647058826
0.30120481927710846
0.391304347826087
0.46236559139784944
0.4067796610169492
0.4264705882352941
0.631578947368421
0.38095238095238093
0.35135135135135137
0.3563218390804598
0.34615384615384615
0.569620253164557
0.6111111111111112
0.41025641025641024
0.4594594594594595
0.29545454545454547
0.6166666666666667
0.22448979591836735
0.43037974683544306
0.5441176470588235
0.53125
0.5606060606060606
0.4942528735632184
0.47058823529411764
0.5652173913043478
0.36470588235294116
0.4235294117647059
0.43859649122807015
0.4444444444444444
0.515625
0.2923076923076923
0.6875
0.4788732394366197
0.45454545454545453
0.38095238095238093
0.38461538461538464
0.3695652173913043
0.43902439024390244
0.36619718309859156
0.3333333333333333
0.625
0.323943661971831
0.5857142857142857
0.3977272727272727
0.328125
0.421875
0.3670886075949367
0.28865979381443296
0.5444444444444444
0.417910447761194
0.32894736842105265
0.24175824175824176
0.33707865168539325
0.3333333333333333
0.21212121212121213
0.6607142857142857
0.48148148148148145
0.45714285714285713
0.5176470588235295
0.4639175257731959
0.23809523809523808
0.7058823529411765
0.34375
0.3380281690140845
0.3875
0.36585365853658536
0.38636363636363635
0.20270270270270271
0.4444444444444444
0.4375
0.4626865671641791
0.4935064935064935
0.33783783783783783
0.32432432432432434
0.3142857142857143
0.367816091954023
0.34146341463414637
0.4069767441860465
0.4318181818181818
0.4074074074074074
0.42857142857142855
0.4
0.3
0.33962264150943394
0.4375
0.4523809523809524
0.43636363636363634
0.32857142857142857
0.5079365079365079
0.5263157894736842
0.4
0.5285714285714286
0.5492957746478874
0.43373493975903615
0.4025974025974026
0.323943661971831
0.6923076923076923
0.5384615384615384
0.49382716049382713
0.5166666666666667
0.35802469135802467
0.5540540540540541
0.3146067415730337
0.6060606060606061
0.4868421052631579
0.4057971014492754
0.5223880597014925
0.4897959183673469
0.5441176470588235
0.30337078651685395
0.3466666666666667
0.4657534246575342
0.5192307692307693
0.3333333333333333
0.37142857142857144
0.5714285714285714
0.7313432835820896
0.4626865671641791
0.4666666666666667
0.48717948717948717
0.3780487804878049
0.4675324675324675
0.4827586206896552
0.4406779661016949
0.46511627906976744
0.38461538461538464
0.3333333333333333
0.3068181818181818
0.2682926829268293
0.7916666666666666
0.36764705882352944
0.3815789473684211
0.3956043956043956
0.5
0.5125
0.5151515151515151
0.47435897435897434
0.32857142857142857
0.3163265306122449
0.27058823529411763
0.49056603773584906
0.7424242424242424
0.5223880597014925
0.33766233766233766
0.3283582089552239
0.43373493975903615
0.4878048780487805
0.47692307692307695
0.5
0.44
0.2876712328767123
0.45454545454545453
0.38144329896907214
0.41975308641975306
0.34146341463414637
0.45454545454545453
0.2619047619047619
0.6206896551724138
0.47368421052631576
0.3516483516483517
0.5806451612903226
0.4473684210526316
0.5584415584415584
0.4358974358974359
0.40789473684210525
0.3484848484848485
0.32432432432432434
0.4625
0.4578313253012048
0.4722222222222222
0.25
0.43209876543209874
0.4426229508196721
0.375
0.4
0.5125
0.5733333333333334
0.345679012345679
0.4787234042553192
0.5319148936170213
0.2891566265060241
0.3230769230769231
0.5733333333333334
0.3409090909090909
0.3076923076923077
0.3125
0.3870967741935484
0.48148148148148145
0.6081081081081081
0.43137254901960786
0.3373493975903614
0.5342465753424658
0.4935064935064935
0.4626865671641791
0.6666666666666666
0.5428571428571428
0.30985915492957744
0.5172413793103449
0.4262295081967213
0.589041095890411
0.4342105263157895
0.45
0.3974358974358974
0.379746835443038
0.4125
0.41935483870967744
0.30337078651685395
0.2653061224489796
0.49206349206349204
0.3707865168539326
0.36363636363636365
0.3448275862068966
0.46774193548387094
0.2912621359223301
0.49333333333333335
0.42857142857142855
0.35294117647058826
0.44155844155844154
0.24675324675324675
0.3875
0.47435897435897434
0.40425531914893614
0.3617021276595745
0.42528735632183906
0.24175824175824176
0.3625
0.3466666666666667
0.32926829268292684
0.35294117647058826
0.3333333333333333
0.42105263157894735
0.2558139534883721
0.28125
0.5084745762711864
0.3835616438356164
0.37777777777777777
0.4878048780487805
0.4189189189189189
0.4222222222222222
0.3626373626373626
0.5806451612903226
0.4024390243902439
0.4090909090909091
0.47297297297297297
0.8571428571428571
0.39655172413793105
0.3611111111111111
0.3108108108108108
0.43157894736842106
0.32
0.37209302325581395
0.38461538461538464
0.375
0.32941176470588235
0.47619047619047616
0.56
0.4246575342465753
0.34285714285714286
0.4461538461538462
0.4111111111111111
0.313953488372093
0.46153846153846156
0.4794520547945205
0.8
0.5172413793103449
0.4430379746835443
0.3076923076923077
0.4838709677419355
0.5063291139240507
0.40217391304347827
0.3
0.47126436781609193
0.463768115942029
0.2823529411764706
0.43037974683544306
0.43023255813953487
0.3333333333333333
0.7096774193548387
0.35294117647058826
0.4266666666666667
0.3125
0.5172413793103449
0.3695652173913043
0.24761904761904763
0.4318181818181818
0.6557377049180327
0.7540983606557377
0.34615384615384615
0.475
0.4225352112676056
0.38028169014084506
0.37142857142857144
0.5172413793103449
0.3114754098360656
0.4126984126984127
0.6363636363636364
0.30337078651685395
0.47619047619047616
0.2967032967032967
0.3333333333333333
0.313953488372093
0.5555555555555556
0.5568181818181818
0.3561643835616438
0.3902439024390244
0.32954545454545453
0.21
0.42857142857142855
0.5068493150684932
0.3
0.375
0.5211267605633803
0.6428571428571429
0.36764705882352944
0.3516483516483517
0.4625
0.3142857142857143
0.373134328358209
0.37209302325581395
0.3287671232876712
0.43902439024390244
0.3333333333333333
0.36363636363636365
0.32051282051282054
0.38095238095238093
0.4423076923076923
0.4383561643835616
0.4603174603174603
0.4153846153846154
0.32142857142857145
0.45918367346938777
0.2926829268292683
0.4675324675324675
0.3055555555555556
0.358974358974359
0.3888888888888889
0.5074626865671642
0.711864406779661
0.4691358024691358
0.42857142857142855
0.35555555555555557
0.3287671232876712
0.391304347826087
0.37333333333333335
0.4225352112676056
0.3263157894736842
0.6153846153846154
0.34328358208955223
0.35526315789473684
0.88
0.28735632183908044
0.35294117647058826
0.43209876543209874
0.4166666666666667
0.3384615384615385
0.3974358974358974
0.3626373626373626
0.4246575342465753
0.5064935064935064
0.27380952380952384
0.45569620253164556
0.42391304347826086
0.4126984126984127
0.43636363636363634
0.44776119402985076
0.296875
0.30303030303030304
0.48484848484848486
0.4383561643835616
0.36470588235294116
0.21818181818181817
0.41975308641975306
0.4875
0.3333333333333333
0.5081967213114754
0.29411764705882354
0.463768115942029
0.38461538461538464
0.3829787234042553
0.6909090909090909
0.3230769230769231
0.36363636363636365
0.46875
0.3614457831325301
0.3670886075949367
0.35365853658536583
0.32894736842105265
0.44
0.2916666666666667
0.7708333333333334
0.32
0.36666666666666664
0.3974358974358974
0.3950617283950617
0.38461538461538464
0.28421052631578947
0.5348837209302325
0.7073170731707317
0.3283582089552239
0.3150684931506849
0.3258426966292135
0.39325842696629215
0.43023255813953487
0.3
0.38461538461538464
0.32941176470588235
0.5857142857142857
0.44329896907216493
0.4823529411764706
0.26136363636363635
0.9
0.25609756097560976
0.4473684210526316
0.3625
0.24299065420560748
0.4025974025974026
0.25
0.3382352941176471
0.41379310344827586
0.5443037974683544
0.3194444444444444
0.5230769230769231
0.4507042253521127
0.3333333333333333
0.46774193548387094
0.32941176470588235
0.34285714285714286
0.19801980198019803
0.23636363636363636
0.8
0.32
0.26506024096385544
0.8181818181818182
0.3855421686746988
0.3170731707317073
0.5256410256410257
0.4605263157894737
0.5657894736842105
0.4
0.4878048780487805
0.5
0.4578313253012048
0.4457831325301205
0.3793103448275862
0.2878787878787879
0.3764705882352941
0.43529411764705883
0.5316455696202531
0.36363636363636365
0.3492063492063492
0.4794520547945205
0.345679012345679
0.5
0.5
0.43037974683544306
0.30434782608695654
0.3235294117647059
0.42857142857142855
0.32857142857142857
0.46236559139784944
0.29310344827586204
0.3253012048192771
0.40229885057471265
0.35294117647058826
0.39285714285714285
0.36666666666666664
0.5079365079365079
0.30357142857142855
0.42028985507246375
0.24242424242424243
0.32894736842105265
0.37681159420289856
0.4666666666666667
0.4605263157894737
0.3181818181818182
0.5625
0.42528735632183906
0.352112676056338
0.7818181818181819
0.34065934065934067
0.5
0.3
0.5180722891566265
0.7884615384615384
0.37209302325581395
0.43023255813953487
0.6129032258064516
0.3974358974358974
0.3372093023255814
0.3617021276595745
0.45569620253164556
0.3968253968253968
0.5121951219512195
0.3424657534246575
0.4418604651162791
0.5189873417721519
0.559322033898305
0.4189189189189189
0.41025641025641024
0.3235294117647059
0.4186046511627907
0.5263157894736842
0.40860215053763443
0.5
0.39080459770114945
0.375
0.2891566265060241
0.3142857142857143
0.828125
0.3411764705882353
0.3146067415730337
0.5833333333333334
0.3870967741935484
0.45555555555555555
0.39705882352941174
0.45054945054945056
0.6716417910447762
0.34444444444444444
0.40476190476190477
0.5106382978723404
0.5490196078431373
0.52
0.5348837209302325
0.32989690721649484
0.44155844155844154
0.3170731707317073
0.5901639344262295
0.5
0.84375
0.2857142857142857
0.6231884057971014
0.5909090909090909
0.3877551020408163
0.3283582089552239
0.5060240963855421
0.6081081081081081
0.425
0.3764705882352941
0.47058823529411764
0.29850746268656714
0.4470588235294118
0.39325842696629215
0.25806451612903225
0.2898550724637681
0.4936708860759494
0.4594594594594595
0.5833333333333334
0.5507246376811594
0.38461538461538464
0.38271604938271603
0.6708860759493671
0.4375
0.3026315789473684
0.4634146341463415
0.3711340206185567
0.3582089552238806
0.425
0.3698630136986301
0.26262626262626265
0.5
0.3614457831325301
0.546875
0.25757575757575757
0.3424657534246575
0.4157303370786517
0.5
0.5853658536585366
0.524390243902439
0.5692307692307692
0.3333333333333333
0.5833333333333334
0.18181818181818182
0.3977272727272727
0.4927536231884058
0.49295774647887325
0.3787878787878788
0.4126984126984127
0.4235294117647059
0.4430379746835443
0.3125
0.42857142857142855
0.6233766233766234
0.4639175257731959
0.38028169014084506
0.703125
0.47540983606557374
0.4067796610169492
0.4731182795698925
0.2872340425531915
0.6025641025641025
0.3373493975903614
0.5857142857142857
0.3950617283950617
0.34408602150537637
0.47058823529411764
0.32857142857142857
0.5777777777777777
0.5074626865671642
0.375
0.5813953488372093
0.575
0.45454545454545453
0.45555555555555555
0.5344827586206896
0.6086956521739131
0.49382716049382713
0.39705882352941174
0.6164383561643836
0.5735294117647058
0.3283582089552239
0.703125
0.4230769230769231
0.75
0.5901639344262295
0.6567164179104478
0.36363636363636365
0.47126436781609193
0.4025974025974026
0.4
0.49382716049382713
0.3283582089552239
0.4805194805194805
0.4936708860759494
0.367816091954023
0.3888888888888889
0.4230769230769231
0.5660377358490566
0.4583333333333333
0.38571428571428573
0.4342105263157895
0.32558139534883723
0.49019607843137253
0.4
0.4111111111111111
0.6024096385542169
0.8867924528301887
0.47540983606557374
0.5
0.45977011494252873
0.30985915492957744
0.4444444444444444
0.5542168674698795
0.39080459770114945
0.43373493975903615
0.3
0.42857142857142855
0.4157303370786517
0.5254237288135594
0.4864864864864865
0.4807692307692308
0.47368421052631576
0.24468085106382978
0.4069767441860465
0.6764705882352942
0.36046511627906974
0.4457831325301205
0.3173076923076923
0.2898550724637681
0.3076923076923077
0.4878048780487805
0.3448275862068966
0.2948717948717949
0.2619047619047619
0.34328358208955223
0.4827586206896552
0.5714285714285714
0.34615384615384615
0.5443037974683544
0.36666666666666664
0.32558139534883723
0.6935483870967742
0.46153846153846156
0.5106382978723404
0.41935483870967744
0.3181818181818182
0.4074074074074074
0.42045454545454547
0.28421052631578947
0.7230769230769231
0.4788732394366197
0.4794520547945205
0.42857142857142855
0.30864197530864196
0.417910447761194
0.2627118644067797
0.2876712328767123
0.2465753424657534
0.4329896907216495
0.7833333333333333
0.2923076923076923
0.5217391304347826
0.75
0.3561643835616438
0.4939759036144578
0.32
0.4642857142857143
0.5172413793103449
0.44776119402985076
0.47297297297297297
0.3010752688172043
0.3146067415730337
0.475
0.38372093023255816
0.47435897435897434
0.35714285714285715
0.453125
0.2894736842105263
0.23655913978494625
0.578125
0.26153846153846155
0.6111111111111112
0.4927536231884058
0.4838709677419355
0.5185185185185185
0.4157303370786517
0.3380281690140845
0.44047619047619047
0.6376811594202898
0.7096774193548387
0.3373493975903614
0.37037037037037035
0.358974358974359
0.5970149253731343
0.37662337662337664
0.4268292682926829
0.5066666666666667
0.30337078651685395
0.4909090909090909
0.4367816091954023
0.3064516129032258
0.358974358974359
0.4727272727272727
0.6538461538461539
0.5
0.4805194805194805
0.7384615384615385
0.4
0.336734693877551
0.5641025641025641
0.38095238095238093
0.84375
0.3492063492063492
0.5882352941176471
0.31343283582089554
0.2597402597402597
0.4125
0.3137254901960784
0.7794117647058824
0.44
0.5287356321839081
0.30864197530864196
0.5454545454545454
0.31343283582089554
0.39473684210526316
0.56
0.3382352941176471
0.39705882352941174
0.43373493975903615
0.4375
0.4810126582278481
0.3387096774193548
0.475
0.6229508196721312
0.5217391304347826
0.26666666666666666
0.3157894736842105
0.5428571428571428
0.36046511627906974
0.4155844155844156
0.4878048780487805
0.5757575757575758
0.55
0.49382716049382713
0.3764705882352941
0.49019607843137253
0.32926829268292684
0.4489795918367347
0.5230769230769231
0.4268292682926829
0.6666666666666666
0.49295774647887325
0.45454545454545453
0.5084745762711864
0.43636363636363634
0.6268656716417911
0.46153846153846156
0.4235294117647059
0.3409090909090909
0.27450980392156865
0.4852941176470588
0.4605263157894737
0.3194444444444444
0.3409090909090909
0.6190476190476191
0.5
0.6301369863013698
0.43373493975903615
0.3
0.5901639344262295
0.3333333333333333
0.5
0.3723404255319149
0.6506024096385542
0.4
0.3611111111111111
0.3431372549019608
0.4375
0.42592592592592593
0.52
0.37777777777777777
0.4074074074074074
0.5
0.42696629213483145
0.3194444444444444
0.3793103448275862
0.42857142857142855
0.47297297297297297
0.24210526315789474
0.36486486486486486
0.6451612903225806
0.4838709677419355
0.5454545454545454
0.3287671232876712
0.3492063492063492
0.44047619047619047
0.4567901234567901
0.4032258064516129
0.47058823529411764
0.4430379746835443
0.3389830508474576
0.5
0.4098360655737705
0.5230769230769231
0.2804878048780488
0.4406779661016949
0.5068493150684932
0.4666666666666667
0.3
0.3770491803278688
0.36904761904761907
0.34177215189873417
0.4878048780487805
0.3493975903614458
0.43243243243243246
0.4090909090909091
0.38571428571428573
0.4358974358974359
0.40350877192982454
0.6352941176470588
0.45121951219512196
0.43859649122807015
0.5921052631578947
0.90625
0.29591836734693877
0.3373493975903614
0.7073170731707317
0.367816091954023
0.4594594594594595
0.7464788732394366
0.42857142857142855
0.23655913978494625
0.32051282051282054
0.4189189189189189
0.3253012048192771
0.41935483870967744
0.40540540540540543
0.42857142857142855
0.4
0.44047619047619047
0.3194444444444444
0.26262626262626265
0.5079365079365079
0.4625
0.5205479452054794
0.3595505617977528
0.559322033898305
0.4583333333333333
0.375
0.3617021276595745
0.38372093023255816
0.8863636363636364
0.34615384615384615
0.5128205128205128
0.33783783783783783
0.3373493975903614
0.4642857142857143
0.6268656716417911
0.25
0.4594594594594595
0.6338028169014085
0.3448275862068966
0.425
0.410958904109589
0.4375
0.32941176470588235
0.25333333333333335
0.45454545454545453
0.5151515151515151
0.28735632183908044
0.4470588235294118
0.46774193548387094
0.5428571428571428
0.4716981132075472
0.43037974683544306
0.5057471264367817
0.6891891891891891
0.3582089552238806
0.40476190476190477
0.42528735632183906
0.5714285714285714
0.36486486486486486
0.47126436781609193
0.26136363636363635
0.35443037974683544
0.9107142857142857
0.5945945945945946
0.29347826086956524
0.4177215189873418
0.38333333333333336
0.35294117647058826
0.4146341463414634
0.575
0.8923076923076924
0.34523809523809523
0.4533333333333333
0.4852941176470588
0.7377049180327869
0.37142857142857144
0.43478260869565216
0.48484848484848486
0.6101694915254238
0.417910447761194
0.42028985507246375
0.48936170212765956
0.5185185185185185
0.6621621621621622
0.35135135135135137
0.3137254901960784
0.36486486486486486
0.32432432432432434
0.4342105263157895
0.43434343434343436
0.5
0.5692307692307692
0.3974358974358974
0.6470588235294118
0.6338028169014085
0.25263157894736843
0.4032258064516129
0.3953488372093023
0.4074074074074074
0.6176470588235294
0.5316455696202531
0.2903225806451613
0.3411764705882353
0.4807692307692308
0.4166666666666667
0.48148148148148145
0.2967032967032967
0.288135593220339
0.5844155844155844
0.43373493975903615
0.5070422535211268
0.4857142857142857
0.4838709677419355
0.2857142857142857
0.44155844155844154
0.5581395348837209
0.359375
0.5797101449275363
0.40298507462686567
0.6231884057971014
0.37333333333333335
0.38372093023255816
0.47761194029850745
0.35714285714285715
0.5180722891566265
0.49206349206349204
0.4782608695652174
0.48148148148148145
0.5151515151515151
0.391304347826087
0.45121951219512196
0.4939759036144578
0.23943661971830985
0.6451612903225806
0.43548387096774194
0.4
0.425531914893617
0.44680851063829785
0.3472222222222222
0.4431818181818182
0.39436619718309857
0.45614035087719296
0.5818181818181818
0.4819277108433735
0.31666666666666665
0.463768115942029
0.29292929292929293
0.2537313432835821
0.4583333333333333
0.41333333333333333
0.2967032967032967
0.5555555555555556
0.3387096774193548
0.5357142857142857
0.7066666666666667
0.37037037037037035
0.3114754098360656
0.4482758620689655
0.325
0.5172413793103449
0.2
0.525
0.27102803738317754
0.31746031746031744
0.3116883116883117
0.4027777777777778
0.3333333333333333
0.4647887323943662
0.3
0.31958762886597936
0.4691358024691358
0.5070422535211268
0.47619047619047616
0.3563218390804598
0.24489795918367346
0.4605263157894737
0.3855421686746988
0.5897435897435898
0.38095238095238093
0.4444444444444444
0.32098765432098764
0.5348837209302325
0.38202247191011235
0.36363636363636365
0.38202247191011235
0.5263157894736842
0.5588235294117647
0.46875
0.4065934065934066
0.26436781609195403
0.5692307692307692
0.4936708860759494
0.575
0.5555555555555556
0.3493975903614458
0.32
0.4722222222222222
0.3780487804878049
0.46835443037974683
0.25274725274725274
0.4883720930232558
0.5106382978723404
0.3522727272727273
0.546875
0.2608695652173913
0.373134328358209
0.417910447761194
0.4117647058823529
0.5972222222222222
0.3924050632911392
0.45454545454545453
0.4805194805194805
0.5333333333333333
0.4418604651162791
0.5454545454545454
0.358974358974359
0.711864406779661
0.53125
0.29577464788732394
0.4489795918367347
0.2911392405063291
0.6065573770491803
0.39080459770114945
0.42528735632183906
0.6825396825396826
0.3108108108108108
0.29292929292929293
0.37333333333333335
0.5443037974683544
0.34951456310679613
0.5180722891566265
0.4230769230769231
0.37037037037037035
0.6351351351351351
0.296875
0.40963855421686746
0.4069767441860465
0.49295774647887325
0.5064935064935064
0.345679012345679
0.4936708860759494
0.5194805194805194
0.42
0.6621621621621622
0.4262295081967213
0.37662337662337664
0.3974358974358974
0.5
0.7017543859649122
0.5657894736842105
0.3287671232876712
0.5606060606060606
0.3978494623655914
0.30952380952380953
0.4470588235294118
0.2413793103448276
0.5454545454545454
0.32323232323232326
0.6885245901639344
0.43037974683544306
0.313953488372093
0.3561643835616438
0.3582089552238806
0.49206349206349204
0.48717948717948717
0.6164383561643836
0.42857142857142855
0.33695652173913043
0.4857142857142857
0.27848101265822783
0.390625
0.4578313253012048
0.5151515151515151
0.6896551724137931
0.5063291139240507
0.26744186046511625
0.43037974683544306
0.38636363636363635
0.3835616438356164
0.7428571428571429
0.42424242424242425
0.29850746268656714
0.4782608695652174
0.359375
0.38095238095238093
0.5441176470588235
0.30303030303030304
0.3382352941176471
0.46875
0.24
0.3170731707317073
0.42857142857142855
0.29069767441860467
0.35526315789473684
0.6590909090909091
0.4189189189189189
0.2962962962962963
0.29545454545454547
0.3484848484848485
0.4576271186440678
0.4264705882352941
0.7547169811320755
0.4117647058823529
0.3333333333333333
0.6521739130434783
0.71875
0.43037974683544306
0.3
0.42857142857142855
0.40789473684210525
0.39285714285714285
0.6323529411764706
0.42857142857142855
0.42105263157894735
0.5342465753424658
0.5342465753424658
0.2898550724637681
0.3888888888888889
0.4050632911392405
0.32432432432432434
0.3614457831325301
0.417910447761194
0.42857142857142855
0.49230769230769234
0.5217391304347826
0.581081081081081
0.4177215189873418
0.4426229508196721
0.30985915492957744
0.422680412371134
0.6923076923076923
0.4268292682926829
0.3287671232876712
0.2079207920792079
0.5192307692307693
0.3902439024390244
0.5256410256410257
0.36507936507936506
0.25
0.3235294117647059
0.4125
0.4
0.547945205479452
0.30434782608695654
0.5535714285714286
0.3902439024390244
0.5185185185185185
0.36764705882352944
0.4918032786885246
0.4878048780487805
0.5571428571428572
0.6527777777777778
0.5
0.44871794871794873
0.7017543859649122
0.3625
0.4878048780487805
0.2191780821917808
0.7285714285714285
0.52
0.5063291139240507
0.2222222222222222
0.41975308641975306
0.7619047619047619
0.4268292682926829
0.3472222222222222
0.5256410256410257
0.2753623188405797
0.5714285714285714
0.32051282051282054
0.25287356321839083
0.52
0.2765957446808511
0.288135593220339
0.3787878787878788
0.3707865168539326
0.33707865168539325
0.49382716049382713
0.4268292682926829
0.5584415584415584
0.734375
0.29347826086956524
0.40789473684210525
0.4444444444444444
0.29310344827586204
0.3875
0.4819277108433735
0.44871794871794873
0.4342105263157895
0.7586206896551724
0.41379310344827586
0.41025641025641024
0.47619047619047616
0.4931506849315068
0.4342105263157895
0.4230769230769231
0.35
0.23655913978494625
0.3924050632911392
0.5
0.38271604938271603
0.30952380952380953
0.32857142857142857
0.9285714285714286
0.32432432432432434
0.4838709677419355
0.373134328358209
0.47435897435897434
0.40476190476190477
0.5671641791044776
0.44871794871794873
0.3793103448275862
0.4057971014492754
0.34782608695652173
0.4117647058823529
0.546875
0.7419354838709677
0.41975308641975306
0.30864197530864196
0.5555555555555556
0.6086956521739131
0.3918918918918919
0.36363636363636365
0.37142857142857144
0.42424242424242425
0.41025641025641024
0.3116883116883117
0.5897435897435898
0.32222222222222224
0.43209876543209874
0.43820224719101125
0.3695652173913043
0.47058823529411764
0.4358974358974359
0.5362318840579711
0.515625
0.27
0.32673267326732675
0.3333333333333333
0.46835443037974683
0.6060606060606061
0.4225352112676056
0.5970149253731343
0.2537313432835821
0.22727272727272727
0.43661971830985913
0.4024390243902439
0.7833333333333333
0.4175824175824176
0.5660377358490566
0.5569620253164557
0.32
0.43661971830985913
0.38461538461538464
0.43333333333333335
0.4479166666666667
0.3582089552238806
0.43037974683544306
0.35526315789473684
0.5
0.8307692307692308
0.35384615384615387
0.4576271186440678
0.6231884057971014
0.2631578947368421
0.3373493975903614
0.30612244897959184
0.3493975903614458
0.5454545454545454
0.3888888888888889
0.6052631578947368
0.5737704918032787
0.6451612903225806
0.4594594594594595
0.3
0.45454545454545453
0.3793103448275862
0.43037974683544306
0.44871794871794873
0.4189189189189189
0.5111111111111111
0.3076923076923077
0.42857142857142855
0.3958333333333333
0.35443037974683544
0.546875
0.3698630136986301
0.3829787234042553
0.25961538461538464
0.5362318840579711
0.5138888888888888
0.4857142857142857
0.3953488372093023
0.35789473684210527
0.3888888888888889
0.4492753623188406
0.5076923076923077
0.4482758620689655
0.27058823529411763
0.7368421052631579
0.46153846153846156
0.4507042253521127
0.7424242424242424
0.5625
0.6172839506172839
0.30666666666666664
0.8245614035087719
0.3484848484848485
0.4
0.5084745762711864
0.4479166666666667
0.49230769230769234
0.46551724137931033
0.4625
0.4166666666666667
0.6567164179104478
0.3953488372093023
0.3466666666666667
0.5
0.4
0.3382352941176471
0.6666666666666666
0.4594594594594595
0.3918918918918919
0.4666666666666667
0.4235294117647059
0.4307692307692308
0.4
0.379746835443038
0.35802469135802467
0.6382978723404256
0.3561643835616438
0.38095238095238093
0.47058823529411764
0.5138888888888888
0.5866666666666667
0.527027027027027
0.4
0.3191489361702128
0.32558139534883723
0.36666666666666664
0.36507936507936506
0.7246376811594203
0.4782608695652174
0.30612244897959184
0.44
0.3372093023255814
0.47692307692307695
0.36363636363636365
0.6
0.4482758620689655
0.4807692307692308
0.2903225806451613
0.6
0.589041095890411
0.39473684210526316
0.36923076923076925
0.53125
0.38333333333333336
0.42857142857142855
0.47297297297297297
0.4032258064516129
0.38235294117647056
0.45161290322580644
0.6164383561643836
0.4625
0.3424657534246575
0.8387096774193549
0.28205128205128205
0.7115384615384616
0.2840909090909091
0.3695652173913043
0.36666666666666664
0.25688073394495414
0.25961538461538464
0.7666666666666667
0.417910447761194
0.325
0.6440677966101694
0.5405405405405406
0.5194805194805194
0.29850746268656714
0.3384615384615385
0.5362318840579711
0.7428571428571429
0.47058823529411764
0.3157894736842105
0.2948717948717949
0.2619047619047619
0.36363636363636365
0.34210526315789475
0.42592592592592593
0.21818181818181817
0.6071428571428571
0.6
0.5625
0.4146341463414634
0.34177215189873417
0.4146341463414634
0.4155844155844156
0.3023255813953488
0.3466666666666667
0.3516483516483517
0.4473684210526316
0.7878787878787878
0.2911392405063291
0.3466666666666667
0.5555555555555556
0.23170731707317074
0.37209302325581395
0.5666666666666667
0.30303030303030304
0.3090909090909091
0.5555555555555556
0.34615384615384615
0.40229885057471265
0.29310344827586204
0.3333333333333333
0.38666666666666666
0.5135135135135135
0.4166666666666667
0.53125
0.3972602739726027
0.43103448275862066
0.26436781609195403
0.41935483870967744
0.37681159420289856
0.5510204081632653
0.4838709677419355
0.4142857142857143
0.45348837209302323
0.7962962962962963
0.3170731707317073
0.2602739726027397
0.42424242424242425
0.4418604651162791
0.532258064516129
0.4342105263157895
0.4819277108433735
0.39080459770114945
0.39705882352941174
0.2988505747126437
0.484375
0.6351351351351351
0.42028985507246375
0.5970149253731343
0.5873015873015873
0.578125
0.26582278481012656
0.5074626865671642
0.36619718309859156
0.75
0.5194805194805194
0.6349206349206349
0.43209876543209874
0.3176470588235294
0.30985915492957744
0.24509803921568626
0.6153846153846154
0.30357142857142855
0.3108108108108108
0.6666666666666666
0.4482758620689655
0.352112676056338
0.49382716049382713
0.31868131868131866
0.5483870967741935
0.30120481927710846
0.40425531914893614
0.25471698113207547
0.4024390243902439
0.5217391304347826
0.37362637362637363
0.3018867924528302
0.5903614457831325
0.3561643835616438
0.42045454545454547
0.3974358974358974
0.43209876543209874
0.35
0.5116279069767442
0.2727272727272727
0.3466666666666667
0.3614457831325301
0.5949367088607594
0.589041095890411
0.42168674698795183
0.3595505617977528
0.5333333333333333
0.5569620253164557
0.2962962962962963
0.27
0.26595744680851063
0.3625
0.569620253164557
0.5
0.323943661971831
0.3835616438356164
0.5
0.5
0.3595505617977528
0.5476190476190477
0.5
0.24468085106382978
0.3974358974358974
0.4166666666666667
0.3523809523809524
0.5454545454545454
0.4864864864864865
0.6296296296296297
0.4918032786885246
0.43661971830985913
0.35064935064935066
0.48717948717948717
0.44871794871794873
0.39285714285714285
0.36486486486486486
0.34782608695652173
0.39436619718309857
0.4528301886792453
0.32894736842105265
0.5
0.5652173913043478
0.6
0.43209876543209874
0.3953488372093023
0.4090909090909091
0.3125
0.41333333333333333
0.3764705882352941
0.3516483516483517
0.32978723404255317
0.3472222222222222
0.29310344827586204
0.6716417910447762
0.4146341463414634
0.42528735632183906
0.36619718309859156
0.5116279069767442
0.42857142857142855
0.3466666666666667
0.3163265306122449
0.35064935064935066
0.4819277108433735
0.5930232558139535
0.32926829268292684
0.3595505617977528
0.4444444444444444
0.4117647058823529
0.32323232323232326
0.4166666666666667
0.2876712328767123
0.3023255813953488
0.39325842696629215
0.3614457831325301
0.30985915492957744
0.5737704918032787
0.47619047619047616
0.6862745098039216
0.3939393939393939
0.4
0.41935483870967744
0.3972602739726027
0.3170731707317073
0.4264705882352941
0.49382716049382713
0.37142857142857144
0.4507042253521127
0.3333333333333333
0.3918918918918919
0.6451612903225806
0.4606741573033708
0.46808510638297873
0.7391304347826086
0.3424657534246575
0.5510204081632653
0.31343283582089554
0.35294117647058826
0.43023255813953487
0.36666666666666664
0.391304347826087
0.5185185185185185
0.30666666666666664
0.43283582089552236
0.4393939393939394
0.5238095238095238
0.5733333333333334
0.64
0.42857142857142855
0.5967741935483871
0.30864197530864196
0.3125
0.2818181818181818
0.5849056603773585
0.3493975903614458
0.5061728395061729
0.3146067415730337
0.42857142857142855
0.4146341463414634
0.39436619718309857
0.3888888888888889
0.423728813559322
0.35064935064935066
0.4691358024691358
0.5072463768115942
0.6111111111111112
0.3764705882352941
0.36065573770491804
0.5714285714285714
0.3176470588235294
0.3448275862068966
0.5733333333333334
0.5070422535211268
0.4375
0.23232323232323232
0.36363636363636365
0.47619047619047616
0.39285714285714285
0.46153846153846156
0.375
0.3026315789473684
0.42105263157894735
0.40963855421686746
0.6428571428571429
0.3225806451612903
0.4918032786885246
0.3787878787878788
0.5
0.49382716049382713
0.5573770491803278
0.3918918918918919
0.4126984126984127
0.22916666666666666
0.38235294117647056
0.41025641025641024
0.6707317073170732
0.41379310344827586
0.5128205128205128
0.3707865168539326
0.8307692307692308
0.23809523809523808
0.5063291139240507
0.32894736842105265
0.3246753246753247
0.543859649122807
0.359375
0.3595505617977528
0.47435897435897434
0.5151515151515151
0.3
0.49382716049382713
0.5571428571428572
0.3013698630136986
0.42168674698795183
0.325
0.29411764705882354
0.3058823529411765
0.32098765432098764
0.34177215189873417
0.45555555555555555
0.37662337662337664
0.5
0.5102040816326531
0.3787878787878788
0.46835443037974683
0.29523809523809524
0.4576271186440678
0.5588235294117647
0.5066666666666667
0.3225806451612903
0.297029702970297
0.578125
0.37209302325581395
0.5882352941176471
0.25757575757575757
0.6271186440677966
0.2916666666666667
0.47435897435897434
0.34285714285714286
0.3939393939393939
0.7258064516129032
0.36486486486486486
0.3048780487804878
0.5230769230769231
0.46511627906976744
0.41379310344827586
0.36486486486486486
0.2641509433962264
0.5106382978723404
0.35714285714285715
0.3333333333333333
0.3258426966292135
0.34285714285714286
0.543859649122807
0.3253012048192771
0.4426229508196721
0.35294117647058826
0.4375
0.29508196721311475
0.37037037037037035
0.4431818181818182
0.4567901234567901
0.42168674698795183
0.36764705882352944
0.3972602739726027
0.4146341463414634
0.4246575342465753
0.625
0.3625
0.38202247191011235
0.1926605504587156
0.4639175257731959
0.2808988764044944
0.42028985507246375
0.3469387755102041
0.4666666666666667
0.2987012987012987
0.2549019607843137
0.375
0.3684210526315789
0.288135593220339
0.8431372549019608
0.6176470588235294
0.2328767123287671
0.3333333333333333
0.5068493150684932
0.5
0.4166666666666667
0.45454545454545453
0.5125
0.35714285714285715
0.3684210526315789
0.4027777777777778
0.47560975609756095
0.4444444444444444
0.4157303370786517
0.43529411764705883
0.3333333333333333
0.5
0.4067796610169492
0.475
0.28125
0.569620253164557
0.3116883116883117
0.49230769230769234
0.43023255813953487
0.35802469135802467
0.4444444444444444
0.43820224719101125
0.4827586206896552
0.42857142857142855
0.3977272727272727
0.4444444444444444
0.4098360655737705
0.41333333333333333
0.2857142857142857
0.36585365853658536
0.5333333333333333
0.5256410256410257
0.5409836065573771
0.575
0.5952380952380952
0.5294117647058824
0.4794520547945205
0.3125
0.6060606060606061
0.3695652173913043
0.3968253968253968
0.25333333333333335
0.2987012987012987
0.4069767441860465
0.5666666666666667
0.5384615384615384
0.631578947368421
0.4722222222222222
0.6056338028169014
0.26373626373626374
0.4044943820224719
0.36231884057971014
0.5573770491803278
0.35555555555555557
0.4489795918367347
0.5
0.5373134328358209
0.4230769230769231
0.3815789473684211
0.49295774647887325
0.32558139534883723
0.2923076923076923
0.49333333333333335
0.3902439024390244
0.48148148148148145
0.42857142857142855
0.2857142857142857
0.3561643835616438
0.42857142857142855
0.3888888888888889
0.2647058823529412
0.358974358974359
0.3953488372093023
0.4567901234567901
0.5
0.32926829268292684
0.68
0.38571428571428573
0.42028985507246375
0.27848101265822783
0.42857142857142855
0.40425531914893614
0.2564102564102564
0.4166666666666667
0.5
0.41379310344827586
0.49230769230769234
0.4444444444444444
0.3246753246753247
0.4444444444444444
0.527027027027027
0.6363636363636364
0.5428571428571428
0.4230769230769231
0.390625
0.5294117647058824
0.26881720430107525
0.4714285714285714
0.3387096774193548
0.5373134328358209
0.5194805194805194
0.45977011494252873
0.4155844155844156
0.2823529411764706
0.34146341463414637
0.34210526315789475
0.5
0.4567901234567901
0.3230769230769231
0.4423076923076923
0.6101694915254238
0.3188405797101449
0.4880952380952381
0.345679012345679
0.40789473684210525
0.5063291139240507
0.49295774647887325
0.20588235294117646
0.43157894736842106
0.5483870967741935
0.759493670886076
0.5538461538461539
0.3150684931506849
0.5
0.4482758620689655
0.4235294117647059
0.38666666666666666
0.43661971830985913
0.3333333333333333
0.3793103448275862
0.28
0.65
0.27472527472527475
0.4230769230769231
0.5
0.37142857142857144
0.49230769230769234
0.29
0.5818181818181818
0.6885245901639344
0.367816091954023
0.36363636363636365
0.46153846153846156
0.25301204819277107
0.5333333333333333
0.26582278481012656
0.37681159420289856
0.32098765432098764
0.3333333333333333
0.44776119402985076
0.47674418604651164
0.36065573770491804
0.5774647887323944
0.45121951219512196
0.5352112676056338
0.5125
0.3333333333333333
0.38823529411764707
0.4606741573033708
0.43023255813953487
0.6216216216216216
0.7833333333333333
0.4069767441860465
0.4111111111111111
0.5507246376811594
0.3375
0.47368421052631576
0.5135135135135135
0.3835616438356164
0.4588235294117647
0.35294117647058826
0.2857142857142857
0.4625
0.25
0.3953488372093023
0.8867924528301887
0.41379310344827586
0.4
0.4318181818181818
0.5421686746987951
0.29473684210526313
0.44776119402985076
0.3902439024390244
0.358974358974359
0.4146341463414634
0.2871287128712871
0.367816091954023
0.4576271186440678
0.2608695652173913
0.54
0.43478260869565216
0.3382352941176471
0.34375
0.4666666666666667
0.8225806451612904
0.47058823529411764
0.5833333333333334
0.3387096774193548
0.30927835051546393
0.5362318840579711
0.4
0.3048780487804878
0.34285714285714286
0.6825396825396826
0.49206349206349204
0.5076923076923077
0.3469387755102041
0.4666666666666667
0.26582278481012656
0.6382978723404256
0.3783783783783784
0.45054945054945056
0.4
0.40963855421686746
0.7846153846153846
0.8181818181818182
0.4605263157894737
0.40816326530612246
0.4430379746835443
0.5901639344262295
0.4507042253521127
0.5063291139240507
0.39285714285714285
0.3258426966292135
0.24731182795698925
0.5
0.38571428571428573
0.4714285714285714
0.4880952380952381
0.39325842696629215
0.3595505617977528
0.41975308641975306
0.5063291139240507
0.4024390243902439
0.4625
0.4146341463414634
0.38461538461538464
0.34065934065934067
0.6153846153846154
0.4050632911392405
0.3448275862068966
0.47674418604651164
0.6119402985074627
0.6
0.39759036144578314
0.5294117647058824
0.42528735632183906
0.4
0.44871794871794873
0.3763440860215054
0.6338028169014085
0.3764705882352941
0.2608695652173913
0.38461538461538464
0.4411764705882353
0.47058823529411764
0.3333333333333333
0.2564102564102564
0.3780487804878049
0.5538461538461539
0.5555555555555556
1.0
0.75
0.37142857142857144
0.4074074074074074
0.32894736842105265
0.375
0.4470588235294118
0.6901408450704225
0.43037974683544306
0.75
0.8113207547169812
0.6266666666666667
0.43956043956043955
0.7333333333333333
0.13861386138613863
0.4177215189873418
0.6333333333333333
0.4
0.25
0.4457831325301205
0.3625
0.5675675675675675
0.7586206896551724
0.8709677419354839
0.6101694915254238
0.5714285714285714
0.3625
0.7258064516129032
0.4069767441860465
0.4931506849315068
0.4262295081967213
0.38095238095238093
0.36
0.6081081081081081
0.7272727272727273
0.2602739726027397
0.3698630136986301
0.45348837209302323
0.42857142857142855
0.5263157894736842
0.5777777777777777
0.3333333333333333
0.3333333333333333
0.36363636363636365
0.5692307692307692
0.4852941176470588
0.7758620689655172
0.3058823529411765
0.3218390804597701
0.3103448275862069
0.1981981981981982
0.3076923076923077
0.32098765432098764
0.24691358024691357
0.22857142857142856
0.2605042016806723
0.4675324675324675
0.35714285714285715
0.4157303370786517
0.6428571428571429
0.38333333333333336
0.3488372093023256
0.4864864864864865
0.3333333333333333
0.4
0.38961038961038963
0.5301204819277109
0.43243243243243246
0.29069767441860467
0.421875
0.4897959183673469
0.30952380952380953
0.4024390243902439
0.6857142857142857
0.2755102040816326
0.4810126582278481
0.2702702702702703
0.7758620689655172
0.5263157894736842
0.5714285714285714
0.34210526315789475
0.6774193548387096
0.5060240963855421
0.3972602739726027
0.6666666666666666
0.6
0.36666666666666664
0.3382352941176471
0.37209302325581395
0.4
0.4090909090909091
0.4262295081967213
0.4657534246575342
0.4878048780487805
0.45569620253164556
0.4126984126984127
0.3787878787878788
0.46875
0.3695652173913043
0.5189873417721519
0.2708333333333333
0.27058823529411763
0.5606060606060606
0.6712328767123288
0.34285714285714286
0.3411764705882353
0.5098039215686274
0.4024390243902439
0.26436781609195403
0.3258426966292135
0.5
0.746031746031746
0.34782608695652173
0.35555555555555557
0.36585365853658536
0.4235294117647059
0.4
0.5416666666666666
0.28205128205128205
0.42105263157894735
0.35294117647058826
0.44594594594594594
0.3058823529411765
0.7777777777777778
0.5645161290322581
0.3235294117647059
0.5076923076923077
0.4935064935064935
0.4375
0.3116883116883117
0.25274725274725274
0.2839506172839506
0.627906976744186
0.3333333333333333
0.3855421686746988
0.6
0.3194444444444444
0.38095238095238093
0.425
0.453125
0.5
0.49019607843137253
0.23711340206185566
0.26262626262626265
0.38271604938271603
0.4024390243902439
0.4418604651162791
0.38028169014084506
0.43373493975903615
0.2
0.41333333333333333
0.29577464788732394
0.313953488372093
0.36764705882352944
0.43103448275862066
0.44047619047619047
0.6764705882352942
0.40229885057471265
0.4266666666666667
0.5483870967741935
0.379746835443038
0.35064935064935066
0.30337078651685395
0.35365853658536583
0.5483870967741935
0.45901639344262296
0.4625
0.34408602150537637
0.29850746268656714
0.5172413793103449
0.5454545454545454
0.8947368421052632
0.581081081081081
0.44155844155844154
0.5555555555555556
0.30303030303030304
0.6136363636363636
0.30952380952380953
0.30434782608695654
0.5
0.45901639344262296
0.3917525773195876
0.4880952380952381
0.3448275862068966
0.4714285714285714
0.6197183098591549
0.40540540540540543
0.25287356321839083
0.28205128205128205
0.3409090909090909
0.358974358974359
0.3146067415730337
0.27
0.39436619718309857
0.4166666666666667
0.48333333333333334
0.6617647058823529
0.5128205128205128
0.6379310344827587
0.49295774647887325
0.5081967213114754
0.3448275862068966
0.3780487804878049
0.24675324675324675
0.30120481927710846
0.3611111111111111
0.36363636363636365
0.47126436781609193
0.3230769230769231
0.3108108108108108
0.3148148148148148
0.84375
0.4111111111111111
0.20588235294117646
0.4
0.43283582089552236
0.379746835443038
0.38823529411764707
0.5333333333333333
0.4794520547945205
0.3723404255319149
0.417910447761194
0.32954545454545453
0.375
0.45454545454545453
0.35714285714285715
0.43902439024390244
0.34177215189873417
0.3125
0.3611111111111111
0.39759036144578314
0.4838709677419355
0.3068181818181818
0.3488372093023256
0.46808510638297873
0.4444444444444444
0.3953488372093023
0.4444444444444444
0.4588235294117647
0.2318840579710145
0.2804878048780488
0.6666666666666666
0.52
0.421875
0.589041095890411
0.4864864864864865
0.3472222222222222
0.3118279569892473
0.4430379746835443
0.3111111111111111
0.379746835443038
0.7313432835820896
0.3541666666666667
0.4142857142857143
0.5135135135135135
0.5324675324675324
0.48484848484848486
0.42857142857142855
0.35714285714285715
0.30851063829787234
0.45121951219512196
0.4027777777777778
0.5671641791044776
0.3116883116883117
0.375
0.6470588235294118
0.43529411764705883
0.3472222222222222
0.5822784810126582
0.6708860759493671
0.38666666666666666
0.425
0.4146341463414634
0.5714285714285714
0.3142857142857143
0.48717948717948717
0.3424657534246575
0.36619718309859156
0.3225806451612903
0.30612244897959184
0.5833333333333334
0.3333333333333333
0.40476190476190477
0.27631578947368424
0.3409090909090909
0.3561643835616438
0.3815789473684211
0.36082474226804123
0.4935064935064935
0.2631578947368421
0.41379310344827586
0.32558139534883723
0.49295774647887325
0.30434782608695654