-0.3403233351431518
-0.49105219630466085
-0.42990894175677785
-0.4765193079404452
-0.39692518375015806
-0.3864371787761027
-0.440015467410299
-0.39351076723898404
-0.5710638454340873
-0.434023402252014
-0.3307303569928626
-0.40656662634644364
-0.2754569681190621
-0.31152666754095437
-0.4491429620481095
-0.47131908258306715
-0.2973041019079282
-0.4871847137205973
-0.2583801862459073
-0.40793667486394525
-0.24426647793138537
-0.3900049652437474
-0.24708580147037082
-0.27374938043411884
-0.3677714116472514
-0.3002094684866582
-0.2970727925105895
-0.3373978655621291
-0.4106372742136583
-0.3009250251383286
-0.23955409960047244
-0.35430143304393924
-0.32314539262158853
-0.46388030268156705
-0.3454193531836659
-0.22003379161092404
-0.4902609430577581
-0.3092501366677387
-0.3587821456926298
-0.4367845917331863
-0.3077376376617134
-0.2064654101463608
-0.48363453127057937
-0.267230551173843
-0.4371152332225387
-0.29701410565684916
-0.33626001354075113
-0.3064872374738154
-0.32555092908899497
-0.14687281113594952
-0.48289298932871055
-0.3239600922073178
-0.5043515424513316
-0.23068816144798443
-0.2770521136649572
-0.2632418764462839
-0.40687462885993664
-0.3259546801569483
-0.2586686886834599
-0.6502790010863859
-0.3003485376561252
-0.20702572257246357
-0.28664343123002517
-0.3472857468397286
-0.42817206092504356
-0.34558802084318535
-0.31393765199525087
-0.2836043094426893
-0.481282760924875
-0.3621725878940281
-0.5191476597589247
-0.2625639680700381
-0.2082158613078633
-0.32705643329847095
-0.23408583294223476
-0.27353926644699794
-0.33523751934147583
-0.23879386733890598
-0.23884851840145474
-0.3642344071211581
-0.3328705046263321
-0.31825087378342687
-0.39860840497035366
-0.5636807449653047
-0.3055612295360262
-0.3586394058248738
-0.3031961327718253
-0.31892926188330045
-0.3719096713006901
-0.33645151380697563
-0.4453919251712023
-0.32472666352447976
-0.3227895974981289
-0.3227760499108014
-0.42150954422418985
-0.3282959720418148
-0.32444398259878576
-0.2862325390789192
-0.28045694279647104
-0.24211615464561345
-0.4467545955875612
-0.2111640309287615
-0.342965882942104
-0.3434081229104732
-0.2176805183078747
-0.1852595777562332
-0.3053022056332828
-0.29286078560125683
-0.42661724165672615
-0.2256383748923909
-0.21292693242436203
-0.38403834174064855
-0.3159598053522504
-0.238273489543785
-0.356468142561603
-0.34176842375676086
-0.297434123510209
-0.2884426890617931
-0.2646407694923706
-0.2571939617386439
-0.23644098710888314
-0.32359718502083484
-0.42802292318731017
-0.40107664883641564
-0.33291757587056253
-0.340888686982043
-0.3265732784916063
-0.40803816841952517
-0.3772323636121655
-0.28398210594138074
-0.2740750787737914
-0.2747697442810563
-0.39237086461949794
-0.24243956206483902
-0.33739909954840824
-0.40455370816548164
-0.3846432986964004
-0.384777038409262
-0.3886006699475956
-0.30131546606260146
-0.3687233034671702
-0.3249995424298592
-0.263649613902211
-0.25348780168936075
-0.29637976230735774
-0.41448182620725926
-0.26546313261693855
-0.21957398688670557
-0.40080450357297887
-0.34432549662129724
-0.42431535037288876
-0.413941493210218
-0.3469916016832758
-0.29744997282682284
-0.2569811092981532
-0.22527439581411268
-0.3109148696570111
-0.40473978304533076
-0.4959661772633126
-0.3451234163584955
-0.33043836256581127
-0.3404102297084524
-0.34088808557553735
-0.33506396304636094
-0.24792949437519984
-0.37179205634115065
-0.4152186934642203
-0.34852517933464955
-0.21836838654242566
-0.17274231827143363
-0.2674344515846169
-0.29944601107523944
-0.3077657286586491
-0.3553400535491098
-0.35980277448820824
-0.31979994394105177
-0.2432484365614652
-0.35171767704309204
-0.2736032258803439
-0.35004415627732566
-0.26284112771708
-0.36238681120138
-0.3497480657418369
-0.3326403414161379
-0.2964775507539337
-0.290200762299401
-0.2933652167356763
-0.25846009416197513
-0.28398568737134844
-0.5732839565549042
-0.3835875852180499
-0.1275844130419004
-0.3219477246705651
-0.32448209779848824
-0.35776683648404306
-0.20312890666386246
-0.48333566424428553
-0.5409127554277567
-0.2875309802607162
-0.44116867895880896
-0.314088523551032
-0.38314609577745157
-0.43854471463904093
-0.2838125449503343
-0.23547328709148424
-0.2589559636358911
-0.31562230805439284
-0.3909976051079325
-0.321057512923525
-0.19283864932357472
-0.37276065327306285
-0.3188980442263156
-0.5209465530635953
-0.3523316270288564
-0.3705252975778026
-0.3046450304324097
-0.28142525005410524
-0.29914143537993465
-0.41594617909420795
-0.3337589560239373
-0.2999263676223786
-0.4308493724233992
-0.4622878235988965
-0.3442984910486684
-0.41743276030161397
-0.43811889306036217
-0.27580916389564797
-0.39593631137005436
-0.5363915073373324
-0.3398243727549171
-0.4045824262928303
-0.4640885044075636
-0.3051410399482268
-0.4004681155848407
-0.40662575642891285
-0.6120603582774993
-0.2556759568666604
-0.25776297862059677
-0.2346201465729321
-0.4200509988118458
-0.35350511738331786
-0.3881990202154962
-0.3554836372572172
-0.3629930110512473
-0.33282695466967765
-0.38424155414571926
-0.5175915415223244
-0.4762480887527729
-0.271787558348063
-0.3842725588695619
-0.2763791850579196
-0.2573834388168575
-0.31766186597572715
-0.4156472405902545
-0.2545682697984385
-0.3989571343397131
-0.3051743066893848
-0.3268192463081793
-0.30430031164500804
-0.2921048927100487
-0.46949637826586926
-0.24420799401426999
-0.29160320327326356
-0.3931559579414409
-0.4695980306203675
-0.2826885569108304
-0.2960206754162951
-0.2444486178725031
-0.2671337924888967
-0.29509719552212454
-0.32455326903073295
-0.3724903720386122
-0.38785143787270665
-0.4357613192664108
-0.6122926335227492
-0.39660596951517174
-0.3557914900713643
-0.46860691348663863
-0.17874010945851912
-0.31257936137195913
-0.3504415217859937
-0.3063859222879
-0.3077409943885005
-0.43076531510519
-0.7279657212521343
-0.32504736444551874
-0.31164747010676364
-0.31885357950992976
-0.5312072285229218
-0.4010230901951422
-0.2340728951315032
-0.26378241529170593
-0.41142129301659824
-0.3254941225320863
-0.3591151441468804
-0.21268058240882096
-0.6406863856863952
-0.6970648945084137
-0.2639666158602589
-0.15742377965305127
-0.32362112913709523
-0.4849458910774282
-0.3592448556807517
-0.36634443869533323
-0.2470367954193009
-0.46771475557673003
-0.29893774971044096
-0.33913494809039246
-0.37202459228439616
-0.4583347201037048
-0.3872326600460178
-0.41105150822017594
-0.37769787580311914
-0.3734718142203883
-0.27573325547760613
-0.38620405056305623
-0.26932098935095583
-0.4657382401745473
-0.36047932062157995
-0.4881093617850518