4.119500000000004
1.9105
2.4743000000000004
6.391920000000009
3.0893000000000015
2.6195400000000006
5.393100000000004
3.1069400000000007
3.451800000000002
3.2242000000000015
0.5909000000000013
3.2928000000000024
3.1060000000000016
2.828500000000001
2.6180200000000005
4.538120000000003
3.215320000000002
3.4052000000000024
1.213
3.469800000000002
4.278400000000003
3.7954000000000017
3.9426000000000023
2.904700000000002
5.266620000000004
6.2394200000000035
4.131800000000002
2.791500000000001
3.420420000000002
5.316560000000003
3.5675000000000026
3.3287200000000023
4.081800000000003
3.7337000000000025
1.6658999999999997
2.549200000000001
1.0262799999999999
3.9086000000000016
5.066520000000004
3.742880000000002
3.631400000000002
3.48278
2.5069999999999997
3.973500000000003
3.299690000000002
2.623820000000001
5.681200000000007
4.263920000000002
0.9671000000000001
2.5447200000000008
4.594500000000004
2.8187000000000015
4.7147200000000025
3.170020000000001
3.2703000000000024
3.732000000000002
0.8996999999999997
2.9609000000000014
4.117320000000004
3.4323000000000023
3.6228000000000016
6.625760000000006
2.2465200000000003
2.6341
2.958700000000001
4.025020000000002
3.978600000000003
4.922700000000003
2.664300000000001
2.5464
4.139220000000002
5.111700000000004
1.6806000000000005
3.2085000000000017
2.00672
3.2613400000000015
1.9994999999999998
3.6057000000000023
4.9526600000000025
3.0599200000000017
7.121000000000011
2.8015999999999996
4.267800000000003
0.96882
0.6141999999999999
2.0586
3.164900000000002
4.183300000000003
3.301840000000002
5.705100000000005
3.9790000000000036
5.364420000000005
3.2550800000000013
2.04017
0.841
3.493400000000002
6.340800000000008
3.695120000000002
1.9638999999999995
3.417720000000002
4.001300000000003
2.4659000000000004
6.478640000000005
4.226220000000003
2.9422000000000015
1.2074999999999998
3.254120000000002
2.8859000000000012
5.064600000000003
4.181420000000003
2.6968000000000014
1.4082
5.597600000000004
6.105310000000004
4.4476400000000025
4.154300000000003
3.0382000000000016
1.4173999999999998
3.7931000000000017
2.8790000000000013
3.839800000000003
2.731600000000001
4.355200000000002
4.7820000000000045
4.484300000000002
3.0096000000000016
0.39269999999999994
3.2262000000000013
4.6666000000000025
1.87352
2.325
2.8859000000000012
0.9829999999999992
2.4431000000000003
4.186790000000002
3.0293800000000015
4.257000000000002
3.4384000000000023
3.6174000000000017
2.705400000000001
6.608700000000006
3.1656000000000013
3.9257000000000026
3.390500000000001
2.3808
3.5715900000000023
3.9330000000000007
3.516700000000002
2.7743200000000012
2.789600000000001
0.7479
3.7147400000000026
2.6281000000000008
3.558600000000002
3.480220000000002
3.0495000000000023
3.818500000000003
5.787720000000003
3.0398000000000014
3.3649000000000013
2.30222
1.7288
6.540240000000009
3.9930200000000022
5.150900000000007
3.3161000000000014
5.900800000000006
4.149400000000003
0.6054000000000012
3.650100000000003
3.422500000000002
1.662
2.950120000000001
2.636700000000001
1.9684999999999997
4.297600000000002
3.7858000000000027
0.7942
2.3974
4.2638000000000025
5.779600000000004
3.3096000000000023
1.5077999999999998
3.118800000000002
3.1173800000000007
1.8808000000000005
0.7030000000000001
4.493300000000002
3.3335000000000017
0.7813999999999999
4.746820000000002
4.759300000000004
3.439600000000002
0.614100000000001
4.316700000000003
2.572580000000001
3.556600000000002
4.149420000000004
2.5965000000000007
3.7213200000000013
2.8798200000000014
1.8839999999999997
3.3423200000000017
1.3579999999999997
4.292200000000004
3.428600000000002
5.174940000000006
5.897700000000003
1.3246000000000004
3.859500000000001
2.6899000000000006
2.8858000000000006
3.4087000000000005
3.3606200000000017
2.6861200000000007
3.8526200000000026
6.297500000000008
4.301540000000003
5.198900000000004
2.899000000000001
-0.04509999999999997
5.025300000000005
1.5833999999999997
4.750640000000003
3.435200000000002
2.4910000000000005
2.9852000000000003
5.290720000000006
1.4872999999999998
1.5852999999999993
3.8404000000000025
3.6966000000000028
2.3754
1.4807
1.9821999999999997
-0.6284000000000003
1.6103000000000003
5.211200000000004
1.0899999999999996
3.035300000000001
2.5314000000000005
2.9388000000000014
4.313200000000004
1.3907999999999994
3.3210000000000015
5.081040000000003
1.7229999999999999
4.873000000000005
1.7370999999999996
3.3925600000000022
3.603500000000002
4.480300000000004
1.81852
3.2689800000000018
4.244500000000003
3.5512000000000015
3.267940000000002
3.5524000000000013
3.895500000000003
1.2004999999999997
3.440000000000003
1.9288999999999998
3.7771800000000013
4.228900000000001
3.2928000000000006
5.409800000000003
8.170600000000007
0.37769999999999954
2.8283000000000005
3.2607000000000017
5.169100000000004
2.0906
3.5413000000000023
3.963040000000002
3.869200000000002
3.865020000000002
1.4922999999999997
2.7772000000000014
2.4215
0.8553999999999999
7.725599999999999
2.8564000000000007
4.039820000000002
4.121000000000004
2.4387
3.398700000000002
3.3923200000000024
4.249780000000003
3.698800000000002
9.000599999999999
3.495840000000002
2.7917700000000005
5.206900000000005
2.963400000000001
2.6190000000000007
1.7134999999999998
6.044400000000008
2.6869000000000014
3.160300000000001
4.553400000000004
4.773800000000004
3.445500000000002
2.2784000000000004
2.2948399999999998
4.545600000000002
2.4967000000000006
1.3905999999999996
5.661400000000007
5.687200000000003
2.983900000000001
5.562200000000007
6.045620000000003
4.261100000000003
1.6104999999999998
3.7075000000000022
5.4494400000000045
2.658900000000001
3.363120000000002
4.867640000000004
2.2235199999999997