6
9
6
6
13
6
6
6
9
6
6
6
6
6
6
9
10
6
13
9
6
9
6
6
6
9
14
6
13
9
6
5
6
6
6
6
6
10
6
9
6
6
6
10
10
9
0
10
6
6
6
9
6
6
5
6
13
6
6
10
10
9
6
9
6
6
10
10
6
9
6
13
6
10
6
6
10
9
6
9
9
6
6
6
6
9
6
7
9
9
13
6
6
6
10
6
9
6
6
8
6
6
10
11
6
10
6
6
6
6
9
12
10
6
6
18
6
6
13
10
7
6
6
13
6
10
5
9
9
3
6
6
9
9
6
6
9
6
6
6
9
10
6
6
9
10
6
6
6
6
6
16
9
7
9
6
6
9
10
9
6
6
6
9
6
9
6
9
6
6
6
6
6
6
6
6
6
6
6
6
6
6
10
10
6
18
6
10
6
9
12
9
6
0
6
6
13
9
6
9
9
8
6
6
18
6
6
6
14
6
6
6
6
9
5
10
9
5
10
6
6
9
6
9
14
9
6
9
6
6
6
6
6
0
9
12
10
7
6
13
6
15
6
6
6
28
6
9
6
6
6
6
6
6
13
9
10
6
6
10
10
6
6
6
6
9
9
9
6
7
13
13
6
10
10
13
9
6
7
9
5
10
6
17
7
6
6
10
14
14
10
9
9
14
13
10
9
6
6
6
6
9
6
6
6
9
6
9
9
6
9
20
16
6
9
10
6
10
6
13