355.36500000000007
212.206
396.51500000000004
460.65800000000024
360.41700000000014
331.35300000000007
494.52800000000013
328.2840000000001
399.45300000000003
368.4770000000002
306.4280000000001
320.845
289.356
281.358
427.276
395.85000000000014
334.33500000000004
285.347
188.23000000000002
305.333
396.4430000000001
317.28200000000004
290.36600000000004
452.50800000000027
420.43600000000015
391.85800000000006
314.41200000000003
245.27799999999993
338.41100000000006
305.339
346.36500000000007
393.5380000000002
362.82000000000005
495.42400000000015
363.365
330.34000000000003
326.35600000000005
327.40500000000003
352.8870000000001
411.4430000000002
250.68
285.25
447.5570000000002
460.3240000000002
520.4980000000004
309.369
378.7360000000002
332.153
309.30300000000005
384.27400000000006
453.5640000000002
294.236
386.03900000000004
321.17400000000004
213.346
457.4550000000001
228.20299999999997
481.4860000000002
480.4730000000003
413.9050000000002
337.297
388.9420000000001
347.4400000000001
386.42900000000014
327.1740000000001
325.79900000000004
438.5340000000001
387.87000000000006
276.361
381.81600000000003
420.87300000000005
432.4800000000003
305.24600000000004
182.22199999999998
282.41299999999995
241.29000000000002
317.33200000000005
293.37
418.25000000000006
290.413
472.75400000000036
353.55100000000016
385.27200000000005
340.4080000000001
237.292
238.678
441.5090000000003
367.4110000000001
309.365
448.5880000000002
382.45600000000013
542.6360000000001
486.57500000000016
378.8850000000001
247.206
324.38000000000005
444.7000000000002
322.813
334.71900000000005
460.49000000000024
491.5420000000001
264.284
402.5400000000002
419.41200000000015
427.4850000000002
240.284
286.35600000000005
254.24500000000003
290.32200000000006
502.6960000000003
308.76500000000016
273.292
353.48900000000003
445.97900000000004
434.9000000000001
426.3800000000002
298.3380000000001
293.392
429.52300000000025
343.36000000000024
446.5690000000004
328.4120000000001
406.87200000000007
401.4620000000001
305.146
451.52300000000037
215.234
334.67500000000007
431.2900000000001
198.22899999999998
330.81800000000004
254.245
412.4640000000002
348.3990000000001
341.41300000000007
280.331
445.4820000000002
323.34800000000007
450.5350000000003
382.44500000000005
480.5640000000002
238.242
330.81500000000005
436.70400000000006
392.3970000000002
457.55200000000025
345.664
343.33500000000015
278.31100000000004
417.25900000000007
281.249
400.53300000000024
275.26300000000003
401.4840000000003
365.43300000000005
359.42600000000004
496.5680000000002
353.87800000000004
338.43600000000004
247.34800000000004
486.6120000000003
295.36400000000003
548.7640000000002
258.321
410.5540000000002
273.263
554.3010000000005
490.5410000000003
411.8230000000001
406.2360000000002
351.38100000000003
187.202
397.45600000000013
302.351
356.362
248.734
438.52800000000025
236.202
322.7950000000001
371.23400000000004
513.4020000000003
376.4820000000001
246.30999999999995
242.342
251.698
527.5260000000002
187.20600000000002
479.6460000000002
395.39000000000016
323.283
296.37
389.56500000000005
348.85500000000013
524.5190000000003
347.237
297.40500000000003
302.285
337.41900000000015
487.0030000000003
270.71900000000005
302.337
353.3590000000001
415.9020000000001
439.46800000000036
318.37600000000003
317.39200000000005
472.6660000000002
405.34700000000004
282.25500000000005
327.12300000000005
285.39000000000004
249.339
351.391
241.31500000000003
232.30800000000002
321.38
482.7050000000003
301.41499999999996
391.8580000000002
415.23200000000014
281.316
426.5970000000003
253.649
377.4000000000001
242.274
350.15700000000004
327.218
430.5040000000002
331.32400000000007
352.5040000000002
470.62400000000014
276.33899999999994
356.38200000000006
224.14899999999997
285.3070000000001
234.21099999999998
328.349
432.3870000000001
204.18900000000002
272.24699999999996
194.23399999999998
310.305
284.38
267.28799999999995
379.41600000000017
504.4500000000004
339.2730000000001
453.68900000000036
268.27599999999995
298.34200000000004
463.9870000000002
369.50500000000017
190.198
312.756
367.88000000000005
426.47500000000014
358.463
259.286
369.4210000000001
327.34400000000005
391.42700000000013
319.3570000000001
357.8220000000001
462.69100000000003
268.09900000000005
381.8400000000001
512.6720000000003
432.39200000000017
323.27000000000004
321.4020000000002
485.3380000000003
393.4430000000001
320.37199999999996
327.4050000000001
343.78900000000004
316.312
358.3500000000002
320.14199999999994
352.86200000000014
328.16200000000003
474.6400000000002
413.5430000000001
458.59900000000016
372.5050000000001
479.6280000000005
329.73900000000003
257.245
453.2960000000002
380.3520000000001
973.6750000000001
400.50400000000025
459.57200000000006
507.65900000000045
256.25699999999995
341.3880000000001
268.066
448.6630000000003
324.8080000000001
417.84800000000007
331.4560000000001
381.315
238.334
397.3430000000002
294.332
396.855
307.30500000000006
470.52500000000026
454.6510000000003
386.3780000000001
408.37000000000006
416.6460000000002
266.343
370.4010000000001
451.52400000000034
296.37
342.39400000000006
287.36299999999994
404.5570000000002
382.46700000000016
389.41500000000013