0.5777111695211742
0.4376981451615538
0.7872356904602359
0.31056693733003676
0.6079941318074146
0.6305769410605336
0.2271873913234065
0.5758990447551
0.5810531349591028
0.7851169496242799
0.6660475171283997
0.866101510945805
0.8604642014831912
0.6816813065347703
0.5128546584061467
0.5344737097467732
0.4498197223840668
0.9048508149944884
0.663918941043112
0.5226113182173548
0.6109330113300521
0.5309342916460713
0.7866714341643867
0.7714309335387899
0.22563369101754369
0.31220426333334095
0.3319037898661971
0.6050143695695396
0.7912384312332081
0.7623660443461591
0.7372488234557755
0.6916474610717254
0.7134753213569995
0.5143252961836532
0.8229232207047472
0.694621199965925
0.833474533993477
0.7140623146047191
0.7206584267595071
0.5031307853006087
0.37408277512014443
0.8859050520432679
0.6372285341770819
0.6108695433691981
0.34918551411022386
0.7880285961377399
0.1813062275787952
0.7613708210937679
0.638454946717992
0.5341184785357727
0.49461767846790333
0.7290147488414052
0.6140915533583416
0.9409261967626341
0.6371108730054077
0.5461743046029827
0.5186156353232955
0.3240102031947737
0.3582794892822376
0.7533004622808722
0.9304727354372271
0.3943921046375079
0.8711997964589643
0.6300658418357588
0.361079356295982
0.7362378801921927
0.6459687657769219
0.5282846700650974
0.4211723921094309
0.8515245742594465
0.33472789284685467
0.43997153486764795
0.5723499142247136
0.5145232399883984
0.7927172060582772
0.8474075190830354
0.7813603331085346
0.9356660766786185
0.39869167598324623
0.796645322767515
0.3346406336600257
0.6347531162396584
0.5958295178876606
0.4887130147684186
0.20128070088654965
0.7705392310210225
0.5841586914556122
0.7930392558311138
0.628675944168173
0.4867941193467888
0.4086320021845683
0.27407801896830913
0.4443576296086554
0.8874619313635221
0.6095216906292948
0.8564589107930237
0.40148740725478854
0.7886980592854647
0.6718404800175619
0.42736228866762727
0.4968767644858511
0.8662997686662842
0.5001645407758208
0.5080318319285548
0.5424471783484941
0.801888909142625
0.93802828477055
0.3637051589033579
0.49783216835468136
0.3289814128324537
0.947866200156061
0.8171015028390651
0.5540165720644906
0.38929224182609257
0.32014951471046793
0.21102063130994028
0.4867975557396289
0.6570678690824335
0.36136586698065093
0.6273607598458089
0.6659830056077086
0.9142551239146283
0.3513689493646318
0.62315820521606
0.6032102051807009
0.5737834662317398
0.42174500450070707
0.548670240460094
0.37608529228747956
0.6761352125701876
0.8078245196529388
0.3637051589033579
0.6419705630456704
0.9186946212892722
0.5293984288499314
0.9148292074191994
0.1814076839909281
0.6246158109775592
0.44942357563961777
0.6774493961766592
0.2623953938944681
0.6623041086624184
0.8482028366852838
0.32347216199055756
0.2629528579166742
0.45219182236355726
0.6720711090745155
0.33073510843516113
0.8782571582679701
0.43458159744836333
0.37202207431954626
0.47781525191456864
0.5927154618980678
0.45378533716252295
0.6956295737467441
0.5764128185486525
0.3975751817190689
0.4873193236421507
0.6889308095526528
0.7708209673472975
0.4475266928395845
0.9072917531968484
0.20098505623518295
0.6701115667946846
0.44812553237391983
0.6227029741904156
0.432395296590754
0.4613032774315028
0.4850788667445756
0.47587304123043
0.9173568938289404
0.7507385428386607
0.7266958577159001
0.3702103311595065
0.2900897740315913
0.58478202873397
0.5475098984560233
0.7719620447821646
0.62839725691824
0.7568268823028699
0.3167065121354991
0.8647568215630034
0.7926568441339411
0.5944674095279919
0.8604853832554166
0.19350427957443006
0.6853963379365251
0.2539090045085179
0.49757863978371664
0.7294846210783859
0.521878986710269
0.7375285690279165
0.7789602456068798
0.13442727549590927
0.7450930292435718
0.9447922261808895
0.5361149951797819
0.7440384663065676
0.6214380021703724
0.842949706427848
0.5719147615124889
0.41284683390327515
0.6234542201298812
0.6829820894575171
0.4174008296523313
0.7576043431116456
0.3969115437425461
0.5380586348444181
0.5782417224336585
0.6611804498474478
0.8499474877992185
0.7997235928636068
0.4343335465344718
0.640004414884227
0.6021074930852661
0.5730569264565224
0.3444543329858525
0.7636921547899166
0.48914746325551856
0.7516971108421445
0.6672200521916087
0.37605220032169745
0.5079005023168246
0.5396228091144348
0.6956562867984378
0.6439656282030218
0.6623141326173254
0.4178224750112975
0.6130244613774909
0.8334656073298752
0.4298292866853824
0.7854644588129969
0.6232136386557384
0.3046237864758452
0.7453398413968337
0.5573033761668252
0.8450228116168456
0.5156746278673978
0.7913574179223981
0.5361501474380408
0.7571947419546301
0.5325729643939221
0.46465481472179737
0.8492524151445385
0.7070145468174096
0.12334985710311229
0.6571511342107328
0.2513668657458201
0.614924910272809
0.7771789426797199
0.732433395549507
0.8153843682784363
0.5838570718229057
0.6719429100379952
0.7490897714422771
0.5077029883537469
0.9156419983302627
0.36487535667580534
0.7558231126828624
0.6526549304477742
0.396120655552236
0.741208481978892
0.8560369120808705
0.49924677282025165
0.7942619860328122
0.5690142450365258
0.24159608772309035
0.677195138723785
0.861019885890789
0.672223435753353
0.362900461613243
0.7625770748176954
0.5654522124931403
0.7155442307851164
0.6913944829216464
0.5316738207881241
0.6105872304114379
0.488738004758476
0.8848723119829579
0.8182664159804054
0.3412620690813264
0.8183984608825248
0.49886381948124797
0.5402770714261409
0.47819371507109404
0.6919306455513272
0.36394118608395765
0.6241978609274184
0.36717291707233507
0.09075510489925745
0.5623462873959357
0.5360680558930775
0.3939775186641987
0.6612766964741882
0.6111141618318515
0.7776086653202465
0.41589193673060987
0.7813798011943157
0.26025362337305646
0.8051290170918487
0.554292628949216
0.7505510543668726
0.35465458801491223
0.8738066302568573
0.5189363984587991
0.4944233668672349
0.4571301017083091
0.41537330081355506
0.19141903068737148
0.3991045991705729
0.4760445415288886
0.23641815777600877
0.49353376072200217
0.5772279936466453
0.7981279285701068
0.4928596977729441
0.6652992766305538
0.829805578498271
0.5357509520726376
0.5801992710231094