2.35053738967156
4.559375964303804
3.601125921397193
2.7445508090222077
2.132388499300557
2.5830187137052345
2.4372053544222254
2.407861047388412
3.177862056512578
1.869171316483376
2.6102778872898167
1.916150051705813
1.7084072933671468
2.3612243490688396
2.6629261525646015
2.226781390816509
2.0908863391018855
1.5760308433787156
3.097439941789733
2.2402838289178906
1.9295321600472786
2.336295317484524
2.6237101360329103
2.61288136726413
2.1374167009498777
2.6818767694281753
2.485018088270955
2.4451547925077524
2.946454307096001
3.539463646530576
2.455521797155969
2.5780381568526103
2.450755027925199
2.9232758723655365
2.8050415951988086
2.2421374061099275
2.664686058427888
1.8299778794827102
2.640405529797656
3.175291069363661
2.3877175433790168
2.7269504228144577
2.226738318987012
2.5220597933160978
3.3954917547882433
2.072917395351455
3.0932691125926226
2.1324204657211077
3.6827107069968994
2.249102410336471
2.119078665472861
2.2482240637176982
2.5406797127552867
1.7846027896783632
2.5930663549229074
2.6214706963155763
2.4822508698929298
2.550391294852167
2.723843483883698
4.16366854441497
2.992931512107999
2.6580648463512517
1.9401978389550525
2.2290836541457146
2.124831783761204
1.943867045701106
3.1103605485752954
1.9770349367827382
2.02189590708727
2.292006181231587
3.114267307976273
2.5442426356961843
2.9432264341098335
1.8177163549229078
2.2929772454113095
1.5356751182996078
2.901965053829306
2.4147958846592843
3.2327531346651934
3.6247135529054137
4.800111148853549
2.65856878673401
3.415321868020744
3.4257207488809485
2.9579264473763036
2.6680822546125462
2.1748575497562435
3.418349630983652
1.9036372877667347
2.556298927027669
4.991217024350592
2.4211934686882035
3.8094367654006094
2.452125082330488
2.373312041376531
2.8110913047736297
4.944955835790617
1.7709197477531244
2.847497642796318
3.567847099742864
2.879398907222308
2.180459031465709
2.2888580702193533
2.7657919204103507
2.521809840162467
2.6570651121998523
1.9587748613255034
1.9792745845501578
1.7491394629559878
3.87826933051051
2.136449774278324
4.084361990280551
2.97890415073773
2.880974332973027
3.174628190751995
3.4664110716733294
3.033909505029192
1.8590825536331952
2.4508955053951826
4.794568299687612
1.987650381924075
1.868613405996708
2.2854660279251995
2.8849700097561133
1.8001547925077528
2.2895075466388146
2.597254550189179
2.509886407589219
2.593087951002122
4.002324834780248
2.71578180937745
1.9778925332681059
2.364810503242545
3.1639154483971783
2.311037675071736
1.9897253354384734
2.949421796602234
2.248034141782661
2.4020238604554027
2.3151083505019905
2.4422921356022123
1.7974376153410283
1.957827685061746
2.8257561790179047
3.0703267715546216
2.3103802039343986
2.7738690533708557
2.065827824805405
2.2186866973552455
3.2587046514253437
2.7516245091353753
3.197419888963527
2.25147438966294
2.1563950811767825
2.2589962915083497
2.332196770070377
3.1136646861562394
2.7754633474368493
2.2647815951988104
2.3227244368867943
3.620913414713897
2.4002430681187104
3.5841045644454272
2.0720633897928202
3.0086009558151137
2.5150561136938254
2.7182175592928246
3.5892297490933025
1.982203924415984
2.5039717128830343
2.7281341048482766
2.0897597601761895
2.2027043314202093
3.1638222881685056
2.77733946867364
1.9000963014352905
3.0249243666651724
2.0434692004984942
3.922386333970503
2.1285137374708754
2.5993465166894723
2.4812762755542828
1.9709460500848017
2.1543794259919142
2.5484992445791015
4.843754800502414
1.8680055856921385
3.1926476070551004
2.231507229213534
2.9110699080624176
2.214779812109345
3.7650921948411886
2.205555867648389
3.462505758484385
2.3515417063226103
2.2527285815335674
2.2516355771696386
2.148548159253565
2.9060788107208495
2.525692533268108
2.192853205809655
2.5008070054074114
2.213462267155359
2.3808736612463175
2.3506000280702857
1.9487964009564323
3.3216699492955524
1.9586820155383222
2.270054956464559
1.8860258066669875
4.111934965493865
2.584940427994402
2.6470743130997185
2.1050954672408704
2.465388475348332
2.281118422719116
5.1563967550970204
2.4494213127398616
2.7969824104538166
2.2466653390887856
3.396982368818011
4.991862826915035
2.8308781203020956
2.3404063908165096
2.6667341952226824
2.504339772973834
2.8229090037430637
2.9192445259103916
3.4138524433920674
2.088765156931194
2.3921691754123575
2.4856597494644266
2.2662264125405844
3.123692124153676
2.3069611488054367
3.768270593392196
2.497712609512295
4.321765904008732
2.2019495767645623
4.059069163296062
1.9249025358716132
3.5124236404554967
1.8900615443792912
2.3716890747436636
2.591518120272454
3.0565423950225385
2.355248887906102
5.258402778684751
2.1008680221120866
2.7360411377668328
2.0939154581399944
3.0288530712189186
1.7746469824532696
2.0468548708344
2.6376014834599424
2.35643527799402
2.0410432094207884
2.106029905629926
3.27329227698221
3.3058215235890556
4.5417669688820705
2.1043909748969103
3.8010181159547995
2.35447044631797
2.7165778748029137
2.609657181771354
5.1568061841420025
3.3870419412385457
1.8250275133584495
2.2632521145832065
2.5527276546513473
2.712706083265422
3.1271484641480187
1.934557080666142
1.977989994625469
2.2788117632660345
3.0709268701828094
2.8812193353967945
2.7234030077765095
3.8021501680081524
3.5530864871760084
2.4829733677881283
3.4198289065272682
4.666910392787274
2.462442177178545
2.4393215481217627
2.2998062729875084
2.4594198665761695
2.556922337562071
3.523361469801303
2.236797418080384
3.433298659469142
4.5592781304576455
1.828972020447594
3.9455474133709147
2.5825173589540107
4.923315497100991
1.854038245524226
3.295760472470932
2.0727613918200998
3.744921713465917
2.4383728920552628
2.3038539599827654
2.058126051801695
2.4745519973409795
2.012195717029778
2.189151109684687
4.999737774444286
2.206364921521226
2.6074780146386427
4.851543393781716
1.9776086328391163
6.333037443933215
2.6300179141311784
2.4826482643344026
2.2183758512100216
2.093569219423342
2.88309426352661
1.9817539325102356
2.4653440424003463