41
38
45
53
43
51
64
51
48
42
33
34
32
29
41
41
46
34
21
39
46
50
37
52
48
52
42
27
40
35
45
42
45
50
48
41
45
39
40
58
31
30
55
46
72
36
38
36
46
36
51
36
33
30
17
56
31
62
62
49
41
47
43
46
32
40
58
42
25
43
49
52
42
22
30
29
29
36
48
32
57
41
41
40
27
26
52
44
39
52
56
66
54
45
34
40
55
38
39
65
59
33
47
58
53
29
32
38
41
61
35
32
43
55
50
53
43
34
47
45
50
34
52
49
28
53
22
45
40
29
36
38
52
45
38
31
52
37
55
48
63
28
41
47
47
54
49
48
36
45
44
48
37
50
41
49
62
39
37
24
62
35
66
29
48
32
61
61
48
49
42
24
44
38
51
26
49
32
40
38
61
46
27
32
25
74
23
55
50
42
33
41
42
65
35
37
41
39
60
33
40
43
49
55
38
35
58
48
38
41
34
26
48
27
26
38
62
34
40
52
33
56
32
44
31
40
47
51
43
40
56
32
40
25
32
31
44
48
25
32
22
39
32
33
43
78
39
56
34
39
52
40
25
37
43
50
46
37
41
46
50
38
37
46
31
45
66
56
35
34
51
46
31
41
35
44
47
31
40
30
44
50
59
53
54
38
38
48
51
67
44
52
60
30
44
26
55
36
57
40
37
28
58
37
46
37
56
58
44
53
49
31
50
61
34
45
30
48
48
49