57.120000000000005
80.44
83.55000000000001
60.69
68.92
113.96000000000001
91.06
124.30000000000001
80.56
42.010000000000005
75.71000000000001
23.550000000000004
55.4
47.56
109.61000000000001
74.09
97.49000000000001
53.6
32.34
55.400000000000006
75.27
112.31
42.85
83.36
61.83
70.96
55.92
47.89
69.04
38.33
59.28
92.83
59.28
92.25999999999999
71.33000000000001
66.48
97.0
66.4
44.12
126.99000000000001
23.240000000000002
68.94
96.02000000000001
65.07000000000001
187.17
55.629999999999995
0.0
63.33
117.05
79.79
87.74000000000001
52.31
50.44
51.22
22.0
109.25
74.60000000000001
141.5
125.41000000000001
68.94
47.56
27.82
69.72
79.12
52.60000000000001
46.92
105.14000000000001
54.88
44.24
87.63
95.34
99.25
138.84
17.07
51.02
49.33
66.24000000000001
44.7
81.03
32.67
60.69
61.440000000000005
71.45
84.06
127.16999999999999
68.18
100.88
38.33
46.61
67.43
69.67
94.92000000000002
130.74
69.4
92.7
60.85
60.69
51.21
113.41000000000001
110.21000000000001
114.80000000000001
49.410000000000004
34.14
92.55000000000001
88.03
66.48
62.12
73.1
46.38
103.95000000000002
64.24
82.62
7.12
55.050000000000004
95.34
103.04
60.44
44.81
101.41
73.86
84.94
45.17
83.67999999999999
75.63
17.07
73.24000000000001
80.32000000000001
131.39000000000001
63.830000000000005
95.16
68.5
73.1
102.44999999999999
73.02000000000001
48.3
69.02
133.28
57.120000000000005
95.94000000000001
83.47000000000001
54.74000000000001
50.44
49.410000000000004
103.60000000000001
138.21
94.58
89.15
87.9
49.410000000000004
76.57000000000001
109.62
70.13000000000001
63.24
94.90999999999998
73.22
79.08
106.15
40.71
51.02
37.81
124.45
87.21
79.15
38.91
69.92
51.8
49.85000000000001
109.65999999999998
144.66
88.2
61.77
57.78
103.01000000000002
60.440000000000005
106.33
17.07
81.76
66.48
72.68
41.9
89.27000000000001
88.33
32.78
17.07
68.94
192.15999999999997
90.71
93.44999999999999
85.53
87.71
17.82
27.299999999999997
36.690000000000005
160.96
32.67
71.95
64.35
46.61
126.39999999999998
41.46
52.71
86.69999999999999
89.02
97.41
46.34
54.88
79.15
47.56
123.47999999999999
92.47
57.61
50.8
89.60000000000001
22.0
34.89
67.49000000000001
66.76
42.99
67.27
92.34
105.31
66.75999999999999
85.88000000000001
90.39
49.69
83.47
109.38000000000001
72.72
91.26
69.88000000000001
103.58999999999999
42.85
91.41
71.06
84.95
89.87000000000002
106.66
53.82
80.91000000000001
26.3
38.91
65.74000000000001
26.3
85.41
86.48
155.52
83.69
90.12
97.19
71.42
78.95
45.84
54.370000000000005
73.11999999999999
46.92
105.47
66.48
60.209999999999994
61.86000000000001
108.91000000000001
88.98
73.86
85.48
119.23
49.66
50.52
40.46
125.44999999999999
55.400000000000006
81.16
99.25000000000001
78.95
44.760000000000005
66.4
54.02
64.35
102.01000000000002
47.89
60.85
59.0
0.0
69.72
100.78999999999999
60.440000000000005
120.41
68.12
73.35
89.17
109.36000000000001
87.74
93.21000000000001
115.69
86.63000000000001
48.67
63.68000000000001
56.26
60.69
49.85
123.81
55.400000000000006
40.540000000000006
6.48
128.08
89.27
62.550000000000004
63.68
139.30999999999997
66.76
56.510000000000005
147.71
60.69
0.0
85.34000000000002
142.72
47.28
50.44
57.010000000000005
66.48
59.81
91.04000000000002