0.26666666666666666
0.2465753424657534
0.35714285714285715
0.2698412698412698
0.5147058823529411
0.40625
0.24242424242424243
0.3291139240506329
0.25
0.5531914893617021
0.3902439024390244
0.3508771929824561
0.34328358208955223
0.46153846153846156
0.35443037974683544
0.40350877192982454
0.44776119402985076
0.40425531914893614
0.3968253968253968
0.3132530120481928
0.3387096774193548
0.3584905660377358
0.4878048780487805
0.16883116883116883
0.5194805194805194
0.38571428571428573
0.3170731707317073
0.39436619718309857
0.36507936507936506
0.4107142857142857
0.4117647058823529
0.328125
0.42592592592592593
0.3888888888888889
0.2602739726027397
0.39705882352941174
0.325
0.3333333333333333
0.3684210526315789
0.44
0.3269230769230769
0.34210526315789475
0.46551724137931033
0.48484848484848486
0.3026315789473684
0.4
0.358974358974359
0.37681159420289856
0.30952380952380953
0.5
0.3384615384615385
0.43037974683544306
0.2898550724637681
0.37349397590361444
0.56
0.4626865671641791
0.5254237288135594
0.3787878787878788
0.3148148148148148
0.5373134328358209
0.3611111111111111
0.4057971014492754
0.425
0.4426229508196721
0.38333333333333336
0.5094339622641509
0.2711864406779661
0.3333333333333333
0.25
0.5238095238095238
0.2597402597402597
0.38333333333333336
0.17045454545454544
0.42857142857142855
0.5294117647058824
0.38636363636363635
0.2535211267605634
0.32432432432432434
0.3333333333333333
0.3064516129032258
0.25
0.45098039215686275
0.37037037037037035
0.35
0.41818181818181815
0.38095238095238093
0.3541666666666667
0.41935483870967744
0.2898550724637681
0.6458333333333334
0.2909090909090909
0.5079365079365079
0.23076923076923078
0.26229508196721313
0.5294117647058824
0.4084507042253521
0.4423076923076923
0.417910447761194
0.2916666666666667
0.5094339622641509
0.4634146341463415
0.5
0.5094339622641509
0.3333333333333333
0.42857142857142855
0.7241379310344828
0.4358974358974359
0.5306122448979592
0.6842105263157895
0.3333333333333333
0.3770491803278688
0.3541666666666667
0.325
0.23529411764705882
0.28
0.3541666666666667
0.4358974358974359
0.3170731707317073
0.32051282051282054
0.47368421052631576
0.1935483870967742
0.35294117647058826
0.42
0.36666666666666664
0.27450980392156865
0.3
0.38095238095238093
0.4864864864864865
0.3717948717948718
0.4626865671641791
0.28125
0.32098765432098764
0.2077922077922078
0.3617021276595745
0.53125
0.28205128205128205
0.8636363636363636
0.43636363636363634
0.31666666666666665
0.4626865671641791
0.32142857142857145
0.43103448275862066
0.4528301886792453
0.2903225806451613
0.43902439024390244
0.3387096774193548
0.3582089552238806
0.3150684931506849
0.3620689655172414
0.5961538461538461
0.16666666666666666
0.17105263157894737
0.5714285714285714
0.25396825396825395
0.2786885245901639
0.3333333333333333
0.2608695652173913
0.3
0.28378378378378377
0.20270270270270271
0.2753623188405797
0.4576271186440678
0.2641509433962264
0.2830188679245283
0.5357142857142857
0.3972602739726027
0.4423076923076923
0.5166666666666667
0.5294117647058824
0.5434782608695652
0.782608695652174
0.3333333333333333
0.3333333333333333
0.42857142857142855
0.391304347826087
0.391304347826087
0.38028169014084506
0.4107142857142857
0.4533333333333333
0.4
0.5423728813559322
0.41818181818181815
0.423728813559322
0.5384615384615384
0.43103448275862066
0.3157894736842105
0.38144329896907214
0.22580645161290322
0.22641509433962265
0.27848101265822783
0.34210526315789475
0.36619718309859156
0.4262295081967213
0.35294117647058826
0.2857142857142857
0.2537313432835821
0.3333333333333333
0.3132530120481928
0.3235294117647059
0.48717948717948717
0.21818181818181817
0.4888888888888889
0.3380281690140845
0.3561643835616438
0.3488372093023256
0.5142857142857142
0.4634146341463415
0.6557377049180327
0.36486486486486486
0.23880597014925373
0.3333333333333333
0.3472222222222222
0.5416666666666666
0.26785714285714285
0.18181818181818182
0.391304347826087
0.1780821917808219
0.28205128205128205
0.41818181818181815
0.34615384615384615
0.4423076923076923
0.47692307692307695
0.3333333333333333
0.2962962962962963
0.3287671232876712
0.352112676056338
0.42592592592592593
0.3142857142857143
0.3088235294117647
0.3611111111111111
0.22388059701492538
0.2631578947368421
0.21212121212121213
0.3230769230769231
0.5294117647058824
0.22857142857142856
0.30434782608695654
0.6538461538461539
0.3018867924528302
0.72
0.375
0.5625
0.358974358974359
0.37777777777777777
0.4339622641509434
0.4444444444444444
0.375
0.26666666666666666
0.3835616438356164
0.5277777777777778
0.2972972972972973
0.42857142857142855
0.5161290322580645
0.30158730158730157
0.4393939393939394
0.3194444444444444
0.417910447761194
0.37681159420289856
0.391304347826087
0.425
0.6
0.5094339622641509
0.24050632911392406
0.5777777777777777
0.3333333333333333
0.3972602739726027
0.5555555555555556
0.37333333333333335
0.3870967741935484
0.43137254901960786
0.3333333333333333
0.52
0.25
0.4090909090909091
0.42592592592592593
0.2716049382716049
0.35
0.24074074074074073
0.375
0.2777777777777778
0.4528301886792453
0.3291139240506329
0.3684210526315789
0.36486486486486486
0.36619718309859156
0.38571428571428573
0.27419354838709675
0.4146341463414634
0.36764705882352944
0.2054794520547945
0.3617021276595745
0.32857142857142857
0.37681159420289856
0.39655172413793105
0.4423076923076923
0.38181818181818183
0.4375
0.32
0.4146341463414634
0.3283582089552239
0.8
0.3561643835616438
0.4067796610169492
0.328125
0.39655172413793105
0.27472527472527475
0.5111111111111111
0.3188405797101449
0.3793103448275862
0.2875
0.3783783783783784
0.44680851063829785
0.39622641509433965
0.4358974358974359
0.27692307692307694
0.3157894736842105
0.3170731707317073
0.40350877192982454
0.68
0.328125
0.5
0.36470588235294116
0.5466666666666666
0.41818181818181815
0.37777777777777777
0.2564102564102564
0.5588235294117647
0.2545454545454545
0.2948717948717949
0.5714285714285714
0.17105263157894737
0.4523809523809524
0.34328358208955223
0.16393442622950818
0.2777777777777778
0.49019607843137253
0.21951219512195122
0.4473684210526316
0.25
0.3291139240506329
0.2857142857142857
0.288135593220339
0.3627450980392157
0.5517241379310345
0.3132530120481928
0.34
0.4411764705882353
0.4
0.3424657534246575
0.2857142857142857
0.35384615384615387
0.4166666666666667
0.2926829268292683
0.3088235294117647
0.4426229508196721
0.2833333333333333
0.26666666666666666
0.4489795918367347
0.5
0.3050847457627119
0.3055555555555556
0.3888888888888889
0.41935483870967744
0.27058823529411763
0.7142857142857143
0.3698630136986301
0.425
0.4262295081967213
0.20388349514563106
0.4375
0.4857142857142857
0.24705882352941178
0.2716049382716049
0.5
0.21311475409836064
0.6538461538461539
0.3709677419354839
0.4576271186440678
0.359375
0.2641509433962264
0.2857142857142857
0.5961538461538461
0.2
0.22950819672131148
0.5
0.36363636363636365
0.3333333333333333
0.5294117647058824
0.31343283582089554
0.4067796610169492
0.1875
0.3333333333333333
0.1891891891891892
0.37681159420289856
0.3793103448275862
0.4358974358974359
0.27848101265822783
0.2777777777777778
0.2641509433962264
0.3880597014925373
0.2926829268292683
0.3582089552238806
0.24
0.4634146341463415
0.410958904109589
0.5512820512820513