0.559322033898305
0.5421686746987951
0.16455696202531644
0.4189189189189189
0.6438356164383562
0.391304347826087
0.3037974683544304
0.25
0.3472222222222222
0.3917525773195876
0.7586206896551724
0.43333333333333335
0.25333333333333335
0.4375
0.2602739726027397
1.0
0.32653061224489793
0.5
0.7906976744186046
0.5454545454545454
0.6226415094339622
0.35555555555555557
0.5833333333333334
0.32894736842105265
0.3956043956043956
0.5128205128205128
0.30434782608695654
0.59375
0.4473684210526316
0.5454545454545454
0.704225352112676
0.8125
0.46835443037974683
0.5918367346938775
0.5454545454545454
0.36363636363636365
0.2328767123287671
0.8
0.5168539325842697
0.37333333333333335
0.4782608695652174
0.5
0.2857142857142857
0.4507042253521127
0.5324675324675324
0.47058823529411764
0.5857142857142857
0.5416666666666666
0.38235294117647056
0.3108108108108108
0.5232558139534884
0.6031746031746031
0.45614035087719296
0.5625
0.373134328358209
0.5507246376811594
0.4411764705882353
0.5555555555555556
0.5074626865671642
0.5131578947368421
0.7384615384615385
0.4444444444444444
0.20270270270270271
0.3111111111111111
0.34285714285714286
0.4925373134328358
0.37349397590361444
0.2948717948717949
0.44047619047619047
0.36538461538461536
0.56
0.3380281690140845
0.5178571428571429
0.35
0.42424242424242425
0.5952380952380952
0.5357142857142857
0.43373493975903615
0.3972602739726027
0.4262295081967213
0.7758620689655172
0.734375
1.0
0.5125
0.3382352941176471
0.367816091954023
0.8387096774193549
0.42424242424242425
0.37333333333333335
0.44155844155844154
0.4935064935064935
0.7205882352941176
0.5714285714285714
0.5142857142857142
0.2978723404255319
0.7142857142857143
0.5128205128205128
0.45454545454545453
0.7121212121212122
0.3684210526315789
0.36363636363636365
0.5
0.4065934065934066
0.42424242424242425
0.4647887323943662
0.43037974683544306
0.3404255319148936
0.5324675324675324
0.5
0.5232558139534884
0.41975308641975306
0.4805194805194805
0.660377358490566
0.39080459770114945
0.5070422535211268
0.3838383838383838
0.3684210526315789
0.32941176470588235
0.49230769230769234
0.4262295081967213
0.30985915492957744
0.3918918918918919
0.352112676056338
0.19736842105263158
0.25
0.4166666666666667
0.5230769230769231
0.2988505747126437
0.34782608695652173
0.4090909090909091
0.7142857142857143
0.6986301369863014
0.32786885245901637
0.44871794871794873
0.20512820512820512
0.3484848484848485
0.43333333333333335
0.2835820895522388
0.5507246376811594
0.5714285714285714
0.53125
0.19718309859154928
0.3253012048192771
0.42857142857142855
0.4878048780487805
0.3787878787878788
0.36619718309859156
0.4666666666666667
0.704225352112676
0.43956043956043955
0.40350877192982454
0.5
0.2926829268292683
0.2054794520547945
0.5454545454545454
0.44047619047619047
0.4430379746835443
0.5151515151515151
0.47540983606557374
0.4153846153846154
0.31958762886597936
0.5064935064935064
0.4794520547945205
0.36764705882352944
0.64
0.6666666666666666
0.5333333333333333
0.4935064935064935
0.36538461538461536
0.30303030303030304
0.36363636363636365
0.3561643835616438
0.390625
0.46835443037974683
0.3116883116883117
0.16666666666666666
0.6129032258064516
0.6181818181818182
0.3472222222222222
0.44642857142857145
0.43037974683544306
0.5061728395061729
0.5
0.3333333333333333
0.7101449275362319
0.41509433962264153
0.47058823529411764
0.5
0.5256410256410257
0.32857142857142857
0.7647058823529411
0.4691358024691358
0.4166666666666667
0.43333333333333335
0.30666666666666664
0.4268292682926829
0.29333333333333333
0.5942028985507246
0.5232558139534884
0.6029411764705882
0.4027777777777778
0.4177215189873418
0.5131578947368421
0.4594594594594595
0.36619718309859156
0.23076923076923078
0.4782608695652174
0.8253968253968254
0.28
0.7391304347826086
0.45
0.35526315789473684
0.48148148148148145
0.7205882352941176
0.5
0.5
0.4666666666666667
0.5428571428571428
0.5263157894736842
0.1917808219178082
0.5362318840579711
0.449438202247191
0.45454545454545453
0.45
0.3972602739726027
0.5287356321839081
0.4418604651162791
0.48333333333333334
0.4177215189873418
0.46236559139784944
0.5555555555555556
0.38571428571428573
0.3333333333333333