230.245
326.3560000000001
412.4670000000001
442.2950000000002
352.8250000000002
400.5440000000002
319.7920000000001
513.4900000000001
429.4730000000002
330.475
227.26300000000003
298.298
231.27599999999998
479.54300000000023
410.42600000000004
344.8670000000001
235.37099999999995
297.285
229.27899999999997
335.79100000000005
415.51500000000016
393.44300000000015
400.5230000000001
327.38800000000015
417.87400000000014
188.22600000000003
336.80000000000007
405.5240000000001
336.4600000000001
330.46900000000016
385.53700000000015
344.4550000000002
390.53100000000023
357.4610000000001
298.342
338.4510000000002
281.35599999999994
342.439
469.60700000000026
304.393
486.6380000000003
450.44700000000023
379.4410000000001
329.40700000000004
356.49300000000017
316.198
272.348
299.41800000000006
345.4720000000003
348.38000000000005
361.4710000000002
386.52100000000013
334.44100000000014
401.557
442.4930000000001
277.20500000000004
385.4410000000001
379.5040000000001
400.4640000000003
433.46400000000017
364.4520000000001
388.47400000000005
303.369
385.93500000000006
322.39
261.28100000000006
428.4880000000001
349.85800000000023
455.5830000000003
327.403
514.5600000000004
192.189
376.481
378.8560000000003
340.77000000000004
462.57200000000034
355.3940000000001
383.4730000000001
307.309
312.395
340.42600000000004
392.4770000000001
444.6040000000001
466.5920000000001
353.39900000000006
324.37600000000003
409.67800000000005
335.83100000000024
244.298
314.454
263.253
243.28099999999998
428.5100000000003
274.284
364.43000000000006
368.82400000000007
349.43100000000015
466.4880000000001
251.31099999999998
392.5020000000002
231.25500000000002
400.45600000000013
219.29199999999997
544.6960000000004
335.4070000000001
335.36300000000006
474.57900000000035
231.29900000000004
336.39500000000015
399.4720000000002
470.52900000000034
291.229
281.32300000000004
299.242
291.306
275.32300000000004
291.37199999999996
426.58800000000014
325.773
278.307
429.5170000000001
394.5010000000001
356.40700000000004
294.354
420.46900000000016
399.4720000000002
266.30099999999993
312.41300000000007
383.4920000000003
402.41000000000014
332.3490000000001
333.457
459.4530000000001
471.5570000000002
313.31
371.41200000000015
521.6590000000003
310.76200000000006
464.97100000000034
262.353
349.4080000000001
359.5140000000002
480.224
426.4730000000003
359.40700000000004
427.276
351.4280000000001
291.363
445.5370000000002
390.44300000000004
352.83899999999994
504.62800000000027
316.26900000000006
484.50800000000027
388.46700000000016
405.47900000000016
504.6310000000005
453.56800000000015
172.231
422.52900000000034
339.307
304.39400000000006
288.37600000000003
333.74300000000005
490.6700000000004
374.49500000000006
382.4890000000001
270.335
316.832
361.4860000000002
329.403
532.6850000000004
212.22900000000004
328.7370000000001
374.46200000000016
210.25799999999998
360.4100000000002
382.3720000000001
390.43600000000015
255.29199999999994
505.5920000000002
323.35200000000015
250.30100000000002
389.28600000000006
283.12100000000004
380.53200000000004
355.39400000000006
339.8630000000001
466.56300000000005
357.20700000000005
276.361
364.4090000000001
371.8200000000002
387.39900000000006
356.4510000000001
515.5950000000003
361.7850000000001
396.1570000000001
287.275
365.47700000000015
288.37199999999996
395.41500000000013
437.5400000000001
356.4220000000001
275.312
487.5600000000003
413.49900000000025
298.302
344.253
247.29799999999997
517.5630000000003
422.48500000000024
394.47100000000023
332.363
365.4360000000001
281.355
204.22899999999998
357.41
399.4870000000001
359.4070000000001
281.315
418.5000000000002
377.37100000000004
354.43500000000023
411.5060000000003
300.40500000000003
294.314
380.47000000000014
551.7130000000002
292.448
392.49900000000014
486.6150000000003
470.03800000000024
223.30100000000002
394.4780000000002
449.4770000000001
475.9980000000002
458.54000000000025
357.1970000000001
336.39100000000013
339.3910000000001
439.55600000000015
353.3750000000001
326.356
229.239
463.53000000000037
397.8840000000001
296.37399999999997
258.19499999999994
424.5890000000002
286.334
382.48900000000015
376.3860000000001
387.5050000000001
393.53000000000003
503.60600000000034
464.5070000000002
306.39400000000006
447.5890000000001
391.39300000000014
391.4930000000002
477.9730000000003
314.77200000000005
366.8740000000002
431.5140000000001
445.56600000000026
446.59300000000013
370.4520000000001
475.5960000000001
353.42600000000016
327.40900000000005
418.5150000000001
282.392
387.41400000000016
237.60799999999995
460.35300000000007
384.8920000000002
320.34800000000007
272.348
278.337
216.32800000000003
388.48900000000015
434.00500000000045
433.5550000000002
399.4720000000002
336.4350000000001
290.1860000000001
383.42300000000006
404.4260000000001
424.37500000000006
430.3570000000002
316.401
281.268
315.394
371.44400000000013
396.2660000000001
391.9240000000001
345.44300000000004
295.406
472.6520000000005
365.42900000000014
296.278
434.51400000000024
325.4770000000002
343.818
294.354
503.44000000000034
340.3790000000001
255.321
395.4590000000002
416.4960000000001
367.3360000000001
432.72300000000007
432.5960000000002
349.47400000000005
252.339
341.37200000000007
412.51100000000014
305.34100000000007
252.226
340.77
313.333
393.59000000000003
357.4140000000001
365.9010000000001
173.21900000000002
269.3
402.9260000000002
452.8760000000002
445.5560000000002
391.47400000000016
434.94900000000007
386.23800000000017
433.94200000000006
393.5310000000002
383.4000000000001
327.38400000000007
305.355
357.43500000000006
365.41100000000006
384.4510000000001
499.58900000000045
503.38200000000035
353.4840000000001
345.401
428.4360000000001
373.3900000000001
302.286
467.5290000000002
446.51100000000025
418.54500000000013
391.4530000000002
311.40300000000013
363.4140000000002
389.52400000000006
428.47400000000016
404.4740000000001
364.401
283.371
325.86500000000024
405.4000000000001
462.78100000000023
336.482
348.4280000000001
240.25799999999998
453.54200000000026
371.5060000000002
468.5350000000003
379.2680000000001
323.34800000000007
463.4560000000001
393.4430000000001
505.64000000000027
478.5490000000004
334.37100000000004
451.4700000000001
320.41700000000003
419.27500000000015
339.41600000000005
340.3830000000001
440.5250000000004
407.46600000000024
329.4250000000001
302.399
390.48300000000006
447.34300000000013
472.56700000000035
405.5020000000002
341.314
270.357
327.4530000000001
417.48700000000014
309.373
340.4930000000001
427.4850000000001
382.5260000000003
448.58900000000034
304.80600000000004
243.69399999999993
354.45000000000016
367.35700000000014
231.29900000000004
485.9090000000002
412.39800000000014
481.5960000000003
474.9660000000001
390.4390000000002
365.4290000000002
463.51900000000023
417.56000000000034
363.41700000000003
408.37800000000016
314.32
434.51100000000014
403.45600000000024
443.5470000000002
356.4220000000001
309.3690000000001
310.404
487.5310000000002
460.5520000000003
335.2370000000001
245.24200000000002
300.314
389.49600000000027
424.4720000000001
430.6620000000002
349.38700000000006
497.41400000000016
392.82
347.418
486.6190000000002
277.374
470.50700000000023
323.38100000000003
555.7040000000003
247.34399999999997
328.368
332.42500000000007
374.37800000000016
324.174
443.5260000000001
395.4560000000001
374.41900000000015
425.5790000000001
351.33700000000005
489.52300000000037
323.35200000000003
412.5150000000001
221.3
320.33000000000004
397.3830000000001
285.30400000000003
397.9060000000002
403.4790000000002
390.4210000000001
391.53700000000026
441.4130000000002
342.786
578.0940000000003
381.23300000000006
234.29800000000003
454.3240000000002
383.4730000000001
267.438
387.5080000000001
405.4720000000001
416.48100000000017
407.3760000000001
394.5990000000002
340.3790000000001
376.4310000000001
449.5770000000002
395.91200000000026
395.48200000000026
405.4060000000001
319.36400000000003
365.8240000000001
305.175
448.5480000000001
376.42800000000005
357.37000000000006
371.4430000000001
250.75400000000002
307.39300000000003
378.85900000000004
249.35699999999997
427.50400000000013
269.32399999999996
244.25400000000002
316.36100000000005
476.53600000000034
228.273
311.3810000000001
365.4770000000001
384.4570000000001
310.31300000000005
465.6190000000003
250.25399999999996
281.271
357.4350000000001
378.5160000000002
405.83700000000016
455.53900000000016
342.42
271.276
438.5530000000002
382.3760000000001
311.34100000000007
313.42600000000004
249.69699999999997
384.4510000000001
473.55100000000016
397.49600000000015
292.29400000000004
304.331
280.393
483.9330000000003
452.4660000000002
325.40500000000014
403.54800000000023
324.4500000000001
548.7280000000003
404.46600000000024
205.25700000000003
316.4740000000001
340.46700000000004
450.5360000000003
398.4630000000002
388.8510000000001
287.3190000000001
373.2280000000002
389.84300000000013
438.49900000000025
393.6000000000002
324.409
352.3910000000001
408.4830000000002
490.5370000000003
191.66099999999997
573.5020000000002
390.43600000000015
373.43400000000014
293.301
433.87700000000007
271.3639999999999
459.56800000000027
416.50300000000016
388.3550000000001
370.40800000000013
421.5180000000002
325.36800000000005
433.53000000000014
310.39700000000005
325.437
537.4550000000003
303.355
338.35900000000004
274.324
468.5140000000002
466.9500000000001
228.267
414.45800000000025
340.33500000000004
249.741
407.8760000000001
236.3389999999999
351.40999999999997
335.41100000000006
413.29300000000006
406.44800000000015
322.412
314.8160000000001
269.3
453.63000000000034
448.52700000000016
483.48100000000017
420.4190000000001
279.748
237.29899999999998
352.39000000000016
374.4840000000002
412.8690000000002
268.36000000000007
417.46500000000015
239.702
261.241
253.25399999999996
330.34000000000003
433.5050000000002
384.4610000000002
217.31199999999993
312.37300000000005
418.8620000000001
477.4510000000002
381.38800000000026
346.45200000000006
447.9700000000002
415.3560000000003
403.48600000000016
351.40600000000006
346.30700000000013
376.4120000000001
481.6180000000002
429.36100000000005
438.4090000000001
334.419
588.1260000000002
438.53000000000014
426.4730000000002
302.73600000000005
532.4530000000002
464.5510000000002
386.51700000000005
372.4250000000001
328.4120000000002
368.74600000000004
479.5810000000003
229.23900000000003
426.4730000000003
475.52400000000017
378.9000000000001
324.38
394.4960000000001
458.49200000000025
317.3260000000001
278.337
305.38200000000006
415.3610000000002
498.46800000000036
296.326
455.3800000000002
528.9710000000001
279.361
382.48500000000024
341.39200000000005
421.4530000000001
369.42500000000007
389.5210000000001
362.4500000000001
314.3450000000001
425.5070000000003
421.50000000000006
301.3460000000002
405.8780000000002
190.24600000000004
299.717
307.38200000000006
223.294
303.358
335.7940000000001
281.344
307.77700000000004
422.5500000000002
356.809
381.4720000000002
429.5170000000002
349.35
400.5480000000002
374.4290000000001
377.47
347.3
385.439
460.55200000000036
316.3530000000001
405.90700000000015
319.40500000000003
464.5470000000002
376.48200000000014
271.382
286.71500000000003
419.47800000000007
265.73999999999995
412.3790000000002
336.369
317.35200000000003
419.4660000000002
284.403
382.24300000000005
380.42900000000003
260.366
383.4480000000001
250.36699999999996
373.40300000000013
443.56900000000036
349.408
368.4370000000001
442.5630000000003
458.53400000000016
199.25699999999998
516.5980000000002
386.4520000000001
316.7480000000001
433.83900000000006
346.77000000000004
517.5850000000002
386.4950000000003
400.47900000000027
213.34999999999997
267.373
520.0540000000001
383.08299999999997
369.46900000000016
276.752
350.4400000000001
417.8930000000003
235.352
420.4380000000001
505.55000000000024
402.49400000000014
403.91300000000007
356.516
386.4660000000001
199.25700000000003
399.4430000000002
419.4590000000002
280.364
427.50800000000015
330.771
288.34700000000004
510.6420000000005
247.29799999999994
251.21699999999998
448.4790000000002
194.25899999999996
340.4490000000001
332.231
350.7800000000001
381.47600000000006
532.6150000000005
283.32700000000006
305.33700000000005
429.58400000000023
273.295
376.4780000000001
419.49200000000013
373.5010000000003
382.46700000000004
501.60500000000025
375.49800000000005
522.6270000000003
374.44100000000014
474.57900000000024
373.359
379.85100000000006
301.30199999999996
349.32400000000007
499.6180000000003
487.5750000000002
447.5570000000003
482.00200000000024
429.5200000000003
428.4960000000002
464.3410000000002
401.4660000000002
349.22100000000006
348.42400000000015
386.38900000000007
444.5970000000003
293.33000000000004
357.4100000000001
387.4140000000001
389.54300000000023
408.54600000000016
499.97600000000034
339.2770000000002
348.2250000000001
247.24999999999994
450.9700000000002
478.5930000000004
263.724
349.43000000000006
400.4380000000001
303.339
374.4620000000002
338.31
334.353
270.723
291.6940000000001
321.4200000000001
300.42699999999996
461.31600000000026
221.25599999999994
330.653
522.9890000000003
405.4140000000001
248.36999999999998
391.4310000000002
346.45900000000006
380.4500000000001
392.47700000000015
480.5860000000003
359.47
374.2450000000001
338.49800000000016
239.318
355.7420000000001
366.45199999999994
369.3950000000001
453.48900000000003
491.56700000000023
360.4820000000001
491.5690000000004
351.85900000000004
449.89400000000023
396.32500000000016
290.42900000000003
398.53600000000023
322.36
408.5380000000003
278.66099999999994
375.47200000000015
230.223
555.5800000000004
361.44900000000024
363.2440000000001
456.4680000000002
405.4320000000002
304.37500000000006
434.35600000000005
381.8850000000003
381.3840000000001
330.38700000000006
248.28500000000003
348.24299999999994
249.35799999999995
447.84400000000005
315.38
495.6420000000004
407.45200000000006
267.288
330.431
279.36899999999997
345.24
341.41800000000006
415.89800000000014
208.33000000000004
261.331
319.40500000000014
457.6210000000002
260.253
340.36400000000003
296.326
312.394
254.30799999999996
285.325
365.38900000000007
297.398
364.195
359.8380000000001
185.179
442.0250000000002
241.29
316.38
329.3560000000001
548.7750000000003
271.316
387.5050000000001
224.30399999999997
306.15900000000005
475.97700000000015
236.31499999999997
475.3970000000002
413.43300000000016
359.42600000000016
321.365
441.2360000000001
253.345
271.324
395.55000000000007
342.4140000000002
396.83000000000015
431.24600000000004
329.403
483.57500000000033
463.8960000000002
544.7170000000003
327.43100000000004
404.4880000000002
240.35000000000002
299.2420000000001
466.9910000000002
274.14700000000005
235.67800000000005
285.38699999999994
343.41200000000015
264.35
391.8590000000002
312.7530000000001
407.9010000000003
230.31099999999998
313.38200000000006
381.46500000000003
415.4860000000002
445.4720000000002
550.6530000000002
310.26900000000006
276.335
266.26000000000005
338.3630000000001
358.43800000000016
312.369
411.5060000000002
227.288
358.3580000000001
317.297
485.9250000000003
296.305
358.44200000000006
337.379
439.9680000000002
424.51900000000023
349.4340000000001
417.85600000000017
465.6190000000002
263.322
431.49600000000015
240.25799999999998
277.284
466.56700000000023
386.4730000000002
307.3710000000001
353.4220000000001
346.456
440.52500000000026
266.75300000000004
402.45000000000016
414.5120000000003
480.4320000000003
420.4560000000001
383.4960000000002
234.328
298.3710000000001
365.36400000000003
482.56500000000017
368.21200000000005
491.56900000000036
257.33699999999993
358.46700000000016
416.5650000000003
350.338
407.85700000000014
345.63
307.393
277.35300000000007
532.5300000000003
432.4980000000002
465.98400000000015
434.5620000000003
497.5730000000003
320.35200000000003
321.32900000000006
269.40999999999997
439.4930000000001
250.29799999999997
257.24899999999997
471.57900000000024
404.3110000000001
346.427
331.5970000000001
394.4530000000001
221.25599999999994
384.27000000000015
355.394
404.5170000000001
448.97600000000017
274.345
405.5200000000002
420.8820000000002
233.658
322.19500000000005
346.271
479.4800000000002
343.8100000000001
345.4640000000002
358.463
267.28799999999995
414.5350000000002
369.4490000000001
438.94000000000017
446.41500000000013
243.26600000000002
186.21800000000002
422.50300000000027
522.5910000000002
209.35799999999995
296.355
532.6410000000004
541.6740000000002
175.23100000000002
349.4380000000001
543.5520000000002
538.7320000000003
468.61600000000027
445.5630000000002
441.4590000000001
278.337
423.4690000000001
386.4110000000001
442.9280000000003
415.5400000000002
409.5110000000002
466.5340000000002
389.5250000000002
389.4230000000001
435.52800000000013
357.45700000000016
382.21000000000004
250.29399999999995
379.37200000000024
376.3240000000001
252.269
502.58900000000034
313.425
401.8790000000001
327.34000000000003
396.45100000000014
340.35400000000004
331.213
366.4640000000001
243.68999999999997
510.5910000000003
416.4810000000001
272.307
375.4530000000001
410.4300000000001
324.427
313.382
390.4460000000001
490.5890000000002
341.3920000000001
499.5890000000002
324.7640000000001
399.4980000000001
356.40700000000004
308.333
381.4130000000001
240.09999999999997
473.5890000000003
348.3360000000001
474.35500000000013
328.456
370.4080000000002
432.52700000000016
363.46400000000006
413.56200000000024
500.5960000000003
333.7710000000001
365.3610000000001
466.4010000000001
210.36499999999995
282.31800000000004
368.3150000000001
287.38399999999996
440.54000000000025
354.34400000000005
211.28999999999996
249.26599999999996
318.37600000000003
427.5410000000003
360.3410000000002
271.70300000000003
419.3930000000001
223.275
338.407
270.335
349.415
547.9860000000001
421.47200000000004
348.4060000000002
325.8210000000001
354.51900000000023
304.4150000000001
498.04800000000023
292.35400000000004
492.5830000000002
477.48300000000035
465.5460000000002
357.8850000000001
367.452
317.345
295.38199999999995
299.35200000000003
435.5010000000002
216.244
326.30800000000005
330.4570000000001
485.6060000000003
367.36100000000016
296.28600000000006
426.5160000000002
219.67100000000002
391.47100000000006
250.21
381.4760000000001
328.41200000000015
388.4710000000002
210.38499999999993
468.5790000000003
270.29200000000003
400.86200000000014
199.16599999999997
318.41700000000003
343.434
493.60400000000016
267.35699999999997
378.48000000000013
519.6310000000002
394.39900000000017
382.4630000000001
483.5790000000003
464.4990000000002
305.3740000000001
355.478
328.824
391.38700000000006
374.80899999999997
313.3570000000001
251.695
348.3880000000001
414.4370000000002
493.4830000000001
373.41600000000005
383.3350000000001
229.28700000000003
335.38500000000016
301.371
339.307
299.39900000000006
287.363
289.31000000000006
251.289
337.223
422.4630000000002
442.64800000000025
406.4640000000003
437.54800000000023
331.29000000000013
334.759
275.695
350.3740000000001
332.759
271.2800000000001
356.3780000000001
493.56300000000016
361.4860000000002
256.257
406.51100000000014
410.88300000000015
490.53900000000016
403.46000000000015
271.345
388.4230000000002
185.22299999999998
459.94000000000017
440.54400000000027
270.288
339.4640000000001
280.371
329.3080000000001
353.4550000000001
397.90600000000006
318.4650000000001
441.6540000000002
393.36500000000007
282.75600000000003
462.5060000000002
367.40500000000014
371.82800000000003
485.34500000000025
268.32300000000004
249.269
356.3040000000002
382.4850000000002
475.56700000000035
348.428
302.374
335.4250000000001
331.36800000000005
410.49200000000025
381.8190000000001
336.391
295.72900000000004
309.36499999999995
312.7570000000001
309.394
379.2900000000001
377.46900000000005
267.288
300.318
320.78000000000003
351.305
576.6360000000001
344.4360000000001
407.4050000000001
394.4350000000001
413.47700000000015
307.394
333.413
284.34400000000005
299.32599999999996
355.41300000000007
487.62200000000036
417.50900000000024
398.29700000000025
237.32399999999993
436.4680000000002
246.26199999999994
352.2980000000001
369.42100000000016
398.5100000000001
367.44500000000016
381.5230000000001
351.8410000000001
293.301
451.5010000000004
433.5550000000002
327.47300000000024
370.4090000000001
387.45500000000015
470.5890000000003
411.50200000000024
267.284
225.25500000000002
283.331
350.21600000000007
432.44000000000017
465.93700000000024
391.4720000000001
277.349
335.3600000000001
522.6270000000003
433.5550000000002
467.5470000000003
236.34
372.4460000000001
312.369
383.7950000000001
395.93100000000015
338.4510000000001
351.4060000000001
301.264
460.57700000000017
361.832
396.46800000000013
457.6210000000002
317.37
317.385
427.5300000000003
407.4730000000002
289.33900000000006
230.223
316.4890000000001
342.37
373.4780000000003
322.43
379.2900000000002
419.4020000000001
308.33700000000005
370.8400000000001
482.62500000000034
429.4800000000002
327.40900000000005
373.2940000000001
369.40200000000016
349.4560000000001
351.4100000000002
294.405
416.4810000000003
336.43800000000005
502.7320000000005
344.36700000000013
319.2320000000001
310.7370000000001
431.6020000000002
331.799
296.37100000000004
282.30300000000005
396.4620000000001
370.41300000000007