3.0563127341885323
2.359897283628028
2.030160793941487
2.0953360753673795
2.5133454669458732
2.785645184627434
2.0856977988741026
3.259788793627715
2.1583321472517714
2.472498108355577
1.4854376964402434
2.494837272998927
2.8393107934035324
2.756870372321197
3.1672383460709623
4.030481062741544
3.724161587844274
3.107643549694206
2.560964781513224
2.008535749305194
2.4666847232098146
2.3085806907519952
2.2593230828720703
2.666487349444564
2.3869796600472775
3.0433328873807266
1.9384953174845236
2.3643400890413613
1.9611888479460617
2.2101297742783235
2.8038905712189184
1.8771785280628386
2.745679530902123
2.255447870309297
2.306059620923021
2.1253774743220575
3.4089668383387686
3.733323165257284
2.7584150474915674
2.2739721259150105
2.813495352153563
2.7832435267876985
2.5286744825480802
2.246476236176642
3.044837796157549
1.7904699225454959
2.280449128724772
4.493735430164953
2.440765848410388
1.7448810557382703
2.096210851561258
2.422937796157548
2.3681950177290787
2.532495592207651
2.3835410657052236
2.6444413897970325
2.3469034922023937
1.9949191318096933
2.2921978075643175
3.676294248930855
2.760906971613439
2.0621351027692736
2.713958907241608
2.368158506216721
2.0853279725713723
2.1491412512168253
1.979587548847551
2.6083286350903734
2.7728536769770677
2.5168963144698164
2.5049846799126545
3.1783233015819112
3.0186916423113948
2.1470344790686493
2.0248983558294835
2.2853266516439916
1.8512497212866315
2.115841446353505
2.0994369757710363
2.1882714718910563
2.2324133950177796
2.087120348532409
2.342566705175093
2.286792015348791
1.698460851561256
1.9321101795556288
3.0640027448184206
2.0116376750717357
1.9187430278018702
3.561530592599355
3.5073064796452327
1.8741890851465666
2.274688356345619
2.663106888508846
2.289481513755158
2.318572258694431
1.9043474999129053
2.4350440883744326
2.379126483640883
2.093919689674408
1.9505615081908019
2.155366390816509
2.4553427508402823
2.8363150806845585
1.9076248926571502
2.0310318955173017
2.3151989401349606
2.9421652571555192
2.322711016396422
2.6594131215857395
2.4403825243277897
2.1172465646222065
2.700417246805795
2.7074567745890263
1.7279406352932654
2.69570362155555
2.070505905281548
2.182733060610129
1.7421889785223552
2.1200997742783247
2.2057464835431997
3.494146288474637
2.0875418103911603
1.777873233117278
2.7911922083560707
2.1060325446626624
2.2381882758902645
3.6211129525856736
2.061960827964729
2.1243327089457047
2.8041820806661413
2.5763579978259052
2.633606357780552
2.2450672935585576
2.660852587955988
1.9994202169499982
3.778320039389909
2.033277059127702
2.0768357990931143
2.761997308047601
2.7393155951890975
3.135912554379302
2.8075143544899728
2.4253084781382057
2.2192460357432733
2.6629261525646015
2.3277055312627457
3.185574124410949
2.3047809844610736
2.2763984380047404
1.8176565998969103
2.385553139712405
1.9176730274117038
2.360499006401316
1.7010116248179283
2.2120443469151088
2.712401779784532
2.2588064074083434
2.1437060221981756
2.1391298574485518
2.3381589284843347
3.287712780463436
2.5277983864845552
1.8132630536305498
2.5767647152518
2.2577500444106633
2.458089979502942
2.1896875764761248
2.176860423143337
2.8837270363193603
2.205714697715104
2.398171066679291
2.754180106315639
2.243634601864528
1.9591010071351782
1.8007979945990211
2.3014551365016693
2.8743263896813396
2.15027701078907
1.7404676847832583
2.5646494171556107
2.074474624141697
2.066358314153888
2.2070556848898555
2.3461915522714083
2.2724079285189482
2.4870776747281322
4.377064733064916
2.322174269620705
1.865747533010932
2.5844962584737186
3.2140722280236513
2.3252608740790457
2.7909051564813616
2.841405518897899
2.3873128324701636
1.917722139186676
2.703554962428594
3.45044932123045
2.392806055734404
2.0146356334481172
1.9625633459883254
2.68701236892735
2.9308375499880093
3.1662642104403513
2.790867042248964
2.821009201231794
2.4240963710581322
2.4871817550389697
2.294631752522527
2.5926035380262906
3.1067860848665827
3.3506451008743188
2.2305835860185805
4.132389175976241
2.0427288663338086
2.089119523097299
2.5089097911522504
2.653080080352673
2.1284204669458724
2.0772620819706322
3.693124290795698
2.3308725019276206
2.7290658455575407
2.321229846691679
4.230290137842239
1.892072942985573
2.0457704669458714
2.6013837136353004
1.9703619492375903
2.2240761785568726
2.350196074983918
2.264641146862438
2.443507000735938
2.797944042478214
2.146980170122056
2.765463968006758
2.494851154160642
2.2426738389079013
2.1509966524042508
3.3335056657884827
2.845005236060219
2.4064377746381798
2.1036049759357205
2.394635498638044
3.7850565188951393
2.213344874079045
2.468156648485621
2.235115425991916
3.042279640117698
2.161328645648295
2.296350337462396
2.4992257594088727
2.626102405538445
3.5448938909443495
3.18642550949622
2.297635644416122
2.334148682630543
2.329777549756244
2.7713951335956537
2.254099646048548
5.0860077279772415
2.48904028026368
2.243810061515102
2.9103851711997635
2.4579395531001804
1.8435360997131571
3.220813992692717
4.574785688901897
2.5913238761580466
1.7605170510803436
2.8524426641103773
2.8226078378317556
1.9953923940486966
1.7733425862595382
2.0398700568340367
4.372109724452182
2.9982587255881104
2.47130529987723
2.671561764037337
3.1880423809649088
2.048650050906847
2.485439039168284
2.29880703690584
3.0646682579396636
1.9597613120162958
2.4404880638588615
2.4677211541301176
2.323029145860362
2.8650809498113947
2.9259028789112254
3.077053021407986
2.2574952825709236
2.0497621970354345
2.4089223523549705
2.1033936191276794
2.135096898370543
2.94523754715018
2.9806260867152936
3.5877028340674304
2.127691596203654
2.032235445098845
2.3690273294414865
1.7161594562317521
2.21123235150133
2.314409071472472
2.44333671639302
3.836867191825026
3.566454373388771
2.8127262341988253
1.9895416406653332
2.0241496460485475
1.897343992801206
2.3712971600472788
3.686269170605149
3.0490427296829914
2.949492335762594
2.366066459982763
2.030247694902652
2.337647118299607
3.1636996111731133
2.6778822581809347
2.180361049494447
2.820459483459942
2.851352044652563
2.1577611637302407
3.458421784082679
2.4119529232743293
3.123428510787006
2.888794044084527
2.356560364068507
2.2731463236633864
2.2537706907281496
3.439961897633305
3.0946956412211053
2.722606880918942
1.9315913324181118
4.938629203890163
2.3008914559568616
2.2510542972026872
2.500396961735868
3.0986577490933023
3.8858914627992034
2.7188426204715075
2.321352317352533
2.1826793445981476
2.123834968915716
2.1100383634919258
2.598354733010197
2.5080190211066213
2.300437549756243
2.3864761642671724
3.966165357736317
2.8286020054074115
2.433565285655847
3.6896846106084302
2.4384375389993718
1.9173188612463061
3.0712890050475545
2.1679069841870593
2.122315299706516
2.719513296362578
2.0705238379559887
2.2143904962977103
2.0376550709623302
2.247688784730709
2.405140258694429
2.368292381430507
2.6337864238995206
3.637884369892655
4.5776571747523125
1.703800044662664
2.2740448922687317
2.2899786781739433
1.6743020264822288
2.768943114044303
3.09230605677626
2.481643944998403
2.3190572383791572
2.079355880913095
2.5600050000587498
2.578778428342586
3.2409835032338528
2.52858919461098
1.991634152290457
3.555947812671528
2.350144973385026
2.3835789777931335
2.136291215281526
1.9643826498182229
1.9192387396787716
3.330770550039049
2.1041266508018897
2.7813076959641982
2.141465242063937
2.8446998680753275
3.0168094578849036
2.122237252881316
2.8968684753483327
2.5496314762480576
2.6616652814402055
2.243215620302095
2.655077500247618
2.310719100611493
2.2379377307650774
1.9608248193190132
2.0735994905666377
2.3157802473322793
2.1405436640560573
2.431540877995996
2.157450401954865
2.7559249611201526
2.1141350392460243
3.3185085633121254
2.384314053538402
2.152876210233284
1.749417847052019
1.8908355249830198
2.678305081105723
2.5497065177473264
2.759428095084699
2.57905968372771
2.3320456035067085
2.1235996290986723
2.8815296540435593
2.316050684321901
2.380053460287387
1.9518735279719195
2.3467182239135465
2.1042833356175077
3.168018756378803
3.161139183049942
2.328903591672388
2.2809905437258777
2.173383890620892
2.4875616607494244
2.7366357663182317
4.374099423082141
2.3680539168944286
2.4306630927025275
2.0384535879367096
3.830733804406396
3.3504477494232363
2.2497041155616433
2.287359082781652
3.118998420115002
2.8496051895251693
2.790471810615461
2.1102244151921123
1.5072963774462345
2.3069783382712465
2.3338151395993716
3.8959030768371115
2.3880544677395843
2.3049360284630644
2.3970703405362457
2.265924115684175
2.4989298025966065
3.324960214748643
3.453034961644244
2.292955230858924
1.8429083142357463
1.9608165698728754
4.221420845029469
4.766667385353308
2.586462245517364
1.975039497325385
2.2689930726603063
2.0904531025056308
4.69605740351007
2.4032659614513676
1.8419665190216357
2.6685983368760997
2.3152621817713523
2.558134604779145
2.8651003296970465
1.6682497270669412
2.1845377971559685
2.1116787396013805
2.480912114604374
2.725765015599036
2.3093335990527013
2.6412127746381806
2.0632100138098703
2.3637705422046036
1.8546788342820353
3.663107802748198
2.6281620837867603
2.14686249868814
2.8130908106072994
2.6828933933437416
2.319949434703629
2.935179657265456
1.6241338028245806
2.3333255460376066
2.482103897060693
2.0363717441276794
2.20784152616735
2.469163419988197
1.9889397742783217
2.2011416207920274
2.8253212050437337
2.258293064110344
2.2576602761673517
3.1738137029636757
2.403238872314514
2.552909235149503
2.2017351006509767
2.738900186550536
2.0029892225713724
2.063036774148248
2.2334915831242004
3.3002876366458107
3.0487738848127908
2.031723357186758
2.9972720759669134
2.797769519725618
2.5554604433914303
2.2794747987167217
3.8239775941940666
2.593170596107825
2.03632115938456
4.070349780710719
2.791514134068999
2.0152452806323673
2.8066333992599617
2.254393084756696
2.2928806517006244
2.3658287113898933
2.9422592025875502
3.1814866322974122
2.295118421493177
2.3583520751983453
2.2227109213069127
2.997008051479458
2.2154141702183807
3.811682735189647
2.190003939130122
2.316470706145971
1.8158996252687007
2.674176499431203
2.6808077444628626
2.1695356649782873
2.2807430687252186
2.30756342058314
4.070517764259877
2.462897121007604
2.099060606324228
2.3859423585991557
2.0422348950900133
2.447870955815114
2.90917533979232
2.165350774819638
1.5741037224571865
2.1458035092375702
3.37694079182028
3.3117139712059025
2.036149038374445
3.4867034816954128
2.373135620296905
2.4480290289555313
2.101100098166018
1.9806466624340757
2.614328818594224
2.524684976489386
2.70606139903399
4.887432363376464
2.5165420400709486
3.3710865667368486
2.257265944839446
2.201354977806403
2.2614723644295793
1.5655957129559877
1.655837811306558
3.2734314843280536
2.421859506936581
2.5092521855404257
2.162243893749329
1.8076534350416882
2.1790696587636322
2.4070787202328905
2.1373665190216364
2.266995227359965
2.231256266841301
2.3400969620293637
2.261959588225732
2.577829204772703
1.5967403867454486
1.7559076291648452
2.436849578170989
2.0389809068929665
2.092523859963718
2.5280797233460426
2.1935619825324846
2.630241383521536
2.2815562626113817
1.9500307060879205
2.453486783312467
2.7466294066548116
4.074542088272969
2.590532768283227
2.8937292426771837
2.1776379292780472
2.7252827928278744
2.1902132235704386
3.3928401979306795
2.2084278431313322
2.824892186430638
2.3205531277608156
2.2862248377471346
2.1680143896629396
3.057303119093847
2.573977103090428
3.806410051830933
3.0902668849149446
2.4408132313557473
2.4756582497513033
3.201598037855713
2.273139737256569
2.406751448960488
3.086364886945548
2.9660171311337127
1.973169927735837
1.9416502072128985
2.274464421739065
2.2268091075020156
2.6217643281399017
2.5165767070626863
2.7066084439589027
2.200153336720483
2.0647870934504944
2.9520210412851995
2.329243455501878
5.176894718761567
2.2223831046951634
2.8196896601773087
2.430336064345104
2.520301063052596
2.1935021856142445
2.120359951002122
3.249680206530555
2.619824583810157
2.219368431359147
2.1324002802636794
3.3377906256863827
1.9339340472305988
2.3921853606591554
2.16887021033361
3.458150096275639
3.3679479665676535
2.152513023770238
2.368196369055063
3.0268373796106367
1.8657525847743912
3.0693825076086343
2.8842775618665204
2.32531294676534
2.44140425869443
2.8528315503434634
2.4554717310687906
2.293603159253566
2.9929222251876304
2.3464571540435593
2.296524819319014
3.419443522112302
2.408507780019841
2.2828423631239616
3.5015268295250106
2.1029775663867376
1.7650208558561697
2.440738700834407
2.0266529557092596
2.3236295547203287
2.3925842983469305
2.1855194179442474
2.0467264303636448
2.3728624510614402
3.0296236175093325
1.8370433240887323
3.4338929688213167
2.1691710821005117
2.8792840934861257
2.2562338895328633
1.8171295582416178
2.135122934371628
2.2966806013762007
2.982073188601536
4.143292085079272
2.721572338398907
1.8883115803423784
2.5498511502271732
2.2078412724733134
2.918526670796224
2.589752573064633
2.0067307677909234
2.536386790062055
3.6560366269882714
2.6268033830596877
4.4184948553675465
2.2766753586188564
2.3082755885497814
2.6327102984675452
2.2616120377873887
2.2833257810215013
2.7106603504338516
2.0103523511647534
3.013228475348332
3.053403328132628
3.337421748175351
1.8708947223933627
2.13752758568633
2.1970682554950347
2.4547280724596128
1.8507577341885302
3.735172415517509
2.047289921521225
2.355068580537326
2.5916207724962703
2.554524737384318
1.7220182358167868
3.3334200328208894
2.2578651997475703
2.6048114259919153
2.8338205871329816
2.935997442316518
2.1104924356957273
2.4612703177251554
2.3419460292515346
1.7181152369703554
2.3941696918724453
1.836035297607454
1.857710151848691
3.1459675351094827
2.442564712243584
2.9155569959985765
2.4041115368729837
2.6503590979326965
2.1093009396207734
2.7446842233201068
2.110671335617507
3.4708134770775168
3.0093437936721408
2.3021133530904283
2.8388841776125258
2.215027145269973
2.06245962092302
2.0851960646099954
3.487198022034856
3.3992590630528072
2.282735009505796
3.385675751367521
2.3665094012588135
2.5894083979143314
2.239514068518554
2.1208711704841665
2.5331912152815264
2.089072622994543
2.1885964071821515
2.0828033539520483
3.2832599716117894
2.2908802797692456
1.9103110753673782
2.13170942701573
2.7087431143910017
2.20835224626917
2.1481210151716557
2.227344135472409
2.0069397588019626
2.917632371843723
2.5482950674989038
1.6655918965801497
2.168492874079046
2.2322651639599087
1.8390851588937096
1.834236765970937
2.2138534748969096
1.8532174172046023
1.790324492975067
1.81233694923759
2.535849486349111
2.318442782145979
2.7730637616713523
4.088782852171089
1.820152982553001
2.600149755270584
2.1351343189635923
2.0955058106072997
2.5183715149278196
2.3351163573568314
2.149254104848275
1.9944762252732176
2.29988275776798
2.1940103113814686
2.1943505362008846
3.4410678673120696
1.9174187927692614
2.651139097696312
2.343188874079045
3.677766347229781
2.2328007056066372
2.750678375648935
2.551100149885583
2.44589913066263
2.4756285841626458
3.131092511626706
3.855447905448594
2.520726866514881
2.7428024164575344
2.933038512272015
2.6251340883452343
2.731337520918265
3.281028427265957
1.7419956242267425
4.4783787966135495
2.7558233328214676
1.9580113993077433
2.495854570334723
2.6435367694281755
2.628497408431059
2.112902225187632
2.2533208013940342
2.2378024164575354
2.6709923528340465
1.9522082841838575
1.9357375798380687
3.221063932526831
2.3445742606315747
2.081577116016021
3.2754140847878936
2.303697854352974
2.1957423205903766
3.2134869994036936
2.1399820903776625
1.935929476511573
2.2788190998532727
1.9314809174437286
2.0859221181499574
2.172399812609788
1.98921319954726
2.359044287156774
2.9544480559505537
2.4370834827230503
2.919126413172224
2.740742695445334
2.925229363798996
2.452315126398247
3.050022636221117
2.0455452866669095
2.017496558179312
1.9228429138801282
3.6333590846644483
3.199920636009514
1.3416595088321515
2.7705092774596256
2.8444387451734414
2.89647622248469
1.7416648670094759
3.021822439350787
3.242631991831849
1.9718151182996078
2.650938665472859
1.9979825818405565
2.184021885420579
2.386045968079495
3.1487710219214815
2.4100481645822267
3.331129530902123
2.246619047410908
2.605130630556273
4.055376296646756
2.316131230172923
3.0110112072979973
2.5966935731740524
2.1645013942377602
2.669845015621444
2.306859903958914
3.0534215603051287
2.073759771476958
1.8646888908165096
2.3898335856686685
2.208125879254853
3.0614955043965333
1.691195427994403
2.1464524887262595
2.9097343896629404
2.516334296527333
1.9673457427339969
2.3178247472631224
3.1291891223878414
2.2189201251411355
2.052233137024503
2.7117110975713725
2.7940750742640574
2.5019833932571913
3.562371895331376
3.56433927078678
2.13988888539987
4.632562085381401
3.0867648175557134
1.661290137275543
3.55619278016324
2.366483317265974
2.3235839228480817
2.138831084043984
5.050722002002296
1.9013198210507571
2.4870955885497814
2.333599096831728
3.066243835409364
1.9424477692210615
2.08459436240852
2.1673095925128827
2.373143308538973
2.929301404356849
2.482365007005738
2.306855928346703
2.3889662088971786
2.5990889111124567
2.3024907953914386
2.9516675593097403
4.559034060761107
2.712358874669457
2.0767296973638683
2.3116310457482605
2.294676910171109
2.201483889532863
2.6750140857885896
3.1158747181461237
2.727349418331766
2.765394723209816
2.4160963469995664
2.2431330907329468
2.0121574665860145
1.8896869085835846
2.442912469255349
2.274299422257462
2.4348883704816355
2.379656495972071
2.104657005407411
2.7423278227043415
2.7170848740790454
2.2867068121607073
2.7917907311920622
4.091083736032783
2.6526354463965394
2.9370982310377673
2.465821312287911
2.389172719417365
2.33167564275608
2.904915441400993
2.7079913324181124
4.028351708589392
1.8241615798380693
2.4905606266793203
1.7008874259919136
2.216959248314067
2.357873303462636
2.0208190279251994
3.168966347229781
2.1624801041708785
2.13090480196896
2.7269713498683448
2.286938637072808
2.3964224208565916
2.3546230032581406
2.4102394173535764
2.1741156101911834
2.2317985536536717
2.3173189370677267
2.4864658666526793
2.084391208437385
2.4288794199881956
2.373263118976716
2.1333640257094757
2.1633940080033973
1.9435795878249937
2.750495465721107
3.0277368995432052
2.275975384914945
2.331915535421553
2.32420994883511
2.004176511964765
2.790498168109721
3.7174891653602913
3.36667841790592
5.148656409867963
2.267604023963063
2.6197733564249432
3.3831618159988626
1.7318572136262897
3.2536924356428942
2.589282120732978
3.6632816579150296
3.295876336842942
3.1611919324998405
2.768646456671938
2.622157529683353
2.2882215440504066
2.1770552829670073
3.0801581412246346
2.3838469677395864
2.0582820155383192
2.3255459553817523
3.476327108671745
1.8973128701064503
2.6983716086166716
2.5017455772226356
1.9534387078850752
1.9394926567611463
3.145546384812791
2.4727569117512704
2.4998904759823386
2.4580237959133466
3.563261764037339
2.456940547252607
1.7876773504882983
2.6343377170184112
3.0943601890820913
2.495746452517693
2.1120626264752254
2.2318089648588213
2.131957561951989
2.989006774521755
2.0110234438874013
2.036468318215821
2.5128693171256202
1.9802094613708903
3.3061125323244784
2.0614381048482766
3.4341162287313116
2.0145920013144316
2.946931819023371
1.784881173563928
2.3448523132811783
2.41082398342939
2.1213055072395672
2.560628459340519
1.831716673085749
2.457684736147712
2.2903936637185254
4.801533573625631
2.1824704618545407
2.027837855654772
2.7785470471208438
2.3060825777456735
2.33685847329763
2.407991303074816
1.8152945658732431
2.3695930864300756
2.347366311784553
2.8786244446590477
1.969767466586017
2.701630158359981
1.6201672542773782
2.775772978350993
2.2794076291648437
2.061475851964328
2.2000759629746227
2.6117503804038833
2.291132899406593
2.097096641230811
2.1126799924755666
2.45839286444156
1.8484690433790174
3.595222973480791
1.9844568072453583
2.315303240510337
3.1570829552124433
2.3071291141469086
2.0960941048482766
3.2105053120411844
2.050803607093396
2.833492867514673
3.225670731355513
2.7113710257525128
3.506816424009786
3.3162548516014843
2.7002307979577598
1.656286852614997
2.258889591320335
2.6000892344257363
1.8026881923515923
2.4860850261606693
2.453051714212476
2.495178545278401
1.9058004510488402
2.3158308972341892
2.8560705790543235
2.5441409208692676
2.2451541264175265
2.252221153197901
2.164481240449712
4.151094165776255
2.084547156761145
2.253700044662663
2.744231856539688
1.9964124328334432
2.7498160456331853
3.7570579624713245
2.4528971140727567
1.942181059755164
2.929532097359939
3.1345855012358506
2.3544124416466126
3.2463119382410426
2.6446272402278144
2.3097527369703545
3.459227974118937
4.059029394306288
1.9709226138289164
3.6502772893944018
2.1441556855966315
1.9651960619013966
2.0056736190183173
2.1151820110329105
2.2663929434992465
2.0879593680447748
3.4911057705817816
3.9463331128001986
2.362929372037355
2.1422296678008017
2.6039476981479748
2.381004918021011
2.071515236970356
2.796764427994402
2.1409921265903655
1.9748051588937088
2.4833311928396977
2.3560220819706306
2.7771893831440337
1.9836920819706307
2.6977504819860556
3.0710655794254462
2.3221981297763854
2.5501726119611554
2.2066248523549703
2.4970587331881973
3.0638439278603986
1.9218183528554906
1.7351668922424661
2.689722098844559
2.635549693306663
2.2197391375665045
1.9621452898794605
2.7579239036419825
2.2889156433098137
2.960847515169565
2.584518218224524
2.137956115684174
3.49609749087794
2.197210142065259
2.543481086381661
2.6517948566463403
4.38785358122878
3.3847790725259905
2.4505140500882447
1.6371044593590511
2.731072867086022
2.217499780884946
1.9666802956288159
2.345519058495169
2.264871809511739
2.872096115994225
2.514562402962257
3.0448862399576466
2.373660964453453
2.426473880884556
2.1524528349648957
2.083407993151752
2.5059876855028502
2.1756723510713254
2.116614053414626
2.173012851201399
2.224021961838023
2.7604671932405545
2.0373511297818734
2.2792089398585063
2.322458454292514
2.0905565802137946
2.2271394127945303
2.325669686534379
2.097302373771443
3.17482350491748
2.757020111401804
2.671036319258766
2.5831914890548884
3.1621787610191046
2.1804928557036494
2.205255583189846
2.347442587955987
2.436793828650776
1.8457189284843345
3.9171976289686556
1.657005428424407
2.4995005579371288
2.0409309085462493
2.1116416465583185
2.3133409396043394
1.993454058688119
2.4952203046752572
1.9491255904373777
2.0404134811476506
2.299759998053469
2.183031793490038
4.0740622779182285
2.4638147569700326
3.5234091495358673
1.8037086386615986
2.4755307368649095
2.637257204585552
2.3259700539583488
3.272673734645127
2.014085038993544
2.168886641866843
2.0677589341098344
3.190120236060217
2.3511662676750706
3.3938274592778077
2.7908053485468542
2.950471542878839
2.4819565731922477
2.1491149377155665
2.087644442606292
2.1667478126097865
1.747721312739861
3.0152374605822985
3.213992623966182
4.296269804287352
2.653134498344425
2.207914602865177
2.3515460907033052
2.229317306610646
2.2341399684255396
2.3580168695739445
2.1891039581633898
2.3041787852383084
1.6598467659808271
2.462986101698162
2.2697198079918675
2.056758495114888
1.834945400949433
2.320376312739862
2.675970061235043
1.9786308880650587
2.6766204292780476
2.2455979343716272
2.14296727778229
4.141232205013056
2.3847716454702876
3.728289995102055
2.8272938951574442
1.6675428769739948
2.083749104625788
2.2509908455575385
1.933745705679879
2.6230907626626365
2.4015861566823435
3.689377948249355
2.3297284748969123
2.0398627876723
2.894764826016379
2.4885448193190136
2.6242379978259045
1.8305338558140694
2.3711693496035213
2.135852384409599
2.8646294894636615
2.184461764037337
3.7036083249907312
1.8381914890548892
2.5207579885841813
2.9080769444586387
1.8991658653215069
3.0751483107847264
3.557936765517452
1.684657169423538
3.228638999043836
2.6348880088306554
2.5614016736579774
2.3044621048482767