28
41
47
45
43
42
36
64
54
36
26
39
25
57
48
39
32
35
28
36
51
52
42
47
50
22
40
51
39
32
42
39
41
43
34
41
31
45
50
35
51
55
42
40
47
30
36
41
40
42
39
41
34
43
55
35
46
48
51
53
36
43
33
40
41
34
52
39
52
37
65
24
47
42
39
56
43
46
39
35
37
44
52
50
40
39
50
34
27
41
40
27
53
28
40
42
39
58
28
48
29
46
28
70
40
47
56
28
44
54
61
40
33
51
31
33
33
43
38
37
51
49
48
40
52
47
39
41
39
56
45
33
56
57
34
42
61
33
53
32
43
48
63
51
42
41
40
35
54
45
40
53
45
61
43
47
61
50
19
48
49
32
30
37
60
41
41
35
35
42
40
63
21
41
44
24
42
49
48
28
65
37
28
40
25
50
50
43
52
33
32
43
44
50
42
57
42
49
45
41
33
43
56
44
36
57
45
39
47
29
63
51
48
41
47
30
25
38
44
45
34
48
46
41
47
37
34
41
67
31
50
59
50
21
44
52
51
65
43
39
41
55
44
37
26
52
45
38
31
50
34
47
45
46
45
67
55
36
51
48
46
60
37
35
54
51
57
47
56
42
38
50
37
48
26
49
47
42
34
34
23
46
44
53
49
43
26
47
52
52
44
36
33
40
47
40
35
40
41
55
41
36
52
34
37
35
50
40
37
46
52
52
41
46
46
28
40
51
36
29
42
40
37
44
45
23
32
45
55
52
42
53
46
46
47
45
37
40
45
41
44
61
59
45
41
54
44
35
56
53
49
51
38
45
47
54
48
44
35
33
51
56
32
39
29
54
39
51
41
42
58
47
60
55
38
58
36
40
42
36
54
50
43
33
47
52
53
48
44
27
36
50
34
32
50
45
52
32
24
40
51
29
64
53
62
55
43
42
54
44
43
48
38
52
48
52
36
31
32
57
56
31
26
36
42
46
45
41
51
48
46
62
27
65
35
62
27
42
42
44
30
48
47
46
46
48
45
41
57
25
42
54
36
47
54
42
46
56
41
64
41
27
49
47
33
44
48
50
49
53
41
48
49
48
48
51
35
41
27
51
42
43
45
26
40
37
32
49
37
33
45
60
24
36
47
48
40
51
36
41
46
46
48
52
41
32
49
53
35
33
25
47
54
46
38
35
32
61
55
37
48
38
71
48
22
36
37
52
43
42
38
34
47
53
43
35
44
50
57
17
73
47
50
34
51
37
54
51
45
45
48
37
47
36
42
57
32
43
37
51
54
23
48
49
31
46
33
40
39
43
48
37
35
33
48
56
61
52
30
29
42
44
50
31
47
26
39
28
40
56
43
25
43
51
71
44
41
49
41
53
50
40
46
57
39
58
40
70
50
51
32
57
55
52
47
35
46
57
26
53
57
42
37
42
57
41
29
32
38
52
39
56
62
33
51
49
52
44
44
42
45
51
53
39
48
21
31
35
22
40
38
30
40
51
42
47
53
46
50
43
38
42
44
55
40
45
39
60
40
26
31
53
31
58
42
43
48
33
39
46
27
48
24
45
52
40
44
56
52
24
56
45
35
48
38
62
50
44
23
28
61
32
40
29
43
45
28
48
66
45
49
32
39
21
50
61
31
55
39
35
67
34
32
57
21
37
35
50
44
63
32
36
48
37
47
52
40
42
62
37
66
50
60
42
44
42
46
59
59
58
55
54
53
47
47
37
42
55
50
39
45
46
44
44
68
33
35
31
55
60
26
39
59
34
43
42
39
30
38
34
30
58
29
27
65
49
29
47
40
48
46
54
43
42
36
27
49
41
44
47
56
42
56
37
52
53
32
43
42
49
32
45
32
75
44
37
57
46
32
42
47
45
38
32
30
31
51
35
60
54
32
40
23
27
41
51
21
26
33
56
35
42
45
36
28
34
44
35
32
37
19
52
27
39
39
71
29
43
28
31
54
24
54
52
44
40
49
27
37
50
40
51
54
37
57
56
61
37
47
26
43
55
26
24
37
42
27
51
37
45
29
35
42
51
57
68
42
30
38
44
48
34
51
24
56
40
53
31
42
41
50
49
41
52
55
35
52
29
31
50
44
33
41
36
52
27
49
46
45
52
44
27
41
41
54
40
63
27
40
49
49
45
38
38
33
76
55
56
44
56
45
41
32
50
28
33
59
43
45
28
46
24
41
42
42
54
31
49
44
27
35
32
62
39
37
39
32
47
42
48
61
29
23
54
62
26
36
68
72
20
43
68
61
62
55
58
31
49
54
52
47
48
53
45
44
49
43
37
28
50
49
31
63
36
45
39
47
42
31
46
23
64
51
36
42
49
34
39
42
51
36
57
37
50
45
37
48
21
55
45
59
40
46
51
37
43
65
35
51
49
21
35
51
27
54
46
23
30
37
48
46
30
52
25
42
32
45
66
49
44
36
36
37
61
35
63
57
53
38
37
46
34
31
52
27
41
39
62
48
41
48
22
52
40
44
41
46
23
58
32
49
28
31
43
60
31
47
64
48
47
54
53
36
38
35
48
52
42
35
49
56
57
45
53
25
35
35
51
35
36
36
28
43
47
50
44
48
41
35
29
42
38
31
42
62
41
36
46
56
55
57
28
49
24
52
55
30
40
30
40
41
43
34
56
48
27
55
46
44
56
34
30
31
48
56
36
32
39
38
47
42
41
34
36
42
36
36
41
35
38
33
41
70
43
50
45
53
37
42
32
34
42
59
52
55
23
57
30
42
47
45
43
40
36
34
52
51
41
44
46
59
50
32
24
33
34
53
59
47
30
43
68
48
61
23
48
35
45
45
38
42
39
52
38
45
54
34
38
46
52
39
27
44
39
43
40
35
49
40
40
58
57
37
38
42
40
45
31
61
39
55
45
29
37
51
35
35
36
47
41