81.28000000000002
105.38000000000001
84.94000000000001
83.09
63.61
34.17
49.580000000000005
99.21000000000002
119.80000000000003
75.27000000000001
38.33
86.71000000000001
38.33
107.71000000000001
110.80000000000001
53.22
29.1
55.73
46.5
73.22
104.37
90.29
83.44
97.2
85.35000000000001
26.3
72.24
87.54
33.2
24.06
52.57
58.64000000000001
52.49000000000001
37.190000000000005
71.41
42.31
78.59
59.5
72.92
33.29
102.32000000000001
116.18000000000002
76.38
55.63
11.530000000000001
20.310000000000002
44.0
67.15
54.260000000000005
101.57
95.05999999999999
75.19
68.28999999999999
45.67
77.92
61.31999999999999
81.69999999999999
62.300000000000004
109.56
110.47000000000001
88.76
100.19
55.11
32.7
84.30000000000001
70.19
73.59
55.400000000000006
68.13000000000001
45.230000000000004
136.89999999999998
37.3
41.9
84.5
76.88
110.59999999999998
96.53
76.12
94.54999999999998
74.77
98.49000000000001
84.94
53.18
94.82000000000002
72.47
60.440000000000005
72.67999999999999
55.400000000000006
58.95
41.46
93.83
29.1
76.15
100.44
68.52
57.92000000000001
71.11
77.75
64.11
83.55
70.14
83.68
102.77999999999999
98.82
48.72
85.13
85.38000000000001
44.370000000000005
72.42
92.87999999999998
95.22
84.27
80.89
112.30999999999999
48.42
31.23
55.400000000000006
51.22
72.47
54.37
71.41
97.35
99.00999999999999
54.12
95.91000000000001
82.86
81.26999999999998
50.69
72.47999999999999
99.41
117.44999999999999
66.32000000000001
92.41000000000001
81.59
141.87
54.040000000000006
140.18
78.76
92.77999999999999
41.57000000000001
85.61
52.650000000000006
41.46
86.96000000000001
92.51
109.61000000000001
90.41000000000001
96.68
83.83000000000001
77.63
60.44
84.09
99.93
95.86000000000001
67.42999999999999
73.34
78.25
87.66
17.82
68.62
103.06
81.51
52.3
55.400000000000006
91.72
85.59
69.03999999999999
28.68
32.34
35.580000000000005
50.42
80.07000000000001
37.3
107.25000000000003
67.87
64.35
66.48
94.17000000000002
66.92
20.310000000000002
106.60999999999999
65.38000000000001
33.51
58.95
50.44
40.620000000000005
93.5
46.61000000000001
100.63000000000001
51.22
76.21
107.83999999999999
62.91
118.09
75.02000000000001
99.87
96.53
120.88
101.67
70.23
51.220000000000006
97.92000000000002
65.2
87.04
90.7
99.74000000000001
79.38000000000001
105.79
115.10000000000001
56.489999999999995
117.53
91.31
75.88
72.43
94.72000000000001
42.24
50.69
83.81
68.23
90.28999999999999
56.15
101.66000000000003
65.47
76.88
96.33000000000001
83.63
80.91
83.98
94.96
35.5
62.4
92.78
58.370000000000005
58.04
92.59
76.71000000000001
72.92
110.47999999999999
90.06
52.61
81.78000000000002
67.00999999999999
97.54000000000002
92.67999999999999
60.92
94.09000000000002
80.64000000000001
66.91
39.44
56.75000000000001
47.5
55.89
49.56
79.37
70.0
129.77
135.94
43.07
72.17000000000002
63.160000000000004
71.85
90.77000000000001
62.980000000000004
69.9
107.02000000000001
73.66
0.0
53.17
120.05000000000001
74.49000000000001
70.23
85.8
28.8
63.99
29.1
79.37
100.85999999999999
69.97
49.410000000000004
80.75999999999999
24.39
75.71
54.46000000000001
86.79
108.62
49.410000000000004
59.220000000000006
85.69
93.53
85.89000000000001
68.46000000000001
54.7
112.24000000000001
54.45
63.39000000000001
83.37
54.46000000000001
49.94
25.009999999999998
91.42
79.54
76.74000000000001
105.92
20.310000000000002
72.17999999999999
58.199999999999996
76.15
60.03
61.37
71.2
43.26
94.23999999999998
72.47
90.87
29.54
53.849999999999994
98.69
89.27
85.30000000000001
86.84000000000002
73.4
75.57000000000001
41.99
94.08000000000001
46.61
54.7
51.8
56.84
117.58
69.62000000000002
82.57000000000001
102.30000000000001
78.91
74.91
70.23
75.6
54.900000000000006
55.84
78.84
89.02
58.64
100.79
76.15
63.68
59.75
82.61
105.67
97.63000000000001
101.82
94.28
75.94
110.49000000000001
78.79
65.78
26.79
134.18
94.18
81.42999999999999
29.54
44.370000000000005
48.3
59.290000000000006
58.2
78.27000000000001
35.53
67.6
75.11
106.79
61.69
64.96000000000001
84.67
70.23
86.79
111.55
55.760000000000005
76.30000000000001
53.22
76.66000000000001
46.61
67.77
84.22000000000001
77.77
61.77
54.269999999999996
51.66
83.42999999999999
108.05000000000001
88.91
74.85
48.14
36.440000000000005
89.78999999999999
74.86
60.25
71.53
66.92
102.84
49.31
70.26
67.42999999999999
111.98000000000002
57.78
142.8
108.11000000000001
58.81
84.94
69.15
56.790000000000006
122.31
73.02
63.69
159.48
83.45
45.92
93.14
54.04000000000001
76.66
56.27000000000001
80.91000000000001
73.53999999999999
102.00999999999998
52.08
92.4
98.66000000000001
79.9
53.33
48.470000000000006
70.58000000000001
63.35
119.46999999999998
62.1
98.16000000000001
47.260000000000005
131.74
65.72
101.3
40.86
89.34000000000002
60.66
112.51
52.330000000000005
126.73000000000002
62.300000000000004
43.18
75.11
78.84
23.55
79.37
84.3
38.33
118.25000000000001
86.51
82.67999999999999
51.870000000000005
101.78
112.39
71.41
66.88000000000001
65.87
99.86000000000001
66.21000000000001
17.07
65.79
71.61999999999999
20.310000000000002
59.620000000000005
98.76999999999998
78.15
77.25000000000001
34.14
66.37
43.78
99.93999999999998
82.27
45.900000000000006
97.97000000000001
63.25
65.6
34.480000000000004
70.31
50.27
114.8
79.2
24.92
45.39
36.28
12.03
77.25
50.050000000000004
90.7
90.06
139.54
72.31
38.77
56.489999999999995
72.64
92.26
63.57
81.47
78.15
76.63999999999999
40.620000000000005
79.54
77.13
58.97
74.18
104.21000000000001
120.39
70.67
46.92
42.35000000000001
42.010000000000005
80.22999999999999
71.7
75.27000000000001
86.11
41.57000000000001
119.22999999999999
94.57
68.23
61.88000000000001
56.75000000000001
94.74
69.56
38.33
32.260000000000005
35.940000000000005
68.08999999999999
86.86
76.75
69.72
69.68
74.28999999999999
69.56
29.33
52.3
112.03
105.39
99.03
12.89
84.61999999999999
112.23000000000002
90.17000000000002
50.940000000000005
123.16999999999999
26.790000000000006
104.81
99.67999999999999
85.59
69.64
64.63
79.46000000000001
97.83000000000001
32.78
68.01
119.87
66.84
69.67
56.220000000000006
107.1
97.12
24.06
86.33
84.47
20.310000000000002
50.95
36.260000000000005
88.89999999999999
77.99000000000001
84.5
52.57000000000001
50.50000000000001
23.550000000000004
47.56
82.44999999999999
102.24000000000001
136.19
78.09
46.17
59.31
63.93000000000001
43.26
65.74000000000001
46.330000000000005
86.36
46.17
106.45
73.86
96.89
109.57
92.25999999999999
20.310000000000002
68.4
121.01999999999998
143.51000000000002
93.89999999999999
66.48
67.08
38.92
116.92
66.69
159.48
79.47
90.81000000000002
66.48
83.45
49.74
110.97
86.71000000000001
89.00999999999999
41.46
87.71
114.10000000000001
59.38
116.28
54.71
52.71
97.72000000000001
77.74000000000001
86.96000000000001
84.59
58.64
52.49
41.99
122.99
126.19
70.02000000000001
71.64000000000001
26.71
60.93000000000001
67.37
97.36
152.36999999999998
46.61
79.03
82.06
118.48
95.07000000000001
79.37
38.69
111.09
97.41000000000003
67.05
94.22
79.98
32.34
74.99000000000001
55.63
78.62
71.69
39.82
55.96
66.4
75.27
67.75999999999999
75.63
66.65
109.33000000000001
79.53
92.50999999999999
72.70000000000002
75.14
70.67
85.38
61.830000000000005
87.63
70.67
104.77000000000001
86.10999999999999
55.4
76.66
95.58000000000001
33.45
155.06999999999996
105.32999999999998
75.6
90.64000000000001
41.46
64.63
103.91
60.21
47.24
34.89
61.440000000000005
81.16
60.17
78.27000000000001
61.46
65.54
30.71
88.75
102.32000000000001
59.84
45.230000000000004
73.47
122.32
50.69
90.2
27.299999999999997
71.5
104.29999999999998
29.1
73.63
43.08
95.5
79.9
29.43
108.04999999999998
115.69
50.8
46.92
52.89
103.41000000000001
37.81
83.41999999999999
110.06
52.60000000000001
72.16
59.5
58.64
77.53999999999999
58.41
97.38000000000001
112.98
45.379999999999995
74.77000000000001
84.22
115.61000000000001
61.88
111.68
44.370000000000005
64.11
47.769999999999996
58.11
66.92
142.62
77.05000000000001
66.91
113.08999999999997
72.28
127.71000000000001
86.43
109.85000000000001
77.25
64.74000000000001
88.62
127.64000000000001
140.64
108.74
108.57
107.97
71.52999999999999
86.21000000000001
90.41000000000001
65.5
70.3
67.87
124.32
75.71000000000001
86.94
80.64
56.15
37.27
62.550000000000004
100.82999999999998
32.34
50.68
74.68
59.39
89.60000000000001
44.480000000000004
40.58
93.92
72.47
75.71
55.12
115.56
43.6
84.27
41.489999999999995
41.99
127.36000000000001
55.73
29.1
95.66000000000003
100.26999999999998
32.34
78.2
43.08
73.1
84.94000000000001
85.89
46.94
83.47
55.24000000000001
29.1
136.98000000000002
41.57000000000001
125.32000000000001
54.88
86.79999999999998
93.19999999999999
83.3
56.15
80.23
107.93999999999998
66.48
67.58
44.760000000000005
66.76
33.2
52.980000000000004
65.26
163.06
56.80000000000001
48.150000000000006
67.23
122.83000000000001
88.00000000000001
78.95
82.27
78.21000000000001
32.78
34.89
55.4
46.92
55.510000000000005
46.84
114.03999999999999
133.68
60.06
32.34
64.86
27.05
46.84
63.68
24.06
54.88
70.67
70.58000000000001
82.94
97.45
72.24
62.98
90.31
104.31
87.74000000000001
38.33
65.49000000000001
68.02
82.81
69.72
38.33
61.02
96.56
121.6
48.42
68.46000000000001
58.86
39.19
81.29
54.27
57.690000000000005
79.25999999999999
88.07
82.77
51.55
23.47
83.03
97.45
41.57000000000001
77.4
109.43
39.42
137.98000000000002
81.06
81.08
36.95
84.94
16.130000000000003
102.64000000000001
95.75
29.54
76.72
29.540000000000003
82.67
55.120000000000005
84.50999999999999
74.93
62.29
41.46
69.66
122.2
105.84
139.71999999999997
128.28
107.13
86.99000000000001
78.75
95.5
101.98000000000002
50.8
96.33000000000001
40.86
128.98000000000002
94.83999999999999
117.86999999999999
52.3
82.08000000000001
73.22
71.09
102.00999999999999
81.99000000000001
85.31
61.88
74.85
72.08
46.53
91.16000000000001
106.26
78.87
71.28
90.79
69.9
91.84
34.89
64.80000000000001
100.10000000000001
88.91
41.57
72.16
41.050000000000004
72.71
80.32000000000001
161.45
95.08000000000001
91.56
49.25
49.86
45.33
109.59
71.53
39.94
29.54
86.69
141.59999999999997
91.10000000000001
96.44
85.69
130.75
75.96000000000001
94.09
46.17
92.09
78.43
77.12
96.02
37.81
59.08000000000001
53.33
42.74
51.47
55.63
86.36
90.14
82.08000000000001
61.69
80.63999999999999
124.15999999999998
50.8
54.35
46.17
108.13
42.68000000000001
47.56
58.64
79.03
98.42
51.81
74.33000000000001
120.91000000000001
75.11000000000001
42.74
109.85
159.53
12.03
69.81
94.92
130.95
20.310000000000002
67.94
115.13000000000001
116.17
104.22
75.44
96.02
80.9
72.69999999999999
93.92000000000002
74.24000000000001
64.42999999999999
88.16
70.42
79.60000000000001
73.86
81.39000000000001
31.98
77.77
44.760000000000005
97.30000000000001
116.92000000000002
43.370000000000005
102.45000000000002
69.56
81.29
96.53
102.97
67.76
41.99
106.32999999999998
51.05
90.03
85.26
42.85
63.99
79.54
60.45
52.980000000000004
106.35000000000001
102.33
88.24000000000001
117.95
75.71
71.32
110.57
48.67
100.52000000000001
29.1
82.85
99.77000000000001
88.07
45.33
124.78999999999999
105.4
77.25
68.46000000000001
82.93
64.63
96.37
69.72
15.27
44.89
77.2
38.33
88.07000000000001
125.71000000000004
54.88
64.63
45.480000000000004
57.230000000000004
81.91
45.730000000000004
124.64
26.03
63.08
17.29
64.85
113.94999999999999
64.74
76.88
73.26
32.34
50.27
73.21
49.410000000000004
168.30999999999997
79.12
105.84
35.580000000000005
97.39
92.55000000000001
37.38
84.78
81.69999999999999
73.8
93.72999999999999
62.46
96.02
96.97
127.31
49.85000000000001
22.0
74.92
109.54000000000002
61.88000000000001
79.19
58.440000000000005
0.0
97.21
61.940000000000005
86.71000000000001
118.17999999999999
66.65
55.63
69.72
49.57
66.63000000000001
137.41
87.61000000000001
51.22
111.85
114.71000000000001
64.63
41.93000000000001
46.010000000000005
101.13
111.15
60.93000000000001
92.05000000000001
114.12
79.16
47.03
74.83
111.43
63.45
77.69000000000001
62.300000000000004
110.9
50.78
58.38000000000001
49.580000000000005
61.85
61.269999999999996
112.11000000000001
56.75
106.79
4.93
75.63
77.52
71.09
81.42999999999999
51.43
84.95
90.31000000000002
86.36
54.040000000000006
60.44
72.54
95.79
85.06
109.62
43.32
76.99000000000001
60.77000000000001
96.78
104.54
68.28999999999999
53.16
41.13
94.09000000000002
102.5
54.46
50.160000000000004
91.44
75.02
66.91
97.35000000000002
89.02000000000001
88.05000000000001
91.78
94.94
38.66
30.49
79.19
97.41000000000001
86.10999999999999
45.91
68.54
68.97999999999999
86.33
76.38
64.35
118.69
38.77
90.06
45.56
68.28999999999999
55.629999999999995
70.39
71.05000000000001
74.32
84.86000000000001
185.88000000000002
57.690000000000005
95.07
124.15999999999998
65.25999999999999
74.43
79.37
56.21
65.49000000000001
52.65
88.18
71.41
121.07999999999998
38.33
108.38
59.67
99.11000000000001
93.5
43.18000000000001
67.79
88.16
62.2
61.85
127.28999999999999
86.79
26.479999999999997
91.41
68.01
76.46000000000001
71.11
61.55000000000001
55.63
71.09
61.77
129.9
86.00999999999999
87.22
68.02000000000001
98.25000000000001
115.88999999999999
92.51
95.07
33.62
83.55000000000001
67.43
90.52
61.88
50.69
65.38
46.61
93.72999999999999
50.95
75.8
70.58000000000001
81.17999999999999
51.160000000000004
81.85000000000001
111.79
73.85
71.34
23.55
58.64
79.36999999999999
61.190000000000005
66.48
114.32000000000001
75.27000000000001
76.02000000000001
87.91000000000001
96.33000000000001
57.010000000000005
23.55
86.48
84.66
87.37
59.81
90.06
57.690000000000005
46.67
93.73
41.57000000000001
84.82999999999998
70.67
55.4
82.08000000000001
79.03999999999999
65.69999999999999
85.59