0.34328358208955223
0.273972602739726
0.3384615384615385
0.30434782608695654
0.34375
0.41379310344827586
0.3380281690140845
0.2828282828282828
0.3493975903614458
0.3717948717948718
0.2903225806451613
0.47368421052631576
0.375
0.328125
0.3620689655172414
0.36363636363636365
0.35365853658536583
0.35294117647058826
0.3582089552238806
0.3939393939393939
0.3404255319148936
0.2987012987012987
0.24675324675324675
0.2676056338028169
0.3924050632911392
0.375
0.4266666666666667
0.34285714285714286
0.4084507042253521
0.45454545454545453
0.4264705882352941
0.3561643835616438
0.36231884057971014
0.43333333333333335
0.27419354838709675
0.18571428571428572
0.3076923076923077
0.23880597014925373
0.35526315789473684
0.30666666666666664
0.38095238095238093
0.32857142857142857
0.3333333333333333
0.2833333333333333
0.3939393939393939
0.28378378378378377
0.2465753424657534
0.2753623188405797
0.323943661971831
0.33766233766233766
0.32
0.2987012987012987
0.22807017543859648
0.40350877192982454
0.6
0.38333333333333336
0.273972602739726
0.4166666666666667
0.3424657534246575
0.47297297297297297
0.25252525252525254
0.3287671232876712
0.38
0.30985915492957744
0.34285714285714286
0.45121951219512196
0.3287671232876712
0.4810126582278481
0.40625
0.48
0.28169014084507044
0.3389830508474576
0.34375
0.3559322033898305
0.375
0.39285714285714285
0.17105263157894737
0.5714285714285714
0.5
0.3333333333333333
0.27941176470588236
0.6938775510204082
0.2753623188405797
0.2972972972972973
0.38028169014084506
0.3877551020408163
0.36
0.43243243243243246
0.3582089552238806
0.6071428571428571
0.2857142857142857
0.36
0.29850746268656714
0.2923076923076923
0.3728813559322034
0.30303030303030304
0.3013698630136986
0.5254237288135594
0.36363636363636365
0.288135593220339
0.25806451612903225
0.38333333333333336
0.3380281690140845
0.23728813559322035
0.2835820895522388
0.453125
0.32894736842105265
0.3088235294117647
0.2571428571428571
0.32727272727272727
0.37142857142857144
0.24705882352941178
0.3770491803278688
0.323943661971831
0.5272727272727272
0.33783783783783783
0.25675675675675674
0.2361111111111111
0.2903225806451613
0.34285714285714286
0.2972972972972973
0.38095238095238093
0.42028985507246375
0.3050847457627119
0.3188405797101449
0.33962264150943394
0.30985915492957744
0.2676056338028169
0.3055555555555556
0.3493975903614458
0.3333333333333333
0.2923076923076923
0.3389830508474576
0.2727272727272727
0.4027777777777778
0.2857142857142857
0.32786885245901637
0.323943661971831
0.3283582089552239
0.2909090909090909
0.26262626262626265
0.3088235294117647
0.35384615384615387
0.2753623188405797
0.8297872340425532
0.3855421686746988
0.2982456140350877
0.2807017543859649
0.34782608695652173
0.3625
0.35443037974683544
0.16923076923076924
0.3108108108108108
0.34285714285714286
0.38461538461538464
0.2777777777777778
0.27692307692307694
0.3103448275862069
0.34615384615384615
0.2878787878787879
0.34375
0.2923076923076923
0.6346153846153846
0.4375
0.3225806451612903
0.34545454545454546
0.23595505617977527
0.3064516129032258
0.26153846153846155
0.2714285714285714
0.3870967741935484
0.28169014084507044
0.25609756097560976
0.28169014084507044
0.4473684210526316
0.30303030303030304
0.3114754098360656
0.375
0.33766233766233766
0.3150684931506849
0.28735632183908044
0.2753623188405797
0.3382352941176471
0.43103448275862066
0.35714285714285715
0.26153846153846155
0.32857142857142857
0.3582089552238806
0.35
0.28169014084507044
0.35294117647058826
0.2714285714285714
0.38461538461538464
0.4528301886792453
0.379746835443038
0.3114754098360656
0.3684210526315789
0.3333333333333333
0.2236842105263158
0.29213483146067415
0.25842696629213485
0.38461538461538464
0.48214285714285715
0.3333333333333333
0.39622641509433965
0.34782608695652173
0.37142857142857144
0.5079365079365079
0.2608695652173913
0.3170731707317073
0.29069767441860467
0.34782608695652173
0.27906976744186046
0.25
0.25675675675675674
0.3181818181818182
0.32857142857142857
0.25
0.32142857142857145
0.2948717948717949
0.4142857142857143
0.3287671232876712
0.323943661971831
0.3023255813953488
0.5510204081632653
0.38028169014084506
0.34210526315789475
0.32
0.30303030303030304
0.2753623188405797
0.38095238095238093
0.5370370370370371
0.4528301886792453
0.25
0.3918918918918919
0.3333333333333333
0.3114754098360656
0.3424657534246575
0.2878787878787879
0.36507936507936506
0.2702702702702703
0.2898550724637681
0.33766233766233766
0.3150684931506849
0.49056603773584906
0.47058823529411764
0.273972602739726
0.4576271186440678
0.2524271844660194
0.34285714285714286
0.3611111111111111
0.26744186046511625
0.2916666666666667
0.24731182795698925
0.3508771929824561
0.2898550724637681
0.20833333333333334
0.3090909090909091
0.4
0.3442622950819672
0.3333333333333333
0.5178571428571429
0.2857142857142857
0.5535714285714286
0.34782608695652173
0.32786885245901637
0.37735849056603776
0.26582278481012656
0.36619718309859156
0.2894736842105263
0.23943661971830985
0.29411764705882354
0.3230769230769231
0.2923076923076923
0.26666666666666666
0.3875
0.2777777777777778
0.4025974025974026
0.24742268041237114
0.3559322033898305
0.32
0.19444444444444445
0.34375
0.3076923076923077
0.3181818181818182
0.3283582089552239
0.4153846153846154
0.3157894736842105
0.35
0.3670886075949367
0.26666666666666666
0.36363636363636365
0.29411764705882354
0.2619047619047619
0.2876712328767123
0.3333333333333333
0.2857142857142857
0.47540983606557374
0.3
0.4189189189189189
0.36764705882352944
0.3582089552238806
0.3220338983050847
0.5094339622641509
0.3150684931506849
0.2923076923076923
0.36507936507936506
0.2753623188405797
0.325
0.24770642201834864
0.39344262295081966
0.26666666666666666
0.5342465753424658
0.3333333333333333
0.328125
0.30985915492957744
0.7872340425531915
0.42857142857142855
0.32786885245901637
0.3287671232876712
0.3064516129032258
0.30158730158730157
0.29508196721311475
0.25471698113207547
0.29850746268656714
0.25675675675675674
0.26153846153846155
0.49056603773584906
0.3
0.3875
0.359375
0.2839506172839506
0.36363636363636365
0.2878787878787879
0.38271604938271603
0.3287671232876712
0.2692307692307692
0.2765957446808511
0.3064516129032258
0.35294117647058826
0.36619718309859156
0.2962962962962963
0.3
0.35
0.3253012048192771
0.47297297297297297
0.3466666666666667
0.328125
0.3584905660377358
0.3076923076923077
0.36065573770491804
0.2840909090909091
0.28205128205128205
0.3176470588235294
0.5254237288135594
0.45901639344262296
0.32727272727272727
0.3387096774193548
0.3050847457627119
0.24675324675324675
0.46153846153846156
0.35294117647058826
0.30434782608695654
0.7142857142857143
0.5238095238095238
0.2948717948717949
0.3333333333333333
0.32926829268292684
0.3333333333333333
0.33962264150943394
0.5161290322580645
0.43333333333333335
0.2727272727272727
0.37735849056603776
0.2916666666666667
0.52
0.2702702702702703
0.35384615384615387
0.36363636363636365
0.47619047619047616
0.375
0.7037037037037037
0.2857142857142857
0.26262626262626265
0.36764705882352944
0.32142857142857145
0.5869565217391305
0.3116883116883117
0.3584905660377358
0.3157894736842105
0.543859649122807
0.2361111111111111
0.3424657534246575
0.30985915492957744
0.3974358974358974
0.5454545454545454
0.7254901960784313
0.2727272727272727
0.3493975903614458
0.42105263157894735
0.5660377358490566
0.3389830508474576
0.3333333333333333
0.30864197530864196
0.3684210526315789
0.39080459770114945
0.38235294117647056
0.3
0.32432432432432434
0.27956989247311825
0.2804878048780488
0.2926829268292683
0.3333333333333333
0.43548387096774194
0.2711864406779661
0.3333333333333333
0.3225806451612903
0.3291139240506329
0.5535714285714286
0.30666666666666664
0.4745762711864407
0.34375
0.2222222222222222
0.3114754098360656
0.3230769230769231
0.3384615384615385
0.25287356321839083
0.36363636363636365
0.32727272727272727
0.36
0.29850746268656714
0.24675324675324675
0.2753623188405797
0.30158730158730157
0.25
0.2564102564102564
0.24324324324324326
0.3389830508474576
0.2714285714285714
0.30158730158730157
0.325
0.30120481927710846
0.2923076923076923
0.3424657534246575
0.2638888888888889
0.35294117647058826
0.3125
0.4461538461538462
0.35294117647058826
0.2608695652173913
0.3
0.2878787878787879
0.4
0.31343283582089554
0.25274725274725274
0.2564102564102564
0.36065573770491804
0.3287671232876712
0.33962264150943394
0.5370370370370371
0.26436781609195403
0.5357142857142857
0.23214285714285715
0.2714285714285714
0.2840909090909091
0.16923076923076924
0.35
0.34615384615384615
0.5087719298245614
0.45
0.26262626262626265
0.3050847457627119
0.2923076923076923
0.3125
0.2807017543859649
0.5535714285714286
0.3225806451612903
0.2828282828282828
0.4426229508196721
0.36363636363636365
0.4027777777777778
0.35135135135135137
0.3
0.45614035087719296
0.30434782608695654
0.2698412698412698
0.325
0.29508196721311475
0.38666666666666666
0.23958333333333334
0.30158730158730157
0.46153846153846156
0.3076923076923077
0.3333333333333333
0.3220338983050847
0.2682926829268293
0.26136363636363635
0.2608695652173913
0.32432432432432434
0.296875
0.36764705882352944
0.27906976744186046
0.627906976744186
0.27906976744186046
0.24675324675324675
0.359375
0.36
0.2878787878787879
0.35555555555555557
0.3548387096774194
0.3442622950819672
0.37662337662337664
0.47058823529411764
0.3088235294117647
0.38095238095238093
0.3287671232876712
0.27419354838709675
0.2833333333333333
0.3333333333333333
0.26666666666666666
0.2465753424657534
0.33962264150943394
0.2777777777777778
0.27906976744186046
0.32727272727272727
0.3088235294117647
0.36363636363636365
0.34285714285714286
0.37662337662337664
0.2823529411764706
0.7708333333333334
0.3974358974358974
0.3384615384615385
0.3333333333333333
0.2878787878787879
0.2604166666666667
0.3492063492063492
0.29411764705882354
0.37142857142857144
0.35802469135802467
0.49122807017543857
0.3018867924528302
0.3384615384615385
0.28125
0.4246575342465753
0.3595505617977528
0.2898550724637681
0.35714285714285715
0.2823529411764706
0.42424242424242425
0.30864197530864196
0.2647058823529412
0.2602739726027397
0.36231884057971014
0.3384615384615385
0.22857142857142856
0.2857142857142857
0.29577464788732394
0.3194444444444444
0.2702702702702703
0.2717391304347826
0.43548387096774194
0.3968253968253968
0.23333333333333334
0.3380281690140845
0.2823529411764706
0.3333333333333333
0.3382352941176471
0.38333333333333336
0.2857142857142857
0.2898550724637681
0.3176470588235294
0.3582089552238806
0.28378378378378377