-0.33598587621094406
-0.17702945975918621
-0.15982755760717046
-0.3014023950708729
-0.27193564667831954
-0.28164752128716397
-0.34103721903159095
-0.27501297525321255
-0.3487344706585235
-0.24856593099054697
-0.35589279467750934
-0.2036639272502217
-0.13578135344584974
-0.2475067468404488
-0.12499998918903875
-0.11814416089892286
-0.25489654738711537
-0.31532984908292294
-0.26664077306369827
-0.2699411508560998
-0.319760658390206
-0.44597624345780673
-0.2413046076185991
-0.3144821962110276
-0.18947043848844108
-0.3401260434609665
-0.21620825231863625
-0.1981934250541548
-0.1803785449402804
-0.1974006824829126
-0.11573860991094569
-0.2324231776923838
-0.17271458100025328
-0.24790778534690347
-0.21395803280481737
-0.2104862048476106
-0.22202009054118907
-0.24224782689921806
-0.19287368331614121
-0.18655747316009852
-0.3636868538583327
-0.20135972032795735
-0.1297459314338787
-0.2906502179177918
-0.21714148265413366
-0.1668556827833777
-0.32693932744386356
-0.4063711502045346
-0.4403029848294578
-0.25805780760400493
-0.26089069270175735
-0.29394964468627177
-0.19810954512938828
-0.3531713119393149
-0.25161831610148166
-0.36478360504662827
-0.37166378905980807
-0.32275437890741937
-0.300969898940787
-0.15041226640821886
-0.2704653815302341
-0.252949353335924
-0.17980979166927052
-0.22749461939807855
-0.23995124855002922
-0.19560870207293482
-0.1676351373704762
-0.1762910358714671
-0.24128377186453118
-0.19833483343874914
-0.2932575020152083
-0.28308183842321005
-0.18594612915230277
-0.25314003405159774
-0.3104273626515845
-0.21722339733622661
-0.13438974189385447
-0.1690787079909214
-0.3510414986390892
-0.29570666469973456
-0.1736552739720997
-0.2109012521546612
-0.20531097047169558
-0.306562830787145
-0.18875535038374575
-0.1750363618775789
-0.2586560883312909
-0.1471401949885327
-0.14719693174742096
-0.29739315599929944
-0.3701901957112411
-0.16717921330221625
-0.27349906899323656
-0.26279429677555144
-0.16502005496809216
-0.11185628741839082
-0.39654760575665804
-0.2218214398295836
-0.18451418162245
-0.18971790624454568
-0.13862899003362963
-0.09687566820385812
-0.2654244061210633
-0.18136147097395378
-0.2678984190584384
-0.22754408934393927
-0.2766912529781936
-0.1889611551374932
-0.33000503315458296
-0.1553698238189744
-0.18847976665481422
-0.18289675755598325
-0.19935451535724497
-0.23200195993619954
-0.3272031014492813
-0.17321871736126357
-0.2849341658391847
-0.23379650329256058
-0.2208859167396991
-0.3398007549494184
-0.17811575899318266
-0.31039914968582655
-0.2561874652431376
-0.31412181024300023
-0.2914027006399626
-0.26849106377927895
-0.24971793990529365
-0.24039114407316367
-0.15814009134344892
-0.2840750109589711
-0.18325042115574774
-0.14718943066193216
-0.2708501471511209
-0.11286763000156626
-0.31168651285428695
-0.23736577094215625
-0.3354915293038334
-0.18012987690926083
-0.17443741748061065
-0.20240751345575111
-0.1389221702595344
-0.3005833697705263
-0.18745176997204174
-0.09680008622771068
-0.35035736940054885
-0.17415248179484735
-0.2753990403808705
-0.1674697297959228
-0.19195592334624056
-0.2343523378740722
-0.22292219274427463
-0.11250493291770126
-0.22807405859936852
-0.23023177881745352
-0.3153486988655238
-0.1977432335709273
-0.23118999493792158
-0.12073024593405075
-0.22881518370154263
-0.19629245927162337
-0.2243420175477178
-0.16453576906552908
-0.1209516481078322
-0.19481444356827846
-0.230842677654872
-0.178458779465852
-0.44157814859712136
-0.2745686311539908
-0.3029820762208237
-0.17113329804499955
-0.466527168589994
-0.23520681692838782
-0.23299562468798954
-0.2909919442660053
-0.22387420444045666
-0.2408949922164581
-0.17871774913769317
-0.24896702948958255
-0.3046095553658129
-0.20798362142037677
-0.2479833011850042
-0.19954239718199754
-0.29816396866038397
-0.18339449932466761
-0.1619796945003742
-0.12969261388411427
-0.17235573470458104
-0.30443858643918226
-0.2584503542657667
-0.14078388403999229
-0.1549952452990277
-0.284923793811244
-0.12546726117729085
-0.19841996505046539
-0.19773428216749947
-0.24736693773475232
-0.27660690032716956
-0.25633975453402097
-0.18902185524830845
-0.23710660220144747
-0.15152940875901455
-0.11245873965663701
-0.2750942796798725
-0.21006613373737376
-0.31492962540894004
-0.22586027469256464
-0.23792887503949772
-0.187662465663483
-0.18378840768837407
-0.3423473528503434
-0.3564678989726996
-0.22003899686675746
-0.3754677469199053
-0.14471257524924228
-0.25738193493244504
-0.398971238970249
-0.15122966981171151
-0.15920169179308316
-0.2925506256082601
-0.41840815320753383
-0.3206203853596354
-0.10499361618222709
-0.16824728539937095
-0.1627917933248449
-0.3941477979434667
-0.26524674106275276
-0.239180618555525
-0.31997926718587777
-0.16642886562992146
-0.44191698177707095
-0.2811980128224358
-0.24918927722769343
-0.4039151432597282
-0.48294843751971056
-0.20805983237480702
-0.28461118979541616
-0.13555798634780666
-0.1599218488986884
-0.3320944593347961
-0.21897074716224063
-0.2310955083638362
-0.44634354599231135
-0.20607965463502964
-0.4692879695850875
-0.3143595645602062
-0.3926861086637733
-0.3650952982273396
-0.09988309914935921
-0.21206635092601156
-0.12784250174962558
-0.35147010026173575
-0.1714669867051936
-0.17788768498101
-0.11239400079577536
-0.29134566493471414
-0.20184971810632912
-0.23101934268153804
-0.1494871642725827
-0.23501237495961202
-0.28257357264774624
-0.13522871603094208
-0.31641578025376366
-0.2775060960706442
-0.20253011279375757
-0.20546545963200566
-0.14432839431234148
-0.1942998823831905
-0.20584920699964313
-0.16540307542048335
-0.2662245194255972
-0.47191567819832664
-0.19999235638541804
-0.42613956594095725
-0.26459874736241196
-0.15262443260735653
-0.3527405491380921
-0.19503140121865578
-0.2619832915017081
-0.22646571905163923
-0.188125008434189
-0.23899948701696944
-0.2791620013875737
-0.12621363754208403
-0.23051239131582837
-0.20590206746749234
-0.2525687884976775
-0.27712877572628036
-0.23140032445007241
-0.10980828478058009
-0.34674645970293627
-0.3271559575591829
-0.1418278225842811
-0.1890166962236196
-0.18617723251665258
-0.21468745644765505
-0.18097325710984227
-0.23140528580857406
-0.21176023973933897
-0.21469920755480065
-0.18402705294040894
-0.18121274055945832
-0.17385194599091194
-0.18737400086194636
-0.2436178747615643
-0.1615268551513732
-0.27194680487220635
-0.2270717821101758
-0.3732696503681221
-0.2919036187356687
-0.22715776979726873
-0.20891435297700156
-0.1395758862355664
-0.3421437035574019
-0.14130035483284373
-0.1764682056571864
-0.30802435273539136
-0.2026985581719783
-0.14473528701038735
-0.1144509071380736
-0.20531752182576954