-0.39513897467012854
-0.33298716627886177
-0.49598170199611297
-0.3204720341872699
-0.39828011066500846
-0.5759148353863712
-0.5372542770271947
-0.5301230704564646
-0.41220022022613584
-0.3868908302116526
-0.34974544987878997
-0.42512286989545034
-0.27445201599634855
-0.26791706673841614
-0.3839323977183336
-0.3644148590019329
-0.36242129440745946
-0.3337592908812524
-0.3754676249232484
-0.2524815522648599
-0.33611791025354903
-0.35393021699202365
-0.37489058737227077
-0.3054142221050792
-0.3704523723802603
-0.25750354558848043
-0.3482769744841418
-0.4202238778104532
-0.21361914824466507
-0.3942275991233665
-0.6108357123423424
-0.38120442089272427
-0.317832955228932
-0.39916961971977366
-0.4307583889533037
-0.3040622621525444
-0.43819301288931456
-0.3477161546294256
-0.46638330027217306
-0.39461459028353674
-0.32363342756919383
-0.24518069906456869
-0.4192273444318094
-0.4102173067677039
-0.5137081187537776
-0.21913356527598457
-0.315766121343581
-0.4349737806099894
-0.416272016512206
-0.368534147897923
-0.4004421959422801
-0.5415861880936709
-0.32002575530533933
-0.3915675376859409
-0.3480659652518975
-0.3946607422840659
-0.28910976998518345
-0.4705132410553574
-0.31366313107902255
-0.34289729707396077
-0.3751290249882507
-0.3878309494766544
-0.2367707869242261
-0.24660200783412858
-0.22416892587176773
-0.48084358204584343
-0.38332708156319806
-0.30801277775862623
-0.28933536923225556
-0.3415284835020346
-0.2856881173699316
-0.32401931315221133
-0.2192626381627822
-0.20584154155506207
-0.33815744332486747
-0.4447520289347451
-0.3365641793326945
-0.36522285778211744
-0.33808567733080963
-0.4455214051575152
-0.5245848180402669
-0.41023228260475736
-0.3202920242801055
-0.3460478911178598
-0.468755458437469
-0.47559972954849805
-0.47879996672506364
-0.2591841328897082
-0.6833003418179292
-0.2530221060089903
-0.3510693128079374
-0.27843523769785555
-0.2770124934462021
-0.3773053241382583
-0.31728294743561736
-0.5002762077995502
-0.3697915564542826
-0.35006559577326307
-0.3955636327087525
-0.3883698404514873
-0.31135389982912515
-0.41716009814713506
-0.30880079121359433
-0.7705865489692298
-0.36636205059742455
-0.4652364350299155
-0.3691842569339251
-0.2639525081066981
-0.388435715850321
-0.4129618260935445
-0.3755225498616956
-0.36595766259333395
-0.32964987435530857
-0.32378753404711186
-0.3881993806726721
-0.2503176642407461
-0.37846863853356116
-0.5370118423304925
-0.6420753446943518
-0.3105769582298618
-0.3936818345770099
-0.3848756874953421
-0.24951434863549132
-0.4235852310581129
-0.41198493391733637
-0.2721963665781985
-0.6479013723050503
-0.44787377311943355
-0.43412610021331793
-0.49287365863929156
-0.3157419421119442
-0.3197897049696312
-0.4880186760969398
-0.3680783225874229
-0.3654554696091313
-0.45397969093786444
-0.44406433918070765
-0.2574137664790634
-0.282154350399954
-0.295155247884507
-0.4302959552685829
-0.2698265309005811
-0.6709177094833353
-0.4172845433394152
-0.393493986158713
-0.28970715623579696
-0.31469175305587216
-0.5299787009022768
-0.2927753238879585
-0.23717788967884731
-0.3744163506102776
-0.3291479574754324
-0.3291600778251203
-0.27904371268809314
-0.32266088820359984
-0.5206284498354655
-0.5482550990954654
-0.44994286896133456
-0.3642547927929429
-0.36571713112192206
-0.6660332894397479
-0.47646409556978747
-0.3386783478845061
-0.7390799498780192
-0.4127417283765681
-0.41633313118218557
-0.3814355228865973
-0.2108449860356985
-0.4424564330321645
-0.29459335853224794
-0.48536258731598625
-0.29515135997846637
-0.3254905934286035
-0.34631596816181726
-0.36540017880838604
-0.30903836360196446
-0.23062984928057104
-0.321051065738382
-0.39180545134379263
-0.4923052139154606
-0.31355935034093085
-0.43621815725578017
-0.39752317042289387
-0.69753321949303
-0.3438494286288005
-0.3769271388082416
-0.36865602056276775
-0.2492633934689236
-0.41881961732358486
-0.35462218486543684
-0.43011506039267094
-0.2795705313118253
-0.45556425790661403
-0.4126305896884787
-0.3580453937199081
-0.40414095717771586
-0.780103237195554
-0.27480970645192726
-0.34221779221763154
-0.5239696040158179
-0.4045253612105403
-0.37278295223861024
-0.44520888642065043
-0.4522150703246285
-0.46029759290523875
-0.2943842039773315
-0.5186054322910114
-0.29564869387954784
-0.2799015380206215
-0.2663408891471093
-0.3270251770794308
-0.4041496600720635
-0.29238930828416543
-0.25175253305756734
-0.35451523420827447
-0.34227583834742475
-0.3456792668156494
-0.2197034985381985
-0.3617799235450824
-0.47899798081226225
-0.4360567626960801
-0.2191126799464007
-0.40660260380077523
-0.18740975333802734
-0.42836694016358673
-0.33247306975042007
-0.26311930406568795
-0.31592475225334055
-0.23451839166829877
-0.44311594295280426
-0.3351824195301248
-0.3792861359751657
-0.41928364798066015
-0.3681573439909972
-0.37164044020904385
-0.49465823062656444
-0.2673955202883109
-0.46170666096973667
-0.2861071559804911
-0.25085929427983833
-0.7279101062304107
-0.4083696902532163
-0.4987389551193594
-0.5074659755838298
-0.40516613599429213
-0.3281870376511829
-0.5307584376066213
-0.5406656806813696
-0.2210595226420004
-0.2134352393860986
-0.3091101150277129
-0.3650790248167034
-0.5800697831602167
-0.44996628842453235
-0.3813571219669825
-0.29121171417426395
-0.5695899710888105
-0.38388244318100206
-0.2155660443454347
-0.25737214777700285
-0.49290775865359376
-0.5513979343562007
-0.23564984863431088
-0.2481323852558201
-0.3822594375286978
-0.4103548280758592
-0.30213965188013586
-0.2273152686931036
-0.4780542044476846
-0.3292003895238002
-0.3513318937254118
-0.3287048134771033
-0.4674871488333386
-0.39918989202719374
-0.34541798431409915
-0.3267123794784805
-0.294719171937805
-0.28850523914129905
-0.39367889800924455
-0.47069911831260924
-0.48160244572002536
-0.37755329722555186
-0.304586748483502
-0.3214604761009344
-0.5202563360830885
-0.333635468786078
-0.4823346079997887
-0.34320725987783657
-0.5107238378372672
-0.3312948346610938
-0.24666406525964293
-0.4316214398549066
-0.37764397865508625
-0.6577779511013256
-0.3608002389963379
-0.3492564416975277
-0.3285782916436366
-0.3399624213662003
-0.32021802204837413
-0.4457699044025958
-0.49877438160369936
-0.3088447574604232
-0.31862506416383457
-0.35911832310898717
-0.2403326347037095
-0.3067367294759606
-0.4025394069663851
-0.42021976504993647
-0.38136421408541155
-0.35368004514886087
-0.29140003597630393
-0.7587556266628073
-0.49950532717447943
-0.4263780296895561
-0.3983323824004543
-0.48433421506291746
-0.4699720094404998
-0.34895449072182355
-0.27743985334504306
-0.3735772358681391