-0.3767692342583073
-0.4515545772002242
-0.2893585479501149
-0.22377723175214767
-0.35748543932870835
-0.2966740928803134
-0.43406397459865015
-0.26477863334704854
-0.30491656544447365
-0.45472834173146326
-0.39132872648184536
-0.5881056208655492
-0.45212699099728937
-0.2929041822141133
-0.29094440175111175
-0.34951139592012465
-0.437193224795917
-0.3519948488770337
-0.3700404898818472
-0.22812843940491234
-0.4705208915745272
-0.33456972311628136
-0.38149361995025033
-0.42356472995253
-0.3207034435463354
-0.4108345778896776
-0.4546885263508947
-0.3760844779218614
-0.41211220958858247
-0.5989733504465675
-0.43636507226464094
-0.6160893045231655
-0.4538252646715259
-0.29157391310412806
-0.28440615643525624
-0.4529852803468366
-0.4187434128795179
-0.5621693631415797
-0.305574080760991
-0.4745114024254222
-0.5417934192788671
-0.3220955727317111
-0.35774441609386826
-0.24121069692195296
-0.42864863481142434
-0.34969998036768113
-0.32984876949460085
-0.759191131335682
-0.3962115854527856
-0.45946616857705497
-0.324072408231616
-0.1868890913360629
-0.23602028069102418
-0.3082262105076044
-0.5053005960104988
-0.3679523411691517
-0.3691428029199261
-0.3604484144985016
-0.3768133856558184
-0.513207449977657
-0.32865030477562296
-0.19326262713755468
-0.3934107768825227
-0.2835109682134212
-0.26542055325006647
-0.3258447398663283
-0.2613749782221697
-0.3432767413439089
-0.4126954421400524
-0.434753718761948
-0.5085634095646026
-0.24045658635833284
-0.3803368992361581
-0.2605871640490105
-0.3469757598286928
-0.29507849058717833
-0.2624216711023909
-0.3583621988172632
-0.5649124607217019
-0.37296507985500016
-0.19600463819917097
-0.2868915987348086
-0.32601582420579633
-0.48461470760061515
-0.33955348098290694
-0.39238614719741505
-0.32987930659277
-0.622066908598667
-0.24836500208068713
-0.33604733881095566
-0.3230565476194192
-0.2894958507493975
-0.30275729729689427
-0.5555607492888323
-0.3777143673541013
-0.4835681456596224
-0.34703330604192534
-0.43099080489017166
-0.39399174133772397
-0.6904450120584495
-0.45857648644843546
-0.3463326856792545
-0.3820586265816165
-0.2476270957816711
-0.36710669483363745
-0.4146343376944742
-0.5002625555698614
-0.41581675666163065
-0.2803319437485355
-0.45578867053018257
-0.7013025403094406
-0.4345103368395104
-0.4122679719381598
-0.4241330571146251
-0.2853794086739808
-0.34800461950890754
-0.5342177786122579
-0.4700376986893063
-0.3958092960863592
-0.4091532476499195
-0.40730619290683984
-0.3380014556008834
-0.44011653576417814
-0.20123548061729155
-0.3828875756151291
-0.3359888204571361
-0.35591520074074245
-0.36478153606035385
-0.31224142009806505
-0.29567851656774197
-0.7042395759961082
-0.18769603709229496
-0.18799671966484016
-0.41368072620089663
-0.25303622000797193
-0.34703912605004283
-0.5796594997711563
-0.4573280755805399
-0.417725382324137
-0.326894548869247
-0.3446152107059342
-0.5992180234470974
-0.3095690659663101
-0.32581663693177604
-0.4068762497357385
-0.23787886613533862
-0.4940058600295979
-0.4271838772237041
-0.27913059906978593
-0.3762936254017579
-0.4665484837055058
-0.3619880545161957
-0.251550842672849
-0.4494304300311241
-0.3093875672908188
-0.2970859765735853
-0.24664377244965324
-0.7731651809926373
-0.5131193657910665
-0.2911709278478736
-0.4640837628385793
-0.28867405916053474
-0.24021477970598185
-0.34019341407098896
-0.257685630868312
-0.32829058363251545
-0.4182712506663346
-0.30362631841361476
-0.555573342399751
-0.4174053013193535
-0.33891904682324886
-0.5515478610202711
-0.3730486162188132
-0.6220113152198282
-0.3264829348522885
-0.4324701268805399
-0.5051228136287266
-0.4100644919425741
-0.3352289234127656
-0.5072424419547826
-0.32547085541772897
-0.2862594591741436
-0.537042870148716
-0.5177030290270997
-0.31862411850800454
-0.40022337022486787
-0.308116688194734
-0.40870954292260364
-0.30737234183256934
-0.25329064309944027
-0.5020623151215527
-0.4045202706603654
-0.4399030932459983
-0.21991934492997137
-0.4244105357629335
-0.27660757417356435
-0.4263924432044953
-0.3708193916305069
-0.39856045436468274
-0.3962360031786
-0.512249938220377
-0.22260184298317592
-0.21515985689979988
-0.2424645998496108
-0.45352353454171906
-0.35168663951171697
-0.3345486027830116
-0.41311154733609895
-0.33343335821425574
-0.3359696075082446
-0.27343328722402305
-0.43323804380777003
-0.2788968063405963
-0.3793357976492298
-0.2469240554595947
-0.3023620412169053
-0.3755953495313158
-0.33585275941292386
-0.49430109721079996
-0.3418749166639055
-0.508797640012811
-0.3306366189545037
-0.3629673439494458
-0.5841263393165235
-0.44090973427638364
-0.5477276503859713
-0.4368654881988265
-0.2611635983060437
-0.3603801924942958
-0.3138833070545273
-0.3328484606259559
-0.28792410558522724
-0.474407090916845
-0.6256090212393481
-0.49060492939315736
-0.3986482441806743
-0.33239870865102045
-0.47586201367332437
-0.46758085692586204
-0.3137989364295579
-0.3121843276433567
-0.3978255724720969
-0.1921727764805965
-0.5041396057019251
-0.3683255324072156
-0.38990238846261593
-0.4130016081700034
-0.24774297716791288
-0.31378448698556183
-0.1739206896963916
-0.22266318074970906
-0.3561977189216227
-0.29004244696992476
-0.6546954809620366
-0.6316886406830332
-0.43098018792127757
-0.49489938933256783
-0.33925730474595744
-0.4453201518768857
-0.3062027629392124
-0.34912969959838086
-0.41345589025096224
-0.3363978891015725
-0.4864615535409254
-0.32601898943015356
-0.4960553724137025
-0.3093522348999868
-0.29161368071344956
-0.3012777030252615
-0.5469321631125192
-0.3933666504314444
-0.33083047395171933
-0.20103693128848008
-0.19575485941747495
-0.4105659088059358
-0.37850351900283247
-0.28348109484387496
-0.44560468510432283
-0.2517900244096496
-0.5371972772177868
-0.3144284277168475
-0.3033599314407708
-0.40260925801726444
-0.49111531320551877
-0.25393905475402023
-0.44131784998680246
-0.5284444066122728
-0.30091736106094497
-0.29793143723916493
-0.3239521983717013
-0.497425278384411
-0.27494640780579993
-0.32614008219603974
-0.3361349755664936
-0.24140817246925075
-0.19234878139117612
-0.5478564089486795
-0.24762963925625467
-0.210424981383062
-0.46499251063776953
-0.4111812928040432
-0.3362693659760318
-0.4938819349122218
-0.30276656286947723
-0.2323460832933717
-0.2842631663851651
-0.22635896959610163
-0.5356857151570652
-0.2705451689760986
-0.3571549785121926
-0.40627992677616664
-0.414988850973026
-0.3416627488728098
-0.460008487829587
-0.32050913014865806
-0.4002870254916647
-0.5374708143798145
-0.41045760801624764
-0.44033383883063
-0.3183510315716993