272.30400000000003
458.9670000000001
348.44300000000015
400.47500000000025
373.49600000000004
375.49400000000014
359.42600000000016
271.276
353.4950000000001
364.45300000000003
449.64600000000036
266.366
413.53900000000016
524.6140000000004
370.25699999999995
396.5090000000002
340.427
334.379
409.48600000000016
250.72900000000004
329.3810000000001
300.314
368.458
535.6370000000005
310.353
317.41200000000003
380.4950000000001
308.815
343.40799999999996
492.39900000000034
302.15700000000004
407.51800000000026
205.326
363.2440000000001
400.4850000000002
407.5170000000001
279.698
251.31099999999998
395.82000000000005
337.84700000000004
265.331
497.5990000000003
315.373
527.4220000000001
297.3830000000001
301.36699999999996
510.5680000000003
271.316
172.18699999999998
346.4750000000002
455.99300000000034
347.80500000000006
312.398
273.33599999999996
275.29799999999994
264.34999999999997
335.366
284.40299999999996
339.399
370.47400000000005
482.5120000000003
256.714
449.4590000000002
449.3480000000002
210.24000000000004
300.694
347.41400000000004
435.54600000000033
480.5650000000003
374.3370000000001
316.203
486.5190000000002
356.3380000000001
351.3620000000002
317.751
311.38100000000003
361.39700000000005
450.29700000000014
327.40900000000005
402.4250000000001
273.33599999999996
307.41900000000015
283.28999999999996
227.24200000000005
365.38900000000007
402.5120000000003
270.284
409.4900000000002
246.12199999999999
342.3980000000001
412.55900000000014
410.51800000000026
323.39599999999996
403.3940000000001
364.28300000000013
304.374
435.25300000000004
255.74499999999998
296.157
471.6080000000004
379.50800000000027
386.5020000000001
384.50100000000015
395.4590000000003
339.3990000000001
233.31400000000002
376.3810000000001
306.3910000000001
273.263
317.77600000000007
353.37800000000004
489.59700000000026
271.276
372.4400000000001
350.80500000000006
429.5500000000002
192.22200000000004
381.45700000000005
365.47000000000014
380.4950000000003
244.29700000000003
394.2320000000001
393.487
326.18300000000005
453.54200000000026
525.8520000000003
325.3200000000001
577.6850000000003
356.3820000000001
425.4050000000002
308.353
415.56600000000014
356.853
485.58400000000034
438.89300000000003
525.6240000000003
383.44800000000015
449.5360000000002
490.5890000000002
315.285
285.229
345.358
446.5100000000001
250.298
349.4340000000001
319.38599999999997
493.9220000000002
410.44900000000007
264.756
305.83399999999995
278.3519999999999
434.2900000000001
375.4280000000001
329.5130000000001
416.84600000000006
311.33700000000005
286.291
315.3730000000001
282.84000000000003
368.41400000000004
321.40500000000003
424.49700000000024
281.38500000000005
330.45300000000003
218.212
321.37600000000003
343.27099999999996
463.9870000000004
325.759
266.34700000000004
481.5050000000003
432.5420000000002
265.372
411.889
198.182
485.6100000000002
483.5890000000003
279.42999999999995
485.9490000000001
376.3900000000001
440.5360000000002
436.5370000000001
396.51500000000004
246.33199999999997
279.34000000000003
466.49000000000024
243.28100000000003
424.9530000000002
315.272
384.572
403.52300000000025
430.46400000000017
290.366
384.4360000000002
330.24
175.195
370.8250000000001
422.5290000000002
370.23600000000005
448.5890000000003
237.29899999999998
421.84000000000003
274.75100000000003
481.6000000000003
441.5530000000001
239.28200000000004
309.413
275.289
304.3710000000001
343.793
343.7700000000001
311.40600000000006
448.5220000000001
479.98600000000033
423.4720000000002
329.35200000000003
173.171
337.42300000000006
439.55900000000014
327.3580000000001
404.25300000000004
384.5490000000001
312.29999999999995
366.4670000000001
344.1900000000001
354.83700000000005
264.30600000000004
377.4000000000001
481.6000000000004
315.329
222.204
440.93100000000015
462.5750000000002
241.35899999999998
344.4360000000001
265.3089999999999
472.68000000000023
239.25300000000001
464.93100000000015
376.363
327.43
498.243
355.43700000000007
372.4040000000001
437.4520000000002
239.27499999999998
311.41400000000004
407.47400000000016
375.38800000000003
258.23300000000006
389.4800000000001
260.25300000000004
421.25000000000017
381.4390000000001
353.85
343.4230000000001
354.4710000000002
484.5030000000001
257.33699999999993
411.59000000000043
419.45300000000015
320.37
470.5920000000005
397.4750000000002
329.78700000000003
397.5160000000003
247.33799999999994
267.328
323.8200000000002
207.27299999999997
509.61100000000044
360.5840000000001
343.3790000000001
174.247
477.6300000000003
333.36500000000007
508.6210000000002
348.28000000000003
457.4300000000002
218.3
310.7810000000001
286.356
376.7220000000001
341.4800000000001
351.368
358.41700000000003
282.255
264.43799999999993
435.9770000000002
353.46200000000005
328.48100000000017
291.314
225.294
432.54900000000015
459.5250000000002
500.01700000000034
320.399
289.33099999999996
350.3960000000001
317.34800000000007
312.347
328.774
446.37400000000014
323.35200000000003
377.40000000000015
373.5400000000003
313.40500000000003
442.62800000000027
339.44200000000006
411.9140000000001
248.238
319.41200000000003
312.34400000000005
336.5230000000001
371.43600000000015
341.37000000000006
365.37100000000004
307.34900000000005
353.4210000000001
489.6220000000002
390.5120000000001
418.88700000000006
297.41999999999996
534.6570000000003
327.4530000000002
336.43500000000006
333.49800000000016
400.4780000000002
347.3670000000001
469.50500000000017
302.33
406.43200000000013
359.451
269.30400000000003
405.4070000000001
411.5060000000002
195.17399999999998
463.5190000000001
477.5020000000002
345.4020000000001
227.18499999999995
416.45500000000015
463.8770000000002
347.4430000000001
392.253
326.346
290.577
243.226
314.305
304.31300000000005
400.4850000000002
220.25700000000003
393.55300000000045
232.23499999999996
322.4080000000001
421.4970000000002
399.87400000000014
388.4450000000001
428.98600000000033
323.352
308.09499999999997
339.253
449.5040000000002
492.60500000000025
331.20199999999994
379.3320000000001
423.44400000000024
252.29500000000002
549.6600000000002
324.40900000000005
431.49200000000025
425.48800000000017
312.3910000000001
258.385
301.367
382.89900000000034
359.47600000000006
342.3950000000001
373.5660000000001
392.543
270.28400000000005
383.49900000000014
416.9080000000001
307.14300000000003
328.4370000000001
398.4880000000003
514.2210000000001
228.292
357.38100000000003
451.97600000000034
347.487
439.42800000000017
352.3900000000001
340.42300000000023
291.351
295.342
298.298
301.798
390.9110000000003
258.229
405.47900000000004
279.34299999999996
286.33900000000006
359.4760000000001
450.52400000000017
303.36600000000004
325.16200000000003
399.472
545.6580000000002
391.5000000000001
322.4560000000001
435.03700000000015
260.318
401.5130000000002
386.4960000000002
337.36
372.303
217.228
292.338
422.53500000000014
363.439
315.46100000000007
265.316
366.31300000000005
354.4750000000001
284.35499999999996
435.52400000000017
316.3760000000001
433.51500000000016
188.226
397.54400000000015
445.0130000000001
330.387
435.46500000000015
276.3000000000001
425.53500000000025
405.4450000000004
415.44200000000023
499.6330000000003
496.56400000000025
407.5390000000002
261.365
365.26300000000003
322.79200000000003
470.6200000000002
455.5990000000003
475.54500000000013
389.9520000000001
254.24900000000002
315.35
265.26800000000003
333.48199999999997
356.38500000000005
462.48400000000026
343.3870000000001
390.5310000000002
209.35799999999998
324.17800000000005
364.4270000000001
316.4080000000001
416.5020000000001
260.318
486.5790000000002
313.288
472.58900000000017
396.46800000000013
313.4410000000002
275.352
496.5240000000002
443.5470000000002
371.5500000000001
282.38700000000006
282.318
396.3400000000002
428.57300000000043
377.4180000000001
415.5150000000002
466.62900000000013
251.28500000000003
401.4660000000001
383.47300000000007
412.26500000000004
328.37100000000004
412.5110000000001
317.4410000000001
203.14399999999998
362.4510000000001
395.4400000000001
506.62800000000016
352.4410000000001
428.91900000000015
434.3970000000001
399.4130000000002
328.32800000000003
391.39700000000005
338.36300000000006
414.48700000000014
434.38400000000007
439.5410000000002
414.41800000000023
304.37100000000015
260.381
245.303
330.36300000000017
352.43300000000005
389.4590000000001
427.57300000000015
348.8050000000001
312.391
413.39000000000027
352.232
434.54000000000013
364.351
281.271
367.4450000000001
355.463
243.31000000000003
416.4300000000002
420.50900000000007
294.314
350.48400000000015
285.37200000000007
348.39900000000017
448.5080000000001
489.57900000000024
402.49100000000027
316.357
317.37000000000006
275.308
247.68900000000002
319.719
494.3450000000002
264.23699999999997
484.6000000000004
382.3920000000001
363.3950000000001
250.323
283.353
326.77900000000005
256.28999999999996
405.4540000000002
320.41400000000004
362.5100000000003
520.6770000000004
200.23799999999994
354.38700000000006
327.83600000000007
271.276
313.28500000000014
441.4840000000003
279.3860000000001
461.99600000000027
413.8570000000001
362.86000000000007
384.4960000000002
471.60700000000014
286.35299999999995
339.4640000000001
365.45500000000027
220.29700000000003
329.403
365.4370000000001
282.27
274.295
311.4100000000001
463.3970000000003
395.3900000000001
335.40700000000004
347.4650000000001
568.4430000000002
479.92000000000013
425.9150000000002
380.4220000000001
487.0440000000005
389.8860000000001
347.42200000000014
381.43200000000013
352.8430000000001
504.58700000000033
263.297
440.54400000000015
374.48500000000024
458.54000000000013
245.36899999999997
497.5980000000002
321.663
408.38000000000005
380.4440000000002
265.312
314.7320000000001
298.346
255.25099999999995
461.8740000000001
402.47200000000015
420.8780000000001
367.47800000000007
254.30699999999996
450.4240000000003
456.9620000000001
247.279
366.87300000000005
403.40900000000016
282.34000000000003
447.95100000000014
345.42400000000004
318.829
313.31
372.47500000000014
458.4840000000002
328.324
396.4500000000001
304.35300000000007
334.4410000000001
326.35900000000004
375.4280000000001
283.35600000000005
301.411
434.55800000000016
245.303
378.41400000000016
434.53600000000023
288.41600000000005
234.32099999999994
181.19099999999997
306.749
401.4880000000001
463.5590000000002
400.4790000000001
305.186
182.223
398.50300000000016
388.3760000000001
443.3700000000003
438.5490000000002
457.5300000000002
362.3420000000001
505.6190000000002
345.44200000000006
326.799
409.5110000000002
408.4980000000001
357.5040000000001
297.3790000000001
427.48200000000014
445.54100000000017
477.9700000000002
365.38500000000016
249.26599999999993
422.46000000000026
373.5030000000001
212.24899999999997
302.15700000000004
428.4660000000002
351.41
458.9930000000003
492.1130000000001
355.43800000000016
379.5070000000002
256.269
354.15999999999997
478.5740000000003
276.72700000000003
460.83900000000017
458.44000000000017
429.52000000000015
207.193
313.38100000000003
281.315
403.41300000000007
495.6010000000003
406.4930000000001
383.4290000000001
460.5340000000002
374.366
450.5390000000002
503.6060000000003
361.40100000000007
409.4580000000001
485.4260000000001
371.362
387.4800000000002
511.3910000000001
465.5970000000004
449.9390000000001
302.4220000000001
231.255
256.73199999999997
359.4070000000001
483.5460000000002
408.52700000000027
383.8750000000001
432.5010000000001
348.7420000000001
355.48200000000014
437.49600000000027
299.28600000000006
299.334
380.4290000000002
453.83800000000014
301.396
376.49700000000024
462.5750000000003
469.8830000000002
317.34900000000016
385.42700000000013
427.4510000000001
516.6020000000002
314.29300000000006
344.48000000000013
281.27099999999996
390.18600000000015
353.46600000000007
332.42900000000014
267.284
336.3880000000001
349.39000000000016
390.41700000000014
371.3960000000001
364.44500000000005
259.74
416.5430000000002
405.5050000000002
313.3860000000001
395.4840000000001
414.94300000000015
340.2950000000001
336.4350000000001
318.78499999999997
249.379
315.279
247.33799999999994
437.4920000000003
251.69499999999996
397.5250000000001
283.35600000000005
355.8470000000001
465.4930000000001
402.8810000000001
400.4270000000002
400.497
208.26399999999998
339.222
362.83800000000014
282.299
237.28000000000003
337.4010000000002
289.36
452.56200000000035
315.4420000000001
297.35400000000004
319.404
333.271
394.8400000000002
278.184
432.4980000000003
290.32200000000006
357.3620000000002
366.2440000000001
422.5510000000003
464.57600000000014
484.6890000000002
456.73
391.80600000000004
314.366
382.87300000000005
396.49100000000027
255.296
415.4890000000001
316.401
403.5480000000001
425.53300000000013
466.9060000000002
410.28700000000015
452.37000000000023
401.5570000000002
492.57200000000023
299.374
328.43700000000007
242.23800000000003
447.51300000000026
286.11400000000003
222.248
354.47499999999997
312.413
349.434
387.50200000000024
321.4270000000001
368.418
425.435
273.336
433.50800000000015
379.48900000000015
366.83300000000014
310.344
303.70500000000004
446.95600000000036
280.305
355.3690000000001
386.54200000000014
323.42100000000016
252.11500000000004
449.55100000000033
234.28000000000003
408.296
399.5010000000001
282.384
469.5410000000002
270.37299999999993
305.359
403.5110000000001
213.24099999999993
412.9420000000001
345.4240000000002
315.20700000000005
331.1990000000001
381.54500000000013
407.48900000000026
454.5920000000003
464.5720000000002
243.245
342.5270000000001
391.4490000000001
403.4600000000002
337.305
417.4940000000002
464.3790000000002
429.6290000000003
261.708
403.8910000000001
465.4590000000002
387.54900000000015
297.27
416.52500000000015
284.359
280.236
475.3680000000002
304.415
360.548
351.4500000000001
249.19000000000003
299.378
291.354
309.369
391.33900000000006
352.38700000000006
321.35800000000023
355.3940000000001
346.33900000000006
519.0300000000002
243.26600000000002
396.5160000000001
554.0650000000003
234.299
473.55100000000033
368.4120000000001
376.44900000000007
417.4120000000001
484.9430000000002
491.54600000000016
316.3570000000001
353.4470000000002
393.36500000000007
376.8940000000001
445.5220000000002
235.33099999999996
430.348
258.281
314.345
340.3750000000002
472.49400000000037
358.4630000000001
397.86200000000025
433.4390000000002
300.196
346.8210000000001
401.46200000000005
357.4830000000002
347.3960000000001
254.33299999999997
206.32899999999998
443.5030000000002
417.53100000000006
431.54300000000023
384.43100000000004
293.32300000000004
201.254
352.38700000000006
338.363
289.35999999999996
353.4220000000002
395.2860000000002
368.43300000000016
309.318
315.354
245.23800000000003
412.06600000000003
284.334
355.488
378.4570000000001
365.2600000000001
311.38100000000003
394.9030000000003
424.5050000000002
400.47500000000025
427.4820000000002
423.4890000000002
378.4100000000001
325.3640000000001
315.40200000000016
445.4040000000002
278.30799999999994
454.59200000000027
249.27300000000002
258.281
346.7950000000001
372.42100000000016
301.3710000000001
369.4280000000001
350.48400000000015
388.49200000000013
382.51200000000034
526.5930000000003
404.4700000000002
411.41700000000014
432.4760000000001
393.4650000000001
251.30699999999993
172.187
414.48700000000014
340.398
216.284
252.26999999999995
382.5040000000001
318.2040000000002
420.4870000000002
281.73900000000003
461.31600000000026
367.44000000000005
370.4740000000001
500.45600000000036
346.47100000000023
209.35799999999995
466.5630000000003
425.8720000000001
331.71900000000005
298.346
377.30300000000005
356.81300000000016
471.6040000000003
364.45300000000003
424.5450000000002
432.8540000000001
373.37800000000004
237.25899999999996
341.346
542.4990000000001
459.54600000000033
336.43500000000006
318.32700000000006
477.87000000000006
449.47000000000014
277.349
338.42900000000014
344.43600000000004
334.80300000000005
197.19400000000002
325.2730000000001
404.55100000000033
327.40900000000005
242.23800000000003
332.154
432.52700000000027
285.372
345.42800000000005
399.42800000000017
237.21499999999997
382.51100000000025
283.327
428.5730000000002
279.321
366.387
450.4470000000002
227.26
197.30299999999994
183.207
221.25999999999993
383.58400000000006
289.331
398.53100000000023
221.28
313.78499999999997
310.4
247.68099999999998
327.1670000000001
348.38000000000005
302.761
402.87800000000016
331.76300000000003
316.74800000000005
233.34
354.3810000000001
427.54800000000034
317.38800000000003
190.19499999999996
434.48300000000023
404.59900000000016
385.42
459.8890000000001
285.303
413.43300000000016
420.3430000000002
250.23899999999998
326.421
270.33299999999997
478.47000000000014
338.79400000000004
334.4260000000001
434.51800000000037
450.52400000000017
472.6150000000001
303.31800000000004
313.3570000000001
351.3660000000001
347.7620000000001
404.4380000000003
371.39300000000014
444.48700000000025
488.4440000000002
255.27300000000002
342.42400000000004
445.5410000000003
340.42600000000004
427.3380000000002
347.4150000000001
301.29799999999994
293.29
426.5170000000003
420.49800000000016
542.5770000000002
372.49000000000007
271.4039999999999
291.28200000000004
321.46700000000004
304.762
356.49100000000016
458.9640000000002
339.37300000000005
488.50000000000017
369.42100000000016
306.7090000000001
469.5630000000001
458.35600000000017
385.92000000000024
299.3550000000001
339.3760000000001
524.6210000000002
473.59500000000025
344.4210000000001
342.4200000000001
518.5300000000004
482.9050000000002
360.4100000000001
350.38300000000004
462.48000000000025
328.39300000000003
394.4520000000001
467.58800000000036
433.5050000000001
415.5370000000002
356.45100000000014
505.5560000000002
233.31099999999995
461.52900000000017
451.52000000000027
395.50700000000023
283.375
467.67900000000026
415.4490000000001
382.4260000000001
422.2830000000001
428.54000000000025
408.57100000000014
344.3420000000001
378.2910000000001
441.51300000000015
291.39799999999997
321.337
326.35600000000005
456.34400000000016
243.4199999999999
287.344
369.874
282.343
328.35100000000006
278.27099999999996
294.37600000000003
465.5060000000003
303.47100000000006
410.4260000000002
494.59600000000034
479.9240000000002
420.53800000000024
303.33000000000004
296.37500000000006
350.24100000000004
387.5050000000003
470.5950000000001
330.3880000000001
330.38400000000007
378.41300000000007
385.51400000000007
392.4840000000001
339.39100000000013
287.3
391.4490000000001
344.3670000000001
314.3630000000001
337.33500000000004
474.5610000000003
414.50500000000017
366.4390000000002
432.4140000000001
342.355
386.3930000000001
295.298
356.29400000000004
357.797
294.6940000000001
382.803
352.39000000000004
309.369
320.43600000000004
254.33299999999997
244.298
365.5020000000003
429.94800000000015
332.4290000000001
284.34000000000003
280.371
371.618
378.45700000000005
355.35800000000006
204.29800000000003
547.6770000000002
283.34900000000005
497.5920000000003
332.42500000000007
338.4540000000001
491.4940000000002
536.6940000000004
308.179
478.3420000000001
397.5230000000001
422.5200000000001
444.5280000000004
275.329
292.77000000000004
461.51600000000013
426.51300000000015
451.56700000000023
440.5180000000002
381.4320000000002
348.51600000000013
360.4170000000001
256.265
311.34000000000003
258.277
303.362
312.32900000000006
365.4510000000002
300.74500000000006
352.391
498.57100000000037
329.783
184.27899999999994
434.4270000000002
464.5950000000003
300.3390000000001
325.4340000000001
261.369
400.46400000000017
407.4630000000001
582.6830000000003
359.4510000000002
385.35600000000017
280.2990000000001
257.33699999999993
371.4370000000002
303.387
455.3410000000001
486.5690000000003
394.8360000000001
272.39799999999997
385.4450000000003
218.21600000000004
275.352
356.84900000000016
262.312
358.46700000000016
313.83200000000005
393.4050000000001
241.25
370.4930000000001
339.39100000000013
428.4850000000002
327.456
294.31
303.365
237.28
281.739
405.43200000000013
313.785
246.31
345.752
491.5990000000003
316.4010000000001
315.192
386.4950000000003
238.33099999999996
354.21
355.25300000000004
364.37600000000003
345.3580000000001
392.45900000000006
398.2570000000001
211.192
371.2340000000001
364.4050000000001
453.52400000000017
449.2120000000001
352.47800000000024
419.50300000000016
314.414
352.41500000000013
368.89300000000014
477.61100000000016
229.23899999999992
300.383
421.3960000000001
241.29
430.9320000000003
433.5550000000003
364.45200000000006
406.4380000000001
386.4290000000001
241.20299999999995
268.32000000000005
443.61200000000036
371.7980000000001
404.8540000000001
373.47800000000007
459.3800000000002
477.5170000000002
447.4870000000002
280.327
262.33399999999995
365.43600000000004
418.5620000000001
382.42000000000013
356.2410000000001
369.4210000000001
368.3890000000001
376.4570000000002
488.5660000000003
354.4530000000001
244.24999999999994
326.4360000000001
458.52200000000016
200.263
292.20700000000005
351.2550000000002
545.6390000000004
402.79000000000013
371.4480000000001
474.56100000000026
469.4750000000002
424.5690000000001
368.50200000000007
416.5000000000001
426.9250000000002