0.8698175637802562
0.5514220265584957
0.5468456379677686
0.5844862332692978
0.6216482592509993
0.8929322681046287
0.8748115366845471
0.8966285888409271
0.7029878123230656
0.6005003356561166
0.6055391360536707
0.8589290598888502
0.7896874033274821
0.3440764392775987
0.46891167967691383
0.7620220044437177
0.8411025350787347
0.5594703502743177
0.7164144272238461
0.7545397571986743
0.7176049030375404
0.8077020326669054
0.6570601371248127
0.2539944965981443
0.9480853352489105
0.5303776942136204
0.3572146091054418
0.5785994160270368
0.8922591521940221
0.5886620608074107
0.8066210196154991
0.6504969885499055
0.7074235499533263
0.8365371134072823
0.35989671491439035
0.7104763356176574
0.9293404363786544
0.46632694463114416
0.7811304031082168
0.8380407545985641
0.7398449514908281
0.4186971165129638
0.785071727066191
0.27168303240443137
0.6815714523158944
0.46171297447803555
0.5071640300301049
0.9090447127041899
0.6997269430068398
0.8586339495659501
0.6440945886053513
0.5254742652565577
0.5576223388790902
0.8675394772059221
0.8928803252287248
0.8392760921368038
0.7561874413101821
0.8735841122702259
0.8922861938575871
0.6506418969431425
0.5315894979051394
0.8838570756286893
0.38065310647285916
0.40304560463756167
0.6246452604716024
0.7900838966394087
0.7366834646359166
0.6732070637836625
0.409431869511275
0.8209184680929787
0.7150894320007102
0.5603016229162898
0.4625115512143522
0.7601036954325999
0.80449888055255
0.6777303189971515
0.6595352706293057
0.5442991893922194
0.5477654253668344
0.5577290779045584
0.8450769776615131
0.8347971966411193
0.8240600326556089
0.673384968497842
0.7023164603064235
0.5038799370170366
0.8656444032258694
0.5732822662691602
0.8405629811458962
0.5827632896742053
0.5750769145836511
0.7149673670978359
0.4657315457328967
0.2911313579424821
0.6636524728964369
0.6622319724900717
0.6897722109197172
0.7570279473144321
0.8657039791509491
0.4389318387372428
0.8206736364153124
0.40873569529179343
0.7942405645587464
0.7217389486738162
0.7622303326628048
0.6654928786913495
0.43256759655059335
0.6582308501272366
0.8747619145877285
0.8904515135284343
0.6884088959440134
0.36105189619281874
0.6536596715108997
0.775017489919653
0.760691957798553
0.4495911932303625
0.6878913674533693
0.6866354780306142
0.5651561003151975
0.8234249840843852
0.8938334619145011
0.5760403955664184
0.6000709055038528
0.6596328965436246
0.6810537424973105
0.594601886571188
0.7864278805549645
0.3821529188318452
0.5169681045800271
0.3412099478871283
0.823804548091948
0.6344178452078163
0.8874080000872739
0.3864299616785248
0.6345384473533632
0.5949210364583953
0.6071557190830935
0.3601288359491654
0.3451674899331684
0.648859709827852
0.8989598663402917
0.5515775460559318
0.3316471054699508
0.8343455325437132
0.8995412191187506
0.7630960459626126
0.3613375879990361
0.4706331490254065
0.887942119426665
0.6688533040223725
0.8067861412601902
0.4930599974179222
0.7442057195280973
0.8195661815864607
0.29179469082641873
0.6224870722943102
0.7655000166874257
0.9391863952774542
0.828000974521996
0.6427086852252617
0.44255438891835946
0.46268836546494063
0.6331045468726706
0.7910082834373608
0.5987513340339892
0.6028513912123237
0.8920788446695332
0.7324333955495066
0.7664689664889792
0.4735626753369914
0.4384273841736506
0.6299711086662005
0.8803400543044574
0.6856720182509579
0.3334769926154714
0.5315555020986785
0.26914016908681626
0.623955494210286
0.5520359022698439
0.6835018418465472
0.5246792776635754
0.5105751633163282
0.4758812122776725
0.51405375768656
0.7276695598346428
0.6913739350829763
0.8799256778896706
0.4561811347129749
0.906975152437317
0.7462727098237584
0.6955884742074088
0.6793051053942689
0.7471002698860769
0.608542425058633
0.8557771155668177
0.6388022042248745
0.5512082914632994
0.6540394132527849
0.8767796993606388
0.5521466727441714
0.7836644212934576
0.3118791564860099
0.8254295702850326
0.5950939289959535
0.6153290482091084
0.7370141005600575
0.8511637035488163
0.6837416903795472
0.8191404728154753
0.7422680295770554
0.8500693520237426
0.9244834941400685
0.6523373653568404
0.6545700613418443
0.41041638722435597
0.5715730166697445
0.7163650797494612
0.6680975630631507
0.6338776906467143
0.5284039919111309
0.7708940175075117
0.7388515934821535
0.6972307848091537
0.4891642376006935
0.4849971920530734
0.6182839094793734
0.8349346674182166
0.4522857162412831
0.5653381307342964
0.8131157261580533
0.7355330122329236
0.6223845428039629
0.31663478048901933
0.5564528762792369
0.8474887460217139
0.7054598911805002
0.40942418054390733
0.7431750872428609
0.537507271511859
0.6044340761090976
0.687639629584423
0.3284412895093291
0.5981596996224137
0.7183934568535714
0.5540808905984166
0.5697915807284841
0.7610673993373837
0.4881449450446679
0.5549618475054261
0.4795974947937931
0.7189286739991889
0.5663532450013478
0.47942853493540566
0.7904150488047642
0.7480440463168389
0.8436199799501249
0.7113950800980149
0.40233888420793773
0.8987703587311182
0.6684016661083839
0.6202247098177694
0.7914346125283271
0.4502162226178484
0.8579954620870411
0.8775244235401289
0.7632110051008519
0.8676679804712885
0.7746667364624545
0.8370388387465377
0.7067642426344887
0.4174364429203087
0.6685148944063412
0.5400173246764506
0.6532800414225531
0.494452805004749
0.8503158554320058
0.2856403328907165
0.7397084158605878
0.6400295142936626
0.7600559686695011
0.8410278295022702
0.515918638733364
0.6647410318765625
0.8579087624876747
0.6033068683506221
0.8285308289646907
0.6740505191358914
0.6281312611610507
0.7568433150763062
0.8938012022593935
0.7913468202462509
0.6282839478958349
0.7535146677515755
0.5654026398270965
0.4731482075727012
0.2857986973378008
0.7066590428798271
0.844294745180651
0.8338311155311123
0.6171377272764733
0.5206278540781843
0.7268928410868154
0.6343689056294957
0.7230042098599823
0.5381831491502855
0.861771066773844
0.7622485376853294
0.7038897511537546
0.9032106266326055
0.6931918101507126
0.8041715199250891
0.6154338067973197
0.7071848474160873
0.6946446588354678
0.4993135108509464
0.34875313795233986
0.49608712365583774
0.7593148191632985
0.5034847648558904
0.5190619451858867
0.48576384194506145
0.36757923993962055
0.7582179767815204
0.4382541646494989
0.622344197836825
0.8802624686710405
0.6365139365084366
0.4838378680294246
0.4459060231161728
0.35303503252969143
0.5368921487219496
0.6112608506908128
0.767352217718258
0.7215051063865071
0.4811380602644906
0.6325015829494742
0.6481629221977985
0.17664279474749758
0.582825905878778
0.5083868567366328
0.7487858903673619
0.6810505433996434
0.4467488596123508
0.5551049355923793
0.838234696354686
0.616545780008134
0.8587123816942871
0.7322784894746648
0.5199807142980544
0.7175095683287487
0.4012537860108333
0.44555832192847533
0.7969297489881785
0.8796218812034577
0.7152172618798635
0.6444694713249881
0.6365467600271099
0.6984247449687533
0.7796759241622752
0.762688030839425
0.7728821910237831
0.6760033032778642
0.46290731140806857
0.36832953583402855
0.7534428739008612
0.3975893294115399
0.48668117519587
0.8288680477192535
0.2746129198183103
0.7539924830740146
0.4763720463463286
0.594163915972717
0.8153893320702549
0.5572255947989282
0.8775583685683006
0.6781806886297098
0.6314913734960813
0.6865100384148254
0.7699970404340436
0.7535438022154655
0.5349772470774251
0.7209144477455275
0.4264108773138093
0.8555925704070407
0.6267894606168729
0.7124073582338216
0.30194117885913185
0.4679804973708658
0.6106991460040032
0.7282909587279678
0.4733973202207578
0.23478552288069743
0.6342963942475024
0.7766980954241729
0.6752598786797289
0.632997088555284
0.4944193640125409
0.40354396504457596
0.6979553295092865
0.4653275515641671
0.6877921272227072
0.7741696696805482
0.852053706551068
0.704630421513947
0.4065748532151041
0.7794043548513395
0.8119910776809236
0.6447545931332196
0.33957886402782456
0.5052140548687769
0.7691403022945146
0.6173881371585882
0.7534643399191089
0.789965691022928
0.7004599924192074
0.5984148337340499
0.7129087022164783
0.6233481971365572
0.8816085516861412
0.4937555893912579
0.8017977074367801
0.9051158453799338
0.5597408521591839
0.5484479387527511
0.6508219363920601
0.6253011574372761
0.3794984196250925
0.9407828503654593
0.41400061022719514
0.4991103802227445
0.7488695796216407
0.5714163550488695
0.7363036293684028
0.31789571875344064
0.8653802614429622
0.6724676622045099
0.7605163163984993
0.7653142600083499
0.5064314542477169
0.4344612964703324
0.6199472629095388
0.7627460225342115
0.8651370957950478
0.5986203309619125
0.279207225291987
0.6636257783691056
0.6106919006098984
0.7893865293149972
0.8257244498607358
0.6970296797790434
0.6322921262765506
0.8445383465149514
0.5517278806264029
0.4070499591801672
0.6937026658803686
0.672654024493909
0.8033899999477739
0.9407055378061572
0.8855303793031615
0.4949540719316783
0.2950994366696378
0.9199658862247269
0.36372383477214126
0.7834323561544315
0.36728684342100093
0.3218122866979609
0.8711433682633241
0.8760485845366123
0.31742986880660573
0.5099843491914529
0.8394863750167858
0.8449509619202307
0.7858510680084813
0.45467100769073104
0.5640162075512106
0.5603552665444356
0.7638039532999972
0.2673076925587538
0.7477553903250289
0.6589135371027438
0.7312380095943086
0.6540601978229981
0.8560440733442545
0.4979477835409699
0.9051913142492274
0.341467399869113
0.7285223690335875
0.7823368459761134
0.4270399368999244
0.8500854577162296
0.5647756326117807
0.3850263542153965
0.7907675935528233
0.5022408878706359
0.8104555706237863
0.8189511671870466
0.5239764824696328
0.2888779489363648
0.4630897178734421
0.30902430527214836
0.6681364603317717
0.8205443520772998
0.8362513448717825
0.7936422871402354
0.8564271216783141
0.5496710567282332
0.258339626786124
0.8946533955072292
0.8172789477705251
0.4266795930285685
0.49964831926832654
0.7854935773159392
0.5586815536282891
0.44793336059726047
0.7590926528828335
0.70985938874365
0.8549644270527469
0.5072475231560337
0.5472375332873944
0.6870068528189278
0.907881599460206
0.8468284844671335
0.8605796911297622
0.4164727930485789
0.5471564604505839
0.5655288368279046
0.8880130947514164
0.9128105423346818
0.6201648565728782
0.7979173359545709
0.8636559955379246
0.4320805681185706
0.6355561242887943
0.41540845270350424
0.5799396271760359
0.7014213104397191
0.6338328264713393
0.9034079061554169
0.8985854647576496
0.7637672367615274
0.7032264767587072
0.8793712363636739
0.30340468406713716
0.5779058990348503
0.5422223125951264
0.5641447108657652
0.6566100785813332
0.514814707166996
0.8469652349109769
0.4651132563307845
0.6369840923203076
0.6439017005925186
0.6165200253789488
0.4600255960811145
0.4926529055236669
0.23327272758989076
0.7739461405053659
0.8719073131935122
0.8529707318971816
0.6241311845862872
0.5924266969859994
0.6940721503640893
0.6769387045320234
0.884768828294702
0.7476455524431742
0.7009516822104436
0.6480427944967024
0.6969789703496235
0.9036608064546271
0.3529586965846964
0.40468551586353774
0.586054216217151
0.43273847050002834
0.6079391229128506
0.850282279501505
0.8499179825302189
0.859355421259762
0.8964208127981546
0.536768225083119
0.48495392277512767
0.5283133500471927
0.8480908930509966
0.3918117413789276
0.8882629941491159
0.5787773670451544
0.6476785125961921
0.6047540845358422
0.642491127518011
0.7631471950825398
0.8014741128381326
0.8459202428536857
0.5532375657997106
0.5048001176827381
0.7178228205983166
0.5155573617277172
0.5320732111862622
0.7884837471817207
0.7475548661956215
0.519324601736118
0.8979766733913707
0.4572370142673669
0.439974122148428
0.6949872312495572
0.17764466786607624
0.7082196267839787
0.903113955500825
0.7902188810696544
0.6520724422338693
0.5422434285627781
0.8093663187875809
0.4787322486933329
0.6425861964191624
0.8682815441462124
0.7599570928527342
0.7813931106696321
0.7820330080062514
0.6550823022005036
0.5671591899221436
0.8409282058580766
0.6418247053521227
0.4612403280185082
0.8120595111259659
0.551915786900309
0.679520677919602
0.6690620179823917
0.7663595993160777
0.42809714420313993
0.7016044533476546
0.8566343857272599
0.5884766925096875
0.6565481446087152
0.5723838900294893
0.6657050395584622
0.5939483195797547
0.5295304737408401
0.7207561605438393
0.43058613266924456
0.7340462622140841
0.3970392309259602
0.6635401866762325
0.4408466298946724
0.536908307881543
0.7953669299533822
0.42621140278901276
0.681489842863781
0.5223572315922372
0.6906085276858784
0.8828530069885046
0.6569793588566182
0.6938506088970828
0.6974363698336975
0.8495412179339417
0.6398090601570521
0.706567382078237
0.3712320051864704
0.41787926741371395
0.8504095237490923
0.7819883028743027
0.7079580674667593
0.47866855805364283
0.4556529961742939
0.39427062654042055
0.3533668984217112
0.5882642274301927
0.5395386261663211
0.6896917057746439
0.787706166168244
0.8739677795070646
0.5377508195371549
0.49937017089818797
0.3989160809304484
0.8750183678053999
0.5144847566708137
0.5915848476175193
0.3736874879845075
0.23428499556661203
0.5717384266622335
0.4763553946709441
0.6528289117980667
0.6451864422772707
0.7968647730345918
0.4164133232906874
0.44784497711174925
0.4337484604235271
0.9310488089816568
0.8173448457445398
0.5818497138618123
0.7312768513620566
0.3755269801076551
0.4860346944451957
0.49437492261995464
0.6124773784344864
0.5072094819608733
0.8673875518806273
0.6487068742288522
0.8657219314436795
0.7680701431135396
0.7515798854541507
0.44432800405122275
0.4218807240340667
0.7459769040431126
0.24497723809017338
0.5750845783375617
0.9148279756561009
0.43399513674615536
0.5323617258902934
0.32909792196852206
0.6378930627418795
0.8043863794379209
0.7517487395355671
0.5544386940140438
0.8313535937048816
0.8540802803604062
0.7873320098609012
0.6666678374158128
0.7888399477971835
0.4386540470619445
0.5651342986905743
0.6451933121607318
0.6774073558473329
0.6925746317000198
0.6785417396054879
0.8034566311916883
0.1948477284366819
0.457200938931168
0.5603485645228008
0.9164304527390981
0.7216326430177219
0.8801919432937431
0.7978177777176639
0.7687967665196507
0.5701217251638924
0.36572587073141954
0.32558710448556183
0.582690740532473
0.8456466719980813
0.7042252533975069
0.40067072605494264
0.8457706659201331
0.6006225935366053
0.5290239357548239
0.6106457891643656
0.9123364560804545
0.8793322761657246
0.8044071832797126
0.9175123669408527
0.9198251777506542
0.367228220424773
0.48962595472474435
0.6445601614614199
0.6797750723611435
0.3342908896563224
0.48572296037538754
0.6197808017058811
0.665410479167586
0.5329609894908156
0.7909634301738713
0.7562974158393058
0.7020737026555244
0.3747786124106514
0.4659594096423609
0.25879538879689207
0.5541371031946756
0.7842206819191818
0.680676633944956
0.7693082274914488
0.8957475119870872
0.33376328879383704
0.9256947091277498
0.5666280305272741
0.5640821367464398
0.40860642085233645
0.8239550982995646
0.6288880594516488
0.5759485123470439
0.3923200198737783
0.9268169974257155
0.9295456817533061
0.5069052319529489
0.5922367990167441
0.7824567923213781
0.39061152282437617
0.8790833994880038
0.8848527029947705
0.7602829069058686
0.7833727014522851
0.593857250051632
0.5035786734985755
0.6543014535311187
0.8067282759109827
0.41100855608836434
0.5519652828387336
0.5722597164511682
0.4593514577917922
0.6592596402108658
0.6020184050863219
0.4815897330841618
0.9049385703451822
0.6527439847205959
0.7567022095438718
0.780636953861177
0.5737712667396274
0.8817113471024912
0.7527763323868635
0.495762631197268
0.5054894555421231
0.3185488278234767
0.795035631002183
0.9397420705809536
0.48815479544297913
0.6635155310975697
0.6514467953488428
0.6402476057950582
0.69263538335016
0.8906152351673075
0.7036473003422773
0.8179543770481772
0.4727149720644473
0.33732390525619194
0.7500372534921275
0.8729793401654752
0.6126929063191288
0.6545133118545602
0.5787746705159513
0.445735733932887
0.2446657864837523
0.4318778987873539
0.8375262070712212
0.33308790242803454
0.47407049538829543
0.7936000380204065
0.5300862610358066
0.4925257198050156
0.8002766863353461
0.3686661512584578
0.41847161074568434
0.922591946586685
0.500481442131042
0.8710379057054906
0.400261529957378
0.6546351017681467
0.8309193211844936
0.8023529636017345
0.33159565370275484
0.7231866060508633
0.8512657937802586
0.5745550145512003
0.35370566769506306
0.3124501154965613
0.8707704416463692
0.6933608604434662
0.5042364054895399
0.7833662533274585
0.5738354656827493
0.7495955085531297
0.6275761305748149
0.6461792485013372
0.32025177582000564
0.31544311110181944
0.8471769528183183
0.5587460065388914
0.8667887226997022
0.48976620750130384
0.5140107363410257
0.8700860343609926
0.5897960473233672
0.8048032794354909
0.7741970147202961
0.8433451115648425
0.487451435213204
0.8436930342676441
0.5907949772612449
0.6938276703789887
0.756544072837591
0.5638252652189537
0.4343883111949812
0.6324780131944107
0.4860326069721059
0.824026086034938
0.5534605835058805
0.47101349838815587
0.6544300827431928
0.39033547239728655
0.34846077854826063
0.5100636338623449
0.6572828314318542
0.8597729284101122
0.8477584956208698
0.5216590807187179
0.7332759729820953
0.800161840979394
0.6265602286098053
0.8837433995312614
0.87151370905959
0.7593774804873507
0.5037659664491099
0.9102259862935584
0.6821391985380448
0.4210148099479799
0.7862170446186726
0.9216903117028913
0.6770823362894153
0.4343270412917571
0.41190603378374263
0.5831929742301561
0.5316579720085297
0.4813677584399064
0.9056494694670058
0.8059975037000278
0.7419670451953552
0.7694234554602213
0.38251008690132443
0.7142330347788364
0.6440228471346631
0.7120788543257943
0.8111772873996544
0.7806520471548907
0.41985377394644746
0.8388650266385856
0.4362742281548792
0.7989496461317227
0.35477136599639697
0.770397842677899
0.49888824606991355
0.4900264187816663
0.764612253756258
0.7211691725247633
0.7028573570283598
0.5698404788361062
0.7357201722187366
0.7698650643733516
0.8050038270952554
0.7341328678735959
0.9259057885716774
0.6418430830586536
0.872104881012907
0.3890343410176916
0.7454733730574256
0.5895527071329354
0.42679657206887495
0.8575515564358966
0.8033899999477738
0.3786004971383028
0.542791267624906
0.41464790064152757
0.760726869026653
0.5704589574502851
0.841857984394508
0.4941599551521061
0.7527038035601499
0.5031918319918519
0.38278670756383854
0.8034144198575098
0.5769563590863215
0.7448861765372321
0.4650615274927279
0.5493345363514194
0.8459027004867743
0.9449515076090607
0.3735029376231642
0.18747670470844136
0.7954679607689036
0.8311262953772686
0.7851864659199436
0.8593884006646814
0.5367681306809261
0.31391489704796516
0.6967609669193296
0.5129872756546574
0.38531735406196127
0.7445829029166843
0.6250067945067035
0.6859184792963666
0.8647448901414929
0.6314654850217493
0.5985372804763445
0.7995951995180144
0.7990231171841521
0.7058184700703459
0.7869530298559796
0.784418837294365
0.409583708331915
0.7559641064757957
0.7515781956514619
0.5101568892419974
0.6290482182754147
0.8366281314555881
0.6318800664440158
0.5494925725738491
0.7630663592876883
0.7522949074055638
0.9187333309158918
0.8003091494265983
0.8297118567086705
0.4653781978755232
0.9108137211330295
0.7688325188916117
0.7751914960664119
0.7373701047051101
0.6954390933533022
0.7343316495818728
0.644757666073672
0.6821353361256808
0.35839751230497574
0.5407400006403066
0.2819141229223932
0.6828715526374577
0.4254435561828817
0.6749128006320916
0.6285017355706641
0.8215022413780481
0.6598954294610684
0.7739446230979766
0.6091100554149017
0.6625780457725418
0.7412069375340485
0.49632716928376575
0.6318327816120537
0.3883365668468545
0.5158255583567991
0.4896245928544961
0.7573934976416127
0.7589332810616575
0.6675969989397929
0.6016848097910518
0.6188614917169059
0.41128891324986094
0.40580403333383663
0.3013556541760776
0.7323091052596331
0.6740585358179954
0.49529296018976166
0.3880456078619978
0.8725951656604337
0.8108440600190308
0.9231195288498356
0.491260273454034
0.49704266249237555
0.18114620774692972
0.8478197132530161
0.9094722932966488
0.7847746175214964
0.796637220754594
0.7896881010038725
0.7685012175497583
0.5963510770336676
0.6318580002756298
0.21441550070380785
0.6543029692100955
0.7829211473171694
0.42994705111162745
0.6251059242429026
0.6963726971379651
0.797730657816682
0.7940071196969322
0.45951973792631934
0.5825855848060145
0.8582836786549114
0.7382702196144614
0.36996525825680016
0.22594026751059634
0.7542729292808371
0.5454332677945709
0.637624293764565
0.6914045681145978
0.5106728820624257
0.566191302479906
0.7323102352322524
0.6211459941910293
0.5633152012064999
0.19409712578418462
0.7455201984233387
0.28835894350274316
0.47154315496839566
0.7755391445349572
0.6847590917699446
0.5036345437792082
0.45383497989301935
0.7497103350003634
0.641079542660648
0.47453870904800305
0.4851320293521435
0.9001346721367917
0.8147581484957387
0.4395267695090971
0.5904788534325762
0.6331894566801417
0.6436719397489797
0.5866389738827613
0.5487748131717997
0.8695831253840214
0.7727597596370306
0.8765901576958874
0.5318760818158575
0.6097816635199923
0.6274709664179762
0.576129326455882
0.6198022207583457
0.6723488451449879
0.42794571146760085
0.36002444272513073
0.4876956631164851
0.7700943777144649
0.8361303301923955
0.5756306501314817
0.875120926383579
0.43532827027581666
0.900562381987166
0.8085684628383516
0.7049352439672273
0.7395631008448886
0.38990304815875704
0.6824184549395481
0.6849572576273341
0.5252552771506134
0.7171969424435782
0.7528266283793552
0.6931263297841456
0.5159975731748676
0.40786894077266556
0.7454729228303082
0.5217395095795428
0.7030312671232385
0.30294811112607384
0.8002533956106118
0.5346211788634795
0.7323319594366726
0.8055846757049774
0.7163711381807131
0.7142064039544679
0.6335768224241916
0.7279493527532743
0.771354941527378
0.8928073035446591
0.6450204476252802
0.6403470436290979
0.8404324350434189
0.6367746335780066
0.8766940061115058
0.8416314924551113
0.419092875813049
0.4830826406391185
0.8094115997782234
0.238863301307173
0.6658933077459575
0.4952035084454746
0.8162898948785013
0.8580323718174816
0.4118214725026581
0.32018420771591855
0.8626391205564258
0.33075961311947993
0.7140971787434434
0.4968047879390834
0.532353119913611
0.9356535951413357
0.8008758165256913
0.31060976933246875
0.6771518078978361
0.5649369929131816
0.6140614817047664
0.4599357849195334
0.7962419880837616
0.5959173042938898
0.7041189404610046
0.3040179128171143
0.9140524247727401
0.5230022402518163
0.5474624604289421
0.3715728141318727
0.7576569223589451
0.8734185339869358
0.6961652332671784
0.6980855476235155
0.44893606242845135
0.5524274547211483
0.42172855978541635
0.8111789551878007
0.6084652732681779
0.8783287615898994
0.5795690091544032
0.6439435865105688
0.27362451217819783
0.6302831220300182
0.5252023590323516
0.8288319525299156
0.7468089800491791
0.5949746010859183
0.6452876479675663
0.32566404278482736
0.553130867010835
0.5687650051732124
0.7535778565817078
0.746578045232435
0.7475118003874944
0.7737153465440506
0.7309364939006934
0.7855040111168091
0.7300457034138029
0.804664985007553
0.5443181071927262
0.7242600960110217
0.8122661435117501
0.7528099200493543
0.5925885651560097
0.7829384841218903
0.8369587935759248
0.5817271239696841
0.7340591539578912
0.8675332395406504
0.587160579557728
0.8425502380349892
0.8791322902393076
0.45248854727717003
0.3812433007258782
0.931450554915593
0.7998596543873473
0.6703802704086083
0.7836217736928494
0.8382128431745772
0.916909830399153
0.7269603505077766
0.5827207320153208
0.7213070963950128
0.8336715612780414
0.7949002619758825
0.7331713542300325
0.4425811014417804
0.43272068322707424
0.655339954544196
0.8535854994875719
0.5901654886002885
0.44443703727862294
0.41902857071312916
0.6844520530355412
0.43285446104401826
0.7905890838436893
0.6580444113502241
0.46876628486102156
0.6083048876142275
0.7266368440458957
0.6490784053445703
0.7581174237950821
0.4296786819204716
0.5115744687637477
0.5473126744352066
0.6431547359427003
0.3037622423725059
0.5705439516598395
0.646084250505021
0.7064343114453101
0.7424695485588916
0.5262169136283337
0.37076960587032687
0.6766212906043246
0.7607921252864878
0.5129449528283656
0.5763853927867923
0.6872567199058582
0.892699179525073
0.7339747252166937
0.5893124403838824
0.7654077669193509
0.3927980490759065
0.8627015448216745
0.797462824045766
0.5794537711852106
0.47119618862707346
0.5564061342856172
0.4733142509155445
0.9103707594443378
0.4385012845511539
0.3292479530533254
0.5432989336528947
0.5333918900525147
0.21898066421709503
0.7126842653294602
0.5571843650908389
0.48062567822583696
0.5732784599009126