31
56
37
49
45
49
47
31
37
40
50
30
57
69
43
46
42
41
47
27
39
36
43
68
39
43
45
33
42
46
31
51
23
39
43
52
30
29
46
37
31
59
43
63
35
32
62
31
23
44
50
41
36
36
31
28
39
37
41
47
54
26
56
45
25
32
42
52
55
38
35
60
58
42
36
35
43
50
41
55
30
31
32
25
44
45
32
48
25
39
46
48
37
62
28
33
44
26
32
53
45
45
44
46
43
26
45
38
34
34
45
62
32
45
41
52
25
46
44
44
27
41
46
34
54
57
38
69
44
49
32
45
39
62
49
60
48
50
56
46
34
44
51
30
42
39
60
44
29
33
29
42
45
42
56
39
37
36
27
45
37
50
32
36
27
38
31
50
37
31
55
47
29
49
30
58
60
28
57
48
63
48
45
25
33
57
29
56
37
40
49
52
32
52
30
22
38
51
40
51
26
60
32
51
53
29
34
31
39
42
44
36
57
55
53
36
20
38
49
38
46
40
38
40
41
42
29
51
56
37
27
52
52
31
40
27
46
26
54
42
37
66
52
48
52
26
36
56
42
37
44
28
44
54
41
44
41
58
28
46
54
34
49
47
37
46
27
38
36
24
60
36
41
24
57
39
60
42
55
27
31
32
29
35
40
47
37
24
50
43
36
32
21
50
57
61
35
39
41
40
38
36
43
43
44
40
35
56
41
47
33
36
38
35
44
41
47
34
43
61
42
53
32
66
38
39
37
48
45
52
32
52
43
29
52
52
24
55
60
40
28
53
63
39
38
38
27
29
46
37
51
23
44
27
37
54
46
45
49
39
28
38
51
58
35
59
52
31
65
39
56
52
35
35
35
41
39
41
40
46
32
43
46
29
36
44
45
25
43
53
42
59
39
44
33
32
44
30
44
34
45
36
34
37
55
41
30
46
65
45
40
44
29
49
42
38
32
24
35
49
42
36
36
33
37
34
50
33
57
22
44
47
38
63
34
53
46
55
59
63
45
28
38
33
50
55
59
41
31
39
32
39
43
50
43
42
20
32
44
35
49
30
60
37
53
46
34
30
75
52
43
34
34
49
48
45
52
54
28
49
42
44
41
51
44
23
42
49
64
40
51
54
46
37
48
44
48
39
52
53
39
26
26
35
42
47
50
39
38
52
28
55
44
39
45
43
27
49
52
35
41
33
42
53
59
47
39
34
39
26
40
54
41
63
51
45
29
38
42
27
50
37
34
66
21
41
35
34
35
54
30
50
48
40
44
51
34
38
47
23
39
43
36
31
33
53
48
35
41
67
56
46
48
59
49
44
45
39
64
30
53
45
56
25
55
36
55
41
33
38
37
23
50
46
60
42
27
44
49
30
38
47
33
49
37
34
37
42
54
37
55
36
40
43
46
33
30
49
24
47
54
31
18
28
38
50
52
47
34
23
44
51
48
53
57
43
64
41
32
44
46
37
35
53
55
57
46
32
54
43
28
31
50
42
52
56
45
47
32
41
63
33
42
56
52
22
33
31
51
60
45
48
59
43
57
64
46
45
51
44
47
53
53
53
37
29
30
44
68
47
37
50
47
46
52
37
41
46
53
31
50
52
55
37
43
53
64
40
37
34
47
37
41
33
48
44
50
47
43
27
48
44
36
46
43
48
41
37
25
43
29
56
30
43
32
39
59
50
47
52
24
39
43
35
27
37
33
54
37
33
32
45
51
50
52
34
44
38
50
51
51
62
43
36
42
48
33
48
35
42
53
56
42
45
40
63
35
39
34
54
35
28
37
33
41
44
33
43
54
32
44
44
41
37
43
51
35
43
45
39
23
50
26
42
46
30
57
33
34
44
23
46
37
46
33
46
53
52
49
26
42
54
52
45
46
61
51
33
44
56
45
42
50
38
40
53
35
33
42
39
33
36
39
47
42
36
42
47
55
27
47
60
26
57
42
50
51
58
56
42
42
50
37
50
28
54
30
39
41
66
46
48
56
26
37
48
35
40
30
29
53
51
49
47
33
26
43
40
32
39
44
43
38
37
28
40
36
40
48
38
34
41
59
47
49
56
55
40
38
43
33
51
31
32
43
49
40
40
43
46
43
63
52
51
56
51
32
22
53
40
28
32
43
32
53
29
58
44
42
69
38
18
56
53
46
36
50
45
53
40
51
49
45
36
39
60
60
43
36
58
59
30
43
42
36
25
44
48
37
34
31
49
31
41
50
33
44
35
51
32
45
59
29
20
21
31
40
36
44
33
37
35
26
33
40
35
44
39
36
28
42
47
38
21
49
49
44
56
41
51
44
33
37
33
59
35
32
46
48
55
39
34
44
41
47
51
49
54
31
39
53
39
42
38
37
38
56
51
65
43
34
36
33
34
40
51
46
69
45
38
55
46
41
31
38
67
59
38
37
58
64
44
37
56
37
47
58
52
49
45
54
32
53
55
46
37
51
46
46
46
48
47
43
36
51
33
42
43
49
21
30
37
36
39
35
30
59
33
50
56
55
48
34
38
32
48
55
39
40
48
47
43
35
30
52
39
36
40
60
53
45
53
40
49
34
42
38
35
42
44
37
37
24
29
41
44
39
33
30
37
46
44
22
61
34
60
38
38
58
63
25
51
48
54
55
30
30
54
53
52
50
45
35
45
35
38
28
35
40
52
37
46
66
31
19
56
49
33
34
30
50
48
71
38
42
34
29
50
33
43
62
47
30
47
26
32
41
29
40
31
47
33
45
42
49
34
36
38
30
29
49
37
29
36
57
41
31
50
26
43
36
42
42
47
41
25
37
43
55
48
41
43
34
42
41
56
27
30
47
30
48
49
42
54
47
35
30
46
46
44
38
48
55
50
37
30
44
52
48
31
47
45
51
55
40
29
43
56
21
53
40
66
56
45
59
62
45
37
46
45