71.45
75.71000000000001
67.87
98.93
49.33
71.41
92.94000000000001
72.48
46.84
84.73
71.33000000000001
72.19
74.68
83.99000000000001
63.57
76.15
62.470000000000006
75.97
87.74000000000001
44.1
94.31
87.66000000000001
71.33
110.21000000000001
58.64
24.19
92.24000000000001
45.75
87.63
88.82999999999998
46.61000000000001
73.02000000000001
12.03
41.57
107.08000000000001
87.12
38.33
68.87
98.77000000000001
55.4
12.03
79.18
78.83999999999999
79.9
47.25
55.73
111.24000000000001
47.56
45.75
69.3
97.19
47.78
72.97
66.64000000000001
29.1
41.9
109.25
36.1
87.22000000000001
63.410000000000004
96.39000000000001
53.39
111.16000000000001
44.120000000000005
56.21
71.06
53.68
99.27000000000001
111.42999999999998
27.740000000000002
20.310000000000002
89.6
127.74000000000001
86.48
50.94
20.310000000000002
75.63000000000001
73.22
71.78
74.49000000000001
67.27000000000001
53.60000000000001
58.56
30.71
90.28999999999999
64.99000000000001
63.60000000000001
98.47999999999999
51.8
62.22
64.77
77.82000000000001
70.56
114.03
41.489999999999995
33.2
90.54
29.54
54.02
95.05999999999999
52.57
74.66
62.550000000000004
78.95
74.49000000000001
12.89
91.59000000000002
79.63000000000001
55.400000000000006
71.09
86.36
108.13
66.12
58.64
49.410000000000004
90.84000000000002
70.14
88.16
72.91
92.26
72.2
72.7
60.620000000000005
66.74
105.25
83.55000000000001
77.78
149.41
102.41
155.84
33.29
118.28
49.410000000000004
78.03
117.69999999999999
113.08999999999999
74.95
84.06
103.07
114.48
85.95
81.16000000000001
120.37
58.64
67.57000000000001
72.39
67.39
59.81
32.34
37.28
50.8
89.02
73.22
27.299999999999997
114.56
57.120000000000005
87.28
67.60000000000001
24.06
95.5
50.940000000000005
92.75999999999999
98.13
73.44999999999999
75.35000000000001
55.73
41.99
78.95
79.8
49.410000000000004
91.56
93.72999999999999
23.47
63.57
93.55000000000001
119.6
41.85
20.310000000000002
104.81
107.61000000000001
89.27000000000001
91.4
77.92
67.43
62.21000000000001
103.4
29.1
44.0
66.4
54.02
62.32
92.25999999999999
45.15
87.95
50.95
79.62
89.61
68.5
67.60000000000001
75.21000000000001
58.56
101.28
41.13
115.65
95.58000000000001
66.49000000000001
36.440000000000005
74.06
82.28
68.75999999999999
78.83999999999999
46.17
118.63999999999999
79.39
66.12
84.86000000000001
50.19
55.629999999999995
101.74000000000001
105.09000000000002
78.51
40.629999999999995
59.92
42.43
78.03
50.27
76.22
87.11999999999999
125.71000000000001
89.55
89.61
68.96000000000001
89.27
12.89
60.85000000000001
75.63
66.58
37.81
119.27000000000001
73.39
40.54
59.28
56.25
79.16
108.01000000000002
59.64
68.76
93.30000000000001
95.07
82.33
62.300000000000004
99.86
72.2
115.53
78.51
64.63
35.53
67.23
46.400000000000006
52.650000000000006
104.03000000000003
76.66
109.44
75.02000000000001
74.15
60.93000000000001
38.33
45.39
66.39999999999999
29.54
117.19
81.18
66.35000000000001
28.68
60.93000000000001
73.86000000000001
107.72
64.36
114.46000000000001
32.11
67.43
61.69
21.700000000000003
27.740000000000002
38.33
78.09
79.62
15.27
69.72
49.769999999999996
33.2
64.34
39.19
69.46000000000001
73.63
127.64000000000001
79.9
66.84
93.72999999999999
59.54
72.24
41.99
63.050000000000004
84.07999999999998
86.36
66.84
70.15
84.40999999999998
89.02
75.76
77.92000000000002
47.67
58.29
6.48
42.68000000000001
59.53
149.29000000000002
58.56
39.07
57.00000000000001
61.92
97.16
46.61000000000001
94.92
53.839999999999996
49.410000000000004
69.72
42.010000000000005
83.42000000000002
115.56
76.75
40.620000000000005
72.39
60.18
126.30000000000001
74.29
65.49000000000001
128.7
118.91000000000001
71.18
33.120000000000005
94.5
108.71
57.78
74.58
35.010000000000005
33.120000000000005
85.32000000000001
118.74000000000001
84.21000000000001
100.72999999999999
80.89999999999999
81.99999999999999
59.67
44.120000000000005
73.66
68.53999999999999
88.96000000000001
72.96
83.29
103.86
37.3
104.81
102.73999999999998
46.010000000000005
131.74
80.64
61.190000000000005
96.57999999999998
66.91
88.48
129.81
59.08
13.11
62.480000000000004
50.080000000000005
74.47999999999999
87.66000000000001
39.6
32.78
52.58
110.01
51.22
57.53
57.42
86.10999999999999
70.72
69.64
72.47
92.94
29.33
147.48999999999998
80.68
49.85000000000001
81.17999999999999
70.31
72.67999999999999
25.42
49.85
90.15
71.53
58.900000000000006
75.94
59.11
103.10000000000001
65.06
74.49000000000001
82.45
122.31999999999996
63.910000000000004
33.09
34.89
49.74
81.47999999999999
56.330000000000005
98.22000000000001
41.93000000000001
59.53
49.410000000000004
66.4
88.60000000000001
35.580000000000005
147.32999999999998
29.1
47.28
35.53
78.39
35.94
123.48
26.3
36.97
40.63
58.2
136.31000000000003
87.24000000000001
62.21
58.81
106.28
113.6
126.91
54.34
29.54
75.27000000000001
45.379999999999995
80.37
64.01
69.72
27.740000000000002
75.19
65.37
51.8
47.400000000000006
77.0
137.95
94.08000000000001
44.53
12.03
56.150000000000006
105.4
43.6
80.05000000000001
66.03
130.17
77.25
77.4
70.54
32.7
75.42999999999999
151.29000000000002
78.51
35.580000000000005
41.13
34.03
42.010000000000005
66.92
90.92999999999999
70.16
57.260000000000005
42.24
65.79
71.86
104.37
129.54999999999998
88.75
80.55
62.05000000000001
75.71000000000001
84.14
107.61000000000001
92.26
98.15
166.14000000000001
70.67
87.84
61.36000000000001
84.5
102.32000000000001
47.78
82.72
131.05
91.01000000000002
41.13
42.24
63.41000000000001
88.50999999999999
73.85
47.78
41.57000000000001
66.92
145.39
36.42
72.96
44.0
80.67
55.84
45.550000000000004
46.06
104.44000000000001
81.54
90.9
66.48
54.02
71.47000000000001
110.51
116.92000000000002
81.00999999999999
80.56
70.67
70.19
89.64999999999999
55.400000000000006
78.93
90.7
78.03
88.39
127.58999999999997
50.36
87.09
54.370000000000005
67.77000000000001
75.02000000000001
74.44
52.60000000000001
98.31
42.010000000000005
87.66000000000001
20.310000000000002
76.75999999999999
72.48
111.65000000000002
31.23
71.0
57.61
27.05
44.760000000000005
61.040000000000006
68.61000000000001
35.580000000000005
100.77999999999999
46.010000000000005
49.25000000000001
72.28
46.53
62.22
46.400000000000006
66.48
90.29
55.29
75.75999999999999
86.01
127.59
81.7
118.19999999999999
76.46000000000001
95.91
73.12
78.95000000000002
58.64
94.92000000000002
79.78999999999999
62.470000000000006
73.91
144.11999999999998
46.17
97.29999999999998
81.69999999999999
78.72
73.59
42.35
80.91000000000001
62.470000000000006
79.23
74.69
77.10000000000001
99.54999999999998
96.69
63.60000000000001
69.72
126.83000000000001
78.91
41.99
57.120000000000005
84.5
72.17000000000002
54.88
32.34
112.41000000000001
67.35
50.72
94.59
72.44
80.04
67.43
61.92
91.54999999999998
54.88
38.33
93.73
50.19
116.95000000000002
44.0
25.240000000000002
51.75
70.16
74.68
87.28999999999999
82.32999999999998
96.7
51.96
58.2
60.03
124.01000000000002
100.85999999999999
66.15
70.16
121.64
122.66999999999999
32.7
57.42
63.69
87.99
54.88
46.17
113.68
104.81
94.76000000000002
136.07
66.84
84.30000000000001
77.98
67.76
55.400000000000006
105.92000000000002
81.93
45.400000000000006
78.59
54.78
82.27000000000001
104.87
87.25999999999999
102.25000000000001
68.49000000000001
50.94
84.3
71.53
95.39999999999999
20.310000000000002
75.00999999999999
75.44
79.39
59.730000000000004
94.22000000000001
94.80999999999999
55.87
106.83000000000001
93.02000000000001
60.93
54.88
57.17
54.02
70.16
58.64
71.55000000000001
125.21000000000001
58.120000000000005
67.49
17.07
89.43
118.85000000000002
73.07000000000001
50.72
75.71
98.53999999999999
61.440000000000005
88.50999999999999
92.51
75.92000000000002
83.88999999999999
124.64
47.78
75.71000000000001
80.22
98.76999999999998
88.83
74.83000000000001
65.78
98.34
74.97
33.730000000000004
90.79
120.06
44.81
66.4
51.46000000000001
88.69999999999999
73.22
129.76999999999998
70.75
51.54
37.28
84.5
104.28999999999999
72.7
93.78
59.81
120.27000000000001
49.410000000000004
46.34
23.47
62.1
29.54
98.0
81.19
70.31
46.39
66.65
66.84
55.13
75.61000000000001
23.550000000000004
25.78
49.74
66.48
60.45
62.46000000000001
84.67
61.77
124.6
46.92
38.769999999999996
30.49
95.74000000000001
91.86
156.95000000000002
102.00999999999999
58.519999999999996
94.09
55.400000000000006
107.94
101.80000000000001
73.22
96.30000000000001
70.98
64.36
101.05
67.79000000000002
62.699999999999996
64.63
58.64
73.22
90.64
110.42999999999999
48.72
64.63
57.620000000000005
85.24000000000001
56.150000000000006
49.410000000000004
80.42
102.98000000000002
46.61
106.22
49.410000000000004
33.730000000000004
51.870000000000005
61.88000000000001
76.38
97.98
75.02
67.00999999999999
64.11
85.83
67.77000000000001
25.78
84.27
79.61999999999999
126.64
69.72
41.9
82.0
30.71
75.13000000000001
59.06
78.51
85.83000000000001
66.65
78.63000000000001
58.64
73.34
64.74000000000001
76.3
49.410000000000004
84.34
98.27000000000001
67.42999999999999
44.370000000000005
61.77
80.57000000000001
82.17999999999999
55.11
32.34
99.78
110.41000000000003
96.16
77.05
210.51
29.1
49.93
84.08000000000001
129.85
52.65
91.29
58.86000000000001
61.96
104.7
69.03
49.410000000000004
33.29
61.440000000000005
142.22000000000003
85.42
82.89
67.49000000000001
20.310000000000002
102.96000000000001
88.69
71.42
111.79000000000002
93.44
63.25
73.47
106.63999999999999
32.78
97.74000000000001
71.26
89.90000000000002
87.74000000000001
77.75
98.76999999999998
82.63
72.04
75.02
66.38
89.99000000000001
46.92
49.410000000000004
62.470000000000006
89.49000000000001
72.83000000000001
130.74
57.690000000000005
83.36000000000001
80.23
29.54
50.7
72.47
56.07000000000001
101.41
55.120000000000005
17.07
82.45000000000002
95.58000000000001
103.51
56.51
89.10000000000001
41.57
75.71000000000001
75.71
63.58
68.02000000000001
51.540000000000006
69.15
83.47
88.14
74.2
41.13
35.83
54.88
79.78
58.2
47.56
65.12
107.88000000000002
84.94
108.82999999999998
82.4
124.32000000000002
75.63000000000001
72.18
58.64
84.5
62.58
51.81
79.51
75.09
84.94
74.85
127.19000000000001
57.690000000000005
55.13
67.15
174.2
83.35999999999999
92.51
108.64
88.92
52.33
45.75
100.42999999999999
54.26
32.34
59.080000000000005
42.010000000000005
63.99
93.21999999999998
54.63
127.36000000000001
28.16
52.61
140.73000000000002
53.010000000000005
12.03
103.18
79.27999999999999
99.35
73.47
113.28
77.62
91.65
75.42
80.37
41.99
54.02
68.5
81.92999999999999
62.620000000000005
90.28999999999999
58.2
58.120000000000005
74.66
175.62
88.24000000000001
83.55000000000001
66.48
59.59
84.08000000000001
148.70999999999998
51.24
57.010000000000005
93.88
73.66
84.86000000000001
43.85
86.69
128.45
92.36000000000001
77.32
46.61000000000001
62.24000000000001
99.68
58.95
145.94
71.69
25.16
72.72
68.06
55.980000000000004
55.84
76.57000000000001
64.03999999999999
93.45
76.13
49.33
71.34
94.06
58.2
67.87
85.84
69.9
39.849999999999994
71.34
101.73999999999998
42.24
72.83000000000001
34.47
20.95
88.16
86.24000000000001
85.13
95.58000000000001
79.37
98.02
55.13
56.33000000000001
93.22
51.22
79.53
106.79
103.53
111.38999999999999
91.97999999999999
86.44000000000001
91.16000000000001
91.9
63.410000000000004
93.94
89.8
72.17
58.89
62.47
96.02000000000001
34.370000000000005
86.61
52.650000000000006
76.82000000000001
111.02000000000001
114.09
113.25
204.90999999999997
66.48
35.25
97.35000000000001
46.17
73.8
32.78
66.92
102.67
132.65
69.85000000000001
91.53
79.37
78.51
45.230000000000004
63.470000000000006
73.34
114.09
104.81000000000002
26.71
60.45
126.11000000000003
116.36000000000001
89.8
41.99
120.47
51.54
85.34
110.85000000000001
95.58000000000001
43.86000000000001
72.68
134.9
29.540000000000003
165.24
91.67
61.800000000000004
54.35
52.650000000000006
86.48
91.72999999999999
94.08000000000001
79.96000000000001
52.23
67.87
46.17
118.10999999999999
30.330000000000005
117.56
94.63
88.91
27.299999999999997
58.7
77.25
51.1
67.91000000000001
76.45
59.5
104.33
29.1
88.02000000000001
94.1
88.39
76.88
29.96
83.48
53.160000000000004
69.72
93.41
70.84
72.64
92.25999999999999
62.300000000000004
72.54
49.81
74.08000000000001
110.18
96.89
93.73
94.32000000000001
104.54
64.36
83.99
163.70999999999998
103.28
131.22000000000003
77.25
150.94000000000003
77.25
70.41999999999999
69.68
81.42999999999999
70.31
34.03
34.15
64.15
46.09
70.67
70.13
65.38
32.34
71.34
94.03
116.16999999999999
24.92
90.82000000000001
72.47
87.74
75.27000000000001
49.85
81.59
92.95
46.92
68.53999999999999
81.33
51.42
86.33
47.56
70.93
126.73000000000002
72.22
44.81
102.44999999999999
97.47
49.42
74.67
113.67999999999999
56.23
60.45
70.99999999999999
99.16
107.19
40.620000000000005
95.16
76.72
51.58
26.3
105.29
89.19000000000001
72.21000000000001
66.74000000000001
44.370000000000005
112.25
89.53999999999999
126.28999999999999
84.34
66.02000000000001
49.85
39.94
79.08
70.31
78.49
82.92999999999999
105.82
36.15
82.45
83.03
70.23
35.53
41.99
69.03999999999999
18.84
38.769999999999996
70.92
49.85
60.7
97.33000000000001
63.47
84.56
42.47
69.89
54.629999999999995
111.83
64.43
45.47
39.41
83.2
58.64
70.28999999999999
50.69
41.57
69.04
54.37
61.8
72.81
76.46000000000001
78.95
66.39999999999999
66.09
95.58
102.49000000000001
84.5
41.57
93.9
63.83
64.47000000000001
41.910000000000004
79.37
66.2
50.69
83.09
33.45
67.87
109.56999999999998
88.66000000000001
90.7
103.95
98.71000000000001
66.38
21.700000000000003
93.89
80.05
80.32
93.50999999999999
99.22
90.93
44.0
32.78
54.88
49.410000000000004
80.81
47.56
91.65
85.89000000000001
90.52999999999999
146.19000000000003
75.71000000000001
70.4
46.53
93.88000000000001
66.24000000000001
130.4
66.48
122.32
115.61000000000001
71.76
90.52999999999999
137.2
92.34
55.13
33.010000000000005
67.43