-0.34697032511059495
-0.4326132990492968
-0.30218296868668676
-0.20855641962221463
-0.33551595006009033
-0.30904073151019246
-0.3183305525767726
-0.2681387125493328
-0.29101951211563915
-0.41985610249095445
-0.41982823442161965
-0.4881354003004855
-0.4092777843361546
-0.29203307689949554
-0.2494997651016439
-0.36428821406871065
-0.41438643947427894
-0.3370904126199458
-0.33302527798630877
-0.2521746111969127
-0.35382469647082154
-0.3760601402089171
-0.3247799150263047
-0.4348855989166893
-0.3461818926208353
-0.34622103733583426
-0.4171218233490127
-0.3776590898556975
-0.3832220639089036
-0.5680172186671575
-0.3239138350834842
-0.38487285882803485
-0.3846919992657147
-0.31020186552473206
-0.23835027513288828
-0.2963847717005273
-0.47703723885359234
-0.4327116492435198
-0.3029159175809279
-0.38906708801341794
-0.4394312483268332
-0.1841286752885468
-0.26821141907990126
-0.24490879161966123
-0.3775874617379913
-0.2984042377801707
-0.26697629895934144
-0.5449049484682101
-0.31925371370200206
-0.43983614683828404
-0.3307625489469733
-0.19611375054930993
-0.2807840563099601
-0.35001625869440334
-0.5292835617930791
-0.3219101569253882
-0.37505512156434523
-0.33058272851928594
-0.32868866238034583
-0.42644192553441623
-0.28744529595852775
-0.24923039959437945
-0.3048622394879135
-0.4788530811016006
-0.26888732480913274
-0.31735140513883975
-0.27891359954346395
-0.327992435673993
-0.35140150971448064
-0.38615892510020383
-0.4808038819703749
-0.2559344879417583
-0.3086884573576054
-0.2530686778662794
-0.31696501941734
-0.21505912529555643
-0.3246744514886931
-0.316987214224655
-0.4762294098971423
-0.3123442898391496
-0.18170405085551738
-0.20877530695706684
-0.2910505835539516
-0.2775543316380176
-0.3430148530641455
-0.2580560718326671
-0.3129570845272004
-0.4736377847735143
-0.22747328562436772
-0.2307231522901958
-0.28993525775707496
-0.262781133912938
-0.27458539655476627
-0.4467893927106748
-0.35344337337774806
-0.3919695258795297
-0.22122474526751149
-0.40929197553645075
-0.28358211690233787
-0.417978145789487
-0.3984697716038084
-0.2963647350823939
-0.36048337617874554
-0.3184984915244176
-0.3843990735030019
-0.3370979343715447
-0.3718206533072787
-0.3261876797421242
-0.24385458670764984
-0.4906593799079104
-0.598498510432609
-0.30705917814303546
-0.2727359262341627
-0.43422813174940855
-0.266524325922528
-0.3972733765924072
-1.3254052846606086
-0.3776839579893729
-0.3026150681599531
-0.2851694709381541
-0.40327932337038724
-0.33075436495427496
-0.3288956935746008
-0.1630474069875875
-0.40567084127878145
-0.2927204502736534
-0.2571911947481207
-0.2838780769646405
-0.21861512441665676
-0.2792592381493274
-0.5648362069983063
-0.19232357562853178
-0.17271089959914587
-0.3291450110948868
-0.2652784139950948
-0.20001303839348358
-0.5077316178658486
-0.42185750079044937
-0.3456075561677738
-0.2880687793175
-0.6571203891360884
-0.3014750476494815
-0.2548380862059286
-0.293891743723912
-0.3626980749498411
-0.23922212508820123
-0.3784240000026502
-0.3393914029285963
-0.28863260169111676
-0.29839261531207845
-0.3183664571809039
-0.3022536224634461
-0.2294408769098709
-0.39243229863159546
-0.30941833314209866
-0.2687631284981858
-0.19430882594017382
-0.5836147584901877
-0.5231325306247748
-0.25915599465223105
-0.3994757037350388
-0.3094583681840765
-0.2638676305489877
-0.28821710122690547
-0.29498321009424744
-0.2383406837049525
-0.34053051532821904
-0.2906113818371935
-0.3048101701020972
-0.513719435026352
-0.23799947061463184
-0.4423473348743545
-0.28017170528738583
-0.4944452498239116
-0.22565049600285067
-0.32926087767238216
-0.6266999800876809
-0.360782555805807
-0.3183543785243582
-0.3721008071887616
-0.24567224560176937
-0.3122683432158919
-0.4103998144225419
-0.41142703392159186
-0.26433153784366403
-0.33261100786165665
-0.27949893259291897
-0.3711263804640806
-0.3206312481606413
-0.2498127820587902
-0.39566524797152325
-0.3190580707643594
-0.4035421925901455
-0.3106938565350717
-0.4165041122269372
-0.24534570718105678
-0.38043827108681544
-0.3429109552404302
-0.2685014893785744
-0.4161710314708283
-0.4943251727089277
-0.210915155829502
-0.1828353399557146
-0.20948694234818854
-0.34149148293778897
-0.26890986667021105
-0.3230802306398511
-0.3390362716942036
-0.289922425889751
-0.2967921035786419
-0.35386864437040394
-0.3659348319009965
-0.3764970657148996
-0.30322223581825736
-0.2832230234117589
-0.20404691412019696
-0.3204440444191652
-0.4048337930674369
-0.5170744245336492
-0.2740900546306752
-0.4359289345534335
-0.3920539922473166
-0.3094755326101115
-0.44499535103836746
-0.3249940381499265
-0.23023494602800124
-0.320968280503985
-0.19526833603728597
-0.3789488533956711
-0.2317476232062258
-0.26947891024231485
-0.26107136957780996
-0.33605351183819326
-0.4665123861536758
-0.33350890041481307
-0.36803498996753203
-0.27719430299573733
-0.32672548091732384
-0.4022245905517304
-0.24337280781497206
-0.305076425478438
-0.36414488888585117
-0.2462005200378196
-0.33478518867068646
-0.2877594396430204
-0.36607938734342876
-0.3199231026357963
-0.2961679902401004
-0.23012649126683754
-0.18521408689191332
-0.24242171507900034
-0.25954721849275253
-0.22884395509005856
-0.5709568773768114
-0.48040441684927226
-0.3136207319561458
-0.3343309784648795
-0.3859895120804005
-0.5030322423863122
-0.2520718505119315
-0.29634892851078604
-0.4826845139285156
-0.3592300294976633
-0.4606978692365346
-0.37413046872924893
-0.4403567477830433
-0.3211854286496842
-0.3881442189072788
-0.3808061368289738
-0.4825589117461301
-0.3233850704761337
-0.2566990944249238
-0.22852834307820194
-0.2301143265958565
-0.3367318172781197
-0.3384099015060375
-0.2723754438190249
-0.25906815649656123
-0.2138891288378467
-0.45993579975201543
-0.2905811762884696
-0.3153590677590831
-0.33649596166709167
-0.27599742276630407
-0.22188902496602902
-0.36362892808520053
-0.3914298479389018
-0.36154748959415883
-0.31649294846912474
-0.248595333836301
-0.4228570932390181
-0.23943765438070505
-0.28295992612864357
-0.32220387720685534
-0.21463570422446582
-0.21712452356552547
-0.40832098143316314
-0.2563648654611855
-0.17058921329351684
-0.3856760464212902
-0.3369083524999672
-0.3842478786700244
-0.41830804500593255
-0.36838350476145365
-0.2614502948777838
-0.21971864130775726
-0.25977339442642156
-0.43212044914711756
-0.32053630144867373
-0.3557958364569719
-0.2982788899918041
-0.3134113967341261
-0.3538000690428625
-0.4498466081120601
-0.245976523139628
-0.35436618400995773
-0.5953449952524017
-0.3412350452854409
-0.31729302345121096
-0.30886354243325603