0.25287356321839083
0.35135135135135137
0.3387096774193548
0.7543859649122807
0.28169014084507044
0.3763440860215054
0.41333333333333333
0.7166666666666667
0.4266666666666667
0.48936170212765956
0.44155844155844154
0.323943661971831
0.34177215189873417
0.7857142857142857
0.4074074074074074
0.26136363636363635
0.3442622950819672
0.1346153846153846
0.4225352112676056
0.6222222222222222
0.4444444444444444
0.3333333333333333
0.33783783783783783
0.7377049180327869
0.3670886075949367
0.3582089552238806
0.7258064516129032
0.3170731707317073
0.45977011494252873
0.29333333333333333
0.4588235294117647
0.524390243902439
0.3974358974358974
0.29069767441860467
0.38961038961038963
0.2894736842105263
0.4375
0.3118279569892473
0.417910447761194
0.3559322033898305
0.42696629213483145
0.6825396825396826
0.3088235294117647
0.7301587301587301
0.4411764705882353
0.3974358974358974
0.24242424242424243
0.421875
0.3835616438356164
0.4024390243902439
0.3561643835616438
0.6376811594202898
0.2777777777777778
0.3380281690140845
0.29508196721311475
0.7049180327868853
0.26785714285714285
0.2962962962962963
0.2926829268292683
0.38571428571428573
0.3728813559322034
0.29577464788732394
0.3048780487804878
0.25
0.5641025641025641
0.696969696969697
0.6617647058823529
0.3170731707317073
0.6666666666666666
0.6341463414634146
0.345679012345679
0.3333333333333333
0.5205479452054794
0.7090909090909091
0.36363636363636365
0.28865979381443296
0.3492063492063492
0.4117647058823529
0.3875
0.6
0.5555555555555556
0.5370370370370371
0.2391304347826087
0.39215686274509803
0.2978723404255319
0.35789473684210527
0.3333333333333333
0.32142857142857145
0.19047619047619047
0.38095238095238093
0.42105263157894735
0.3875
0.5764705882352941
0.3466666666666667
0.2916666666666667
0.23376623376623376
0.671875
0.29310344827586204
0.35802469135802467
0.3918918918918919
0.5964912280701754
0.4189189189189189
0.35714285714285715
0.36231884057971014
0.2857142857142857
0.3150684931506849
0.5428571428571428
0.30434782608695654
0.25842696629213485
0.18823529411764706
0.19767441860465115
0.4
0.25
0.6206896551724138
0.325
0.3684210526315789
0.4588235294117647
0.4142857142857143
0.2948717948717949
0.24
0.25
0.3424657534246575
0.3488372093023256
0.2898550724637681
0.37209302325581395
0.36
0.38372093023255816
0.7166666666666667
0.7096774193548387
0.391304347826087
0.7719298245614035
0.358695652173913
0.36
0.3170731707317073
0.3898305084745763
0.5373134328358209
0.4155844155844156
0.6666666666666666
0.4142857142857143
0.4393939393939394
0.43010752688172044
0.2708333333333333
0.36082474226804123
0.6323529411764706
0.2
0.2978723404255319
0.3582089552238806
0.37142857142857144
0.4583333333333333
0.8
0.4065934065934066
0.3389830508474576
0.3793103448275862
0.3974358974358974
0.3380281690140845
0.2727272727272727
0.38333333333333336
0.4430379746835443
0.4788732394366197
0.37254901960784315
0.3275862068965517
0.37662337662337664
0.23529411764705882
0.2857142857142857
0.38666666666666666
0.7586206896551724
0.6029411764705882
0.3707865168539326
0.4588235294117647
0.3488372093023256
0.36363636363636365
0.25862068965517243
0.425
0.38461538461538464
0.3333333333333333
0.39759036144578314
0.22972972972972974
0.3037974683544304
0.5918367346938775
0.4044943820224719
0.4084507042253521
0.6271186440677966
0.47560975609756095
0.525
0.2647058823529412
0.40789473684210525
0.28735632183908044
0.3880597014925373
0.35802469135802467
0.36065573770491804
0.3333333333333333
0.27692307692307694
0.41379310344827586
0.8269230769230769
0.4125
0.3974358974358974
0.27848101265822783
0.41818181818181815
0.4024390243902439
0.26153846153846155
0.3484848484848485
0.2112676056338028
0.26804123711340205
0.33766233766233766
0.2923076923076923
0.3815789473684211
0.25675675675675674
0.35135135135135137
0.4782608695652174
0.3076923076923077
0.3711340206185567
0.2911392405063291
0.4714285714285714
0.2727272727272727
0.46835443037974683
0.6538461538461539
0.5692307692307692
0.3561643835616438
0.3150684931506849
0.3333333333333333
0.2826086956521739
0.28378378378378377
0.4
0.8627450980392157
0.3253012048192771
0.32954545454545453
0.2988505747126437
0.4634146341463415
0.390625
0.3655913978494624
0.44
0.38028169014084506
0.7313432835820896
0.46153846153846156
0.33766233766233766
0.31343283582089554
0.3333333333333333
0.28888888888888886
0.41935483870967744
0.45161290322580644
0.7413793103448276
0.6268656716417911
0.6935483870967742
0.43243243243243246
0.4520547945205479
0.5846153846153846
0.29850746268656714
0.38961038961038963
0.3466666666666667
0.58
0.7543859649122807
0.4
0.5316455696202531
0.38823529411764707
0.3188405797101449
0.524390243902439
0.4155844155844156
0.39705882352941174
0.44
0.4782608695652174
0.32926829268292684
0.2857142857142857
0.4875
0.3888888888888889
0.5915492957746479
0.3939393939393939
0.3711340206185567
0.390625
0.27631578947368424
0.4827586206896552
0.3181818181818182
0.45454545454545453
0.3283582089552239
0.375
0.3055555555555556
0.3333333333333333
0.2727272727272727
0.2222222222222222
0.3770491803278688
0.3125
0.38095238095238093
0.3561643835616438
0.32098765432098764
0.29292929292929293
0.2876712328767123
0.24731182795698925
0.3163265306122449
0.4126984126984127
0.39361702127659576
0.31958762886597936
0.3333333333333333
0.3
0.6231884057971014
0.32142857142857145
0.25773195876288657
0.7796610169491526
0.4507042253521127
0.39622641509433965
0.8076923076923077
0.34328358208955223
0.4177215189873418
0.38372093023255816
0.5576923076923077
0.4931506849315068
0.6825396825396826
0.2619047619047619
0.453125
0.25333333333333335
0.4
0.325
0.4918032786885246
0.38235294117647056
0.4074074074074074
0.2391304347826087
0.30985915492957744
0.43548387096774194
0.425
0.3880597014925373
0.3875
0.358974358974359
0.28421052631578947
0.373134328358209
0.6521739130434783
0.275
0.2727272727272727
0.3902439024390244
0.27956989247311825
0.7777777777777778
0.3620689655172414
0.28
0.358974358974359
0.7543859649122807
0.3170731707317073
0.5131578947368421
0.3411764705882353
0.4722222222222222
0.4852941176470588
0.3058823529411765
0.3055555555555556
0.9824561403508771
0.26436781609195403
0.52
0.3728813559322034
0.39285714285714285
0.35526315789473684
0.4470588235294118
0.21100917431192662
0.711864406779661
0.3291139240506329
0.6290322580645161
0.41379310344827586
0.4823529411764706
0.22077922077922077
0.375
0.3493975903614458
0.43243243243243246
0.30952380952380953
0.23529411764705882
0.5714285714285714
0.2608695652173913
0.27848101265822783
0.2833333333333333
0.24444444444444444
0.3013698630136986
0.30851063829787234
0.4225352112676056
0.7230769230769231
0.3050847457627119
0.47619047619047616
0.5211267605633803
0.25
0.38461538461538464
0.38636363636363635
0.8148148148148148
0.734375
0.2875
0.4745762711864407
0.3707865168539326
0.35
0.42105263157894735
0.5166666666666667
0.4936708860759494
0.27722772277227725
0.33766233766233766
0.9411764705882353
0.48
0.5882352941176471
0.6379310344827587
0.3902439024390244
0.3709677419354839
0.4262295081967213
0.2875
0.2839506172839506
0.425
0.3333333333333333
0.3404255319148936
0.3559322033898305
0.703125
0.21818181818181817
0.3389830508474576
0.26666666666666666
0.7049180327868853
0.2982456140350877
0.27956989247311825
0.43243243243243246
0.3424657534246575
0.38028169014084506
0.6507936507936508
0.35
0.421875
0.4024390243902439
0.375
0.36585365853658536
0.4583333333333333
0.25396825396825395
0.2602739726027397
0.4520547945205479
0.3977272727272727
0.35555555555555557
0.22077922077922077
0.43636363636363634
0.26666666666666666
0.3684210526315789
0.49295774647887325
0.2777777777777778
0.2982456140350877
0.3561643835616438
0.2112676056338028
0.7924528301886793
0.32051282051282054
0.43636363636363634
0.5432098765432098
0.47368421052631576
0.33783783783783783
0.43243243243243246
0.3058823529411765
0.4473684210526316
0.4444444444444444
0.49206349206349204
0.35135135135135137
0.3076923076923077
0.3380281690140845
0.2571428571428571
0.48717948717948717
0.328125
0.3888888888888889
0.37333333333333335
0.32857142857142857
0.6721311475409836
0.5411764705882353
0.3424657534246575
0.4875
0.4626865671641791
0.421875
0.3541666666666667
0.5576923076923077
0.39325842696629215
0.32926829268292684
0.6323529411764706
0.449438202247191
0.4307692307692308
0.3626373626373626
0.6440677966101694
0.23863636363636365
0.3780487804878049
0.25555555555555554
0.3582089552238806
0.35294117647058826
0.34210526315789475
0.43243243243243246
0.47692307692307695
0.3968253968253968
0.3424657534246575
0.6825396825396826
0.3375
0.26881720430107525
0.4246575342465753
0.4318181818181818
0.3246753246753247
0.27956989247311825
0.35
0.45348837209302323
0.26136363636363635
0.8113207547169812
0.25842696629213485
0.42105263157894735
0.28125
0.47560975609756095
0.3918918918918919
0.3977272727272727
0.6197183098591549
0.5256410256410257
0.390625
0.4583333333333333
0.38461538461538464
0.2876712328767123
0.28125
0.625
0.46236559139784944
0.39622641509433965
0.46875
0.27631578947368424
0.21666666666666667
0.29411764705882354
0.5921052631578947
0.5208333333333334
0.52
0.6119402985074627
0.42105263157894735
0.36363636363636365
0.4
0.2786885245901639
0.6825396825396826
0.6949152542372882
0.31343283582089554
0.4461538461538462
0.25
0.34375
0.29411764705882354
0.5303030303030303
0.38461538461538464
0.5797101449275363
0.28378378378378377
0.4235294117647059
0.3181818181818182
0.4189189189189189
0.2631578947368421
0.25333333333333335
0.3977272727272727
0.25757575757575757
0.5753424657534246
0.3559322033898305
0.38095238095238093
0.3048780487804878
0.3493975903614458
0.4024390243902439
0.26229508196721313
0.4939759036144578
0.37681159420289856
0.3698630136986301
0.29310344827586204
0.2549019607843137
0.7142857142857143
0.49230769230769234
0.3235294117647059
0.4383561643835616
0.45054945054945056
0.375
0.47126436781609193
0.5064935064935064
0.47761194029850745
0.3950617283950617
0.29508196721311475
0.3684210526315789
0.2604166666666667
0.4675324675324675
0.4
0.38271604938271603
0.5555555555555556
0.5147058823529411
0.36231884057971014
0.3372093023255814
0.3875
0.44285714285714284
0.6444444444444445
0.7368421052631579
0.24242424242424243
0.3387096774193548
0.4691358024691358
0.35714285714285715
0.39473684210526316
0.3626373626373626
0.3670886075949367
0.421875
0.4625
0.3150684931506849
0.25757575757575757
0.35135135135135137
0.25
0.35714285714285715
0.5857142857142857
0.4367816091954023
0.5625
0.5084745762711864
0.39325842696629215
0.7692307692307693
0.4745762711864407
0.7014925373134329
0.2828282828282828
0.5168539325842697
0.86
0.5094339622641509
0.39705882352941174
0.26666666666666666
0.9347826086956522
0.75
0.43661971830985913
0.34210526315789475
0.2717391304347826
0.3870967741935484
0.421875
0.3780487804878049
0.6417910447761194
0.390625
0.31746031746031744
0.44
0.2638888888888889
0.325
0.4307692307692308
0.28125
0.4246575342465753
0.3472222222222222
0.475
0.34065934065934067
0.5256410256410257
0.6818181818181818
0.6078431372549019
0.4528301886792453
0.8867924528301887
0.42696629213483145
0.2631578947368421
0.45569620253164556
0.9574468085106383
0.5970149253731343
0.2777777777777778
0.4647887323943662
0.4025974025974026
0.47692307692307695
0.7962962962962963
0.5949367088607594
0.31
0.2717391304347826
0.27472527472527475
0.4305555555555556
0.38666666666666666
0.4050632911392405
0.29333333333333333
0.22535211267605634
0.2708333333333333
0.34146341463414637
0.5061728395061729
0.3076923076923077
0.5147058823529411
0.38181818181818183
0.4936708860759494
0.32926829268292684
0.7457627118644068
0.5
0.2826086956521739
0.44776119402985076
0.2872340425531915
0.5609756097560976
0.5666666666666667
0.3709677419354839
0.27472527472527475
0.3010752688172043
0.2804878048780488
0.48148148148148145
0.3283582089552239
0.6825396825396826
0.2631578947368421
0.3108108108108108
0.3924050632911392
0.7096774193548387
0.6875
0.5
0.4461538461538462
0.6307692307692307
0.2777777777777778
0.32894736842105265
0.4
0.3333333333333333
0.7678571428571429
0.2597402597402597
0.32786885245901637
0.2692307692307692
0.1346153846153846
0.546875
0.3333333333333333
0.43333333333333335
0.71875
0.6825396825396826
0.35384615384615387
0.5972222222222222
0.46153846153846156
0.6825396825396826
0.3448275862068966
0.6271186440677966
0.3026315789473684
0.3387096774193548
0.34545454545454546
0.3466666666666667
0.75
0.484375
0.29
0.323943661971831
0.65
0.32941176470588235
0.3684210526315789
0.3870967741935484
0.5125
0.44642857142857145
0.24
0.4722222222222222
0.40963855421686746
0.3333333333333333
0.875
0.36231884057971014
0.36065573770491804
0.34408602150537637
0.7758620689655172
0.3235294117647059
0.631578947368421
0.4691358024691358
0.3157894736842105
0.5263157894736842
0.43023255813953487
0.5
0.25
0.4
0.5054945054945055
0.359375
0.3246753246753247
0.375
0.37681159420289856
0.5882352941176471
0.3
0.43548387096774194
0.6231884057971014
0.3114754098360656
0.46153846153846156
0.3333333333333333
0.2361111111111111
0.3188405797101449
0.589041095890411
0.7636363636363637
0.4065934065934066
0.36231884057971014
0.3013698630136986
0.7049180327868853
0.38181818181818183
0.46551724137931033
0.6615384615384615
0.3103448275862069
0.5692307692307692
0.35443037974683544
0.5797101449275363
0.3116883116883117
0.49382716049382713
0.3181818181818182
0.5138888888888888
0.5972222222222222
0.4027777777777778
0.3620689655172414
0.2647058823529412
0.5625
0.4084507042253521
0.391304347826087
0.29896907216494845
0.3626373626373626
0.4264705882352941
0.41333333333333333
0.3561643835616438
0.5205479452054794
0.2236842105263158
0.3561643835616438
0.7543859649122807
0.7424242424242424
0.4
0.8181818181818182
0.3088235294117647
0.3431372549019608
0.3442622950819672
0.9148936170212766
0.7413793103448276
0.4594594594594595
0.4025974025974026
0.3442622950819672
0.37037037037037035
0.44
0.4827586206896552
0.7258064516129032
0.2911392405063291
0.39622641509433965
0.33783783783783783
0.27419354838709675
0.4426229508196721
0.352112676056338
0.3235294117647059
0.3026315789473684
0.4430379746835443
0.6612903225806451
0.2235294117647059
0.375
0.273972602739726
0.4074074074074074
0.44594594594594594
0.3645833333333333
0.3559322033898305
0.4153846153846154
0.2857142857142857
0.3979591836734694
0.4266666666666667
0.3225806451612903
0.21818181818181817
0.7090909090909091
0.39705882352941174
0.5223880597014925
0.7777777777777778
0.8301886792452831
0.7049180327868853
0.390625
0.7049180327868853
0.6172839506172839
0.42696629213483145
0.3384615384615385
0.4794520547945205
0.38271604938271603
0.38181818181818183
0.6376811594202898
0.3225806451612903
0.34210526315789475
0.23711340206185566
0.2987012987012987
0.56
0.46875
0.288135593220339
0.3793103448275862
0.2702702702702703
0.25510204081632654
0.38095238095238093