324.40200000000004
536.0750000000003
374.50600000000014
323.73199999999997
431.5140000000001
386.43300000000005
365.3890000000001
260.289
276.29200000000003
395.4840000000001
236.2899999999999
523.5290000000002
245.16000000000003
358.4230000000001
416.4770000000001
444.02500000000015
352.1770000000001
381.4790000000001
368.4580000000001
415.4930000000001
421.9970000000001
272.739
475.4760000000003
456.31400000000025
380.5360000000002
476.47000000000037
276.3359999999999
306.39099999999996
347.34000000000003
526.4530000000002
268.342
456.49500000000023
336.3910000000001
337.4480000000001
408.4580000000003
324.4650000000001
456.0080000000003
254.28900000000002
311.341
517.6340000000002
303.446
320.39200000000005
419.53200000000027
462.4320000000002
294.788
281.82700000000006
494.5800000000002
451.90900000000016
295.42599999999993
383.40400000000017
488.5250000000002
275.73900000000003
291.307
354.57900000000006
364.4050000000001
371.4400000000001
398.4840000000001
247.29399999999998
417.581
393.39500000000004
414.89300000000014
302.355
216.28
376.48200000000014
388.42000000000013
195.218
407.9230000000001
285.32099999999997
258.32500000000005
328.79900000000004
299.355
344.39200000000005
383.38200000000006
323.4440000000001
415.5110000000001
439.53700000000015
280.331
339.42
388.4450000000001
329.42500000000007
379.46000000000015
374.4370000000001
569.1260000000002
474.4730000000002
546.7780000000004
258.28499999999997
347.37100000000004
297.38700000000006
418.5340000000003
353.4440000000002
394.5440000000002
435.4450000000003
488.58800000000036
420.60400000000027
460.60000000000036
311.38100000000003
284.31500000000005
344.43600000000004
223.25300000000001
287.38500000000005
496.5680000000002
375.22799999999995
327.4090000000001
356.3260000000001
350.42200000000014
242.68700000000004
421.47500000000014
425.58300000000025
441.5970000000002
272.30400000000003
403.4600000000001
336.4420000000001
399.47600000000017
261.325
406.5580000000002
368.43700000000007
267.19699999999995
380.5130000000001
282.29900000000004
572.7280000000005
431.53600000000034
354.41300000000007
277.121
219.19600000000003
381.4980000000002
385.8990000000001
396.403
304.777
353.33800000000014
301.39300000000003
283.322
354.4060000000002
354.38700000000006
356.834
330.409
316.284
358.398
268.14300000000003
436.4890000000002
343.766
297.745
330.2960000000001
273.28799999999995
364.3740000000001
314.36600000000004
399.39400000000023
388.4010000000001
476.9390000000003
417.9180000000001
336.46100000000007
304.84600000000006
418.4150000000002
328.00300000000004
293.37
369.4210000000001
494.5440000000002
331.43700000000007
488.6580000000003
348.4720000000002
296.33000000000004
318.41700000000014
488.65400000000045
387.21100000000007
233.31099999999995
346.86200000000014
278.78300000000013
459.4980000000003
348.358
356.0360000000001
498.5830000000003
415.9900000000001
288.37600000000003
269.22999999999996
420.4650000000002
399.47200000000015
349.4750000000001
402.8420000000001
393.4870000000001
372.29200000000003
509.45200000000017
372.3770000000002
360.8660000000001
304.41100000000006
380.4920000000003
303.19200000000006
255.252
306.3
474.5610000000003
351.33600000000007
415.54000000000025
279.72700000000003
279.344
369.218
283.396
398.81200000000007
447.7200000000001
305.33299999999997
429.8670000000002
428.52900000000017
379.2350000000002
355.35400000000004
389.4520000000003
430.3020000000002
384.52400000000034
378.4530000000002
371.4870000000001
429.54900000000015
351.4500000000001
385.4680000000001
402.31400000000014
460.0240000000001
340.3350000000001
440.9790000000002
304.321
429.52100000000024
472.51700000000034
342.44300000000015
330.306
442.49300000000017
293.41
414.48700000000014
383.5170000000002
381.39200000000005
262.74
385.48900000000026
353.44100000000014
432.52400000000034
435.5530000000003
421.67800000000005
392.79900000000015
393.4910000000001
393.50900000000024
364.82200000000006
359.40700000000027
381.3930000000001
352.3900000000001
467.5980000000002
352.3710000000001
440.49600000000027
267.28799999999995
426.5230000000001
453.3110000000001
319.382
371.16200000000003
418.8810000000002
389.4480000000001
272.284
363.4390000000002
394.44900000000007
484.5340000000002
407.5360000000003
445.36100000000016
448.42600000000016
362.451
487.5970000000003
228.25500000000002
460.6000000000004
339.4390000000001
349.412
405.8340000000002
314.7320000000001
383.4220000000001
364.4450000000001
416.9050000000001
465.4810000000002
464.5840000000003
257.264
360.3910000000002
296.41100000000006
314.40700000000004
379.45300000000015
342.75400000000013
327.4490000000001
401.8750000000001
317.388
441.55300000000017
374.4290000000001
449.5760000000002
250.31799999999993
389.24900000000014
295.338
421.95400000000006
375.49800000000005
369.85600000000005
304.393
357.38100000000003
415.55900000000014
326.4180000000001
403.90600000000006
377.4650000000001
402.49400000000014
431.6210000000004
383.78700000000015
445.93200000000024
429.5420000000002
405.76000000000005
263.34899999999993
512.4260000000002
406.3940000000001
324.40900000000005
482.5800000000002
382.5330000000002
345.4140000000002
497.7410000000002
491.61300000000017
277.4079999999999
414.2880000000001
365.4580000000001
362.38500000000005
246.31
389.33800000000014
295.37100000000004
315.332
380.4770000000001
391.43100000000004
321.38000000000005
453.9700000000001
384.8480000000001
402.4760000000001
287.35600000000005
498.44300000000015
274.36700000000013
403.3910000000001
431.5140000000002
270.33200000000005
371.3890000000001
305.4030000000001
322.38600000000014
246.69699999999997
206.27000000000004
467.59100000000035
319.4050000000001
310.4410000000001
397.4750000000003
328.42199999999997
332.4110000000001
341.32700000000006
419.355
318.33600000000007
276.29200000000003
337.18100000000004
461.5840000000001
450.5350000000003
255.42699999999996
247.29099999999997
298.7729999999999
326.7800000000001
425.4880000000001
319.43399999999997
332.42500000000007
320.8050000000001
453.55700000000013
230.242
475.52300000000025
199.27800000000002
314.42900000000003
381.4570000000001
382.8760000000001
297.745
295.368
253.77299999999997
360.45700000000016
488.99700000000024
403.9790000000001
399.27700000000016
308.4030000000001
316.361
270.267
226.16299999999998
488.97100000000034
347.70500000000004
297.3539999999999
305.72100000000006
365.4510000000001
498.39500000000015
232.23899999999995
430.4820000000003
311.38500000000005
389.20900000000006
479.3200000000004
281.315
451.50100000000015
489.9810000000004
304.38900000000007
315.657
369.67599999999993
317.3450000000001
480.5460000000003
351.41300000000007
323.3960000000001
374.50600000000003
323.35200000000003
464.50300000000016
260.3809999999999
321.3180000000001
346.427
216.166
343.4080000000001
392.48000000000013
441.5320000000003
341.802
306.38700000000006
295.382
401.8970000000003
370.47400000000016
379.8030000000001
372.42100000000016
383.37900000000013
369.42100000000016
270.115
384.48300000000006
483.38400000000024
386.42900000000014
385.4670000000001
498.6490000000003
455.25400000000013
448.5040000000002
345.39500000000004
356.3590000000001
319.361
285.72700000000003
216.26899999999998
460.53700000000026
497.57000000000016
263.68399999999997
506.4510000000001
372.42400000000004
380.51300000000026
337.22800000000024
325.36400000000003
324.384
304.3750000000001
345.302
387.5930000000002
386.51700000000017
356.76500000000004
343.33500000000004
424.48200000000026
429.5420000000002
395.5030000000001
309.325
486.2380000000001
336.3910000000001
294.43
362.45400000000006
296.798
299.765
514.9660000000002
344.392
372.49
369.39600000000013
238.29
273.2629999999999
323.39500000000004
379.4380000000001
300.3620000000001
499.54500000000024
315.4170000000001
295.3450000000001
340.3820000000001
425.87200000000007
492.4090000000002
319.71399999999994
420.9620000000002
338.3630000000001
271.3639999999999
523.85
457.5920000000004
488.59200000000027
286.287
369.4210000000002
425.5250000000003
404.44400000000013
299.3740000000001
340.836
461.6090000000002
466.4600000000002
444.5200000000002
430.4760000000001
453.9440000000001
459.5240000000003
244.24999999999994
444.58200000000016
332.78700000000003
300.4710000000001
512.5520000000002
474.5650000000002
198.29099999999997
330.84
421.4780000000001
369.4870000000001
460.51500000000016
236.3
355.173
360.4350000000001
274.36400000000003
249.09300000000002
408.4320000000002
308.79
478.2900000000002
201.25100000000003
416.5250000000002
226.32
465.47500000000014
304.77700000000004
504.63200000000035
409.4170000000002
298.342
398.4220000000001
345.39900000000006
446.55400000000014
376.3240000000001
309.73400000000004
437.5430000000001
342.37000000000006
475.56700000000023
224.329
300.22099999999995
441.4780000000002
416.4810000000002
212.24799999999996
455.5000000000003
338.7550000000001
482.6280000000003
287.70300000000003
334.354
375.83700000000005
432.5490000000001
198.226
455.3780000000001
222.28800000000004
410.5360000000003
341.46100000000007
361.261
451.54500000000036
364.32300000000004
495.21500000000015
473.5580000000002
354.15999999999997
472.58500000000026
261.34999999999997
245.30700000000002
425.51800000000026
350.4180000000001
327.36600000000004
406.414
453.91100000000023
353.33800000000014
459.5270000000002
333.77100000000013
261.288
325.40800000000013
265.316
446.5250000000002
408.50400000000013
475.93200000000024
314.21999999999997
411.7670000000001
334.37600000000015
330.2360000000001
312.37200000000007
223.23100000000002
510.4170000000003
230.22299999999998
356.44700000000006
427.76200000000017
400.4340000000001
379.40299999999996
441.55000000000007
517.6670000000003
405.42900000000014
211.353
316.27900000000005
556.4350000000002
423.5340000000003
447.5380000000003
276.25600000000003
318.4020000000001
493.43100000000044
428.53200000000015
364.46700000000016
201.229
477.3990000000002
481.6370000000003
412.5110000000003
328.799
252.27300000000002
419.51000000000016
358.7890000000002
371.31500000000005
494.54800000000023
291.2710000000001
413.5220000000002
342.4870000000002
319.426
329.45000000000005
320.37
353.4440000000002
442.52400000000017
443.5510000000002
391.49700000000007
443.28300000000024
412.2980000000002
446.5070000000002
352.3500000000001
309.84299999999996
301.456
368.39200000000005
369.4860000000002
336.4460000000001
214.29300000000003
174.20700000000002
346.43700000000007
283.32700000000006
453.4510000000003
368.3720000000001
275.7789999999999
436.9430000000002
379.46000000000015
348.3190000000001
371.3490000000001
334.40400000000005
343.35800000000006
247.25
348.39000000000004
319.34200000000004
324.38000000000005
495.38000000000017
324.38000000000005
476.57600000000025
399.47200000000015
381.84100000000024
337.3450000000001
282.73400000000004
439.4630000000001
441.5050000000002
366.42100000000005
330.3840000000002
493.5200000000002
374.3740000000002
339.3510000000001
224.32899999999995
507.87400000000014
394.28300000000013
555.0600000000002
378.49400000000014
364.4050000000001
375.42900000000026
392.8860000000001
435.56800000000015
476.89800000000014
297.749
542.4810000000001
365.3930000000001
343.42
378.18200000000013
340.46700000000016
252.726
339.442
254.67299999999997
422.5540000000001
285.30300000000005
460.6250000000002
387.50500000000005
366.288
419.50300000000004
293.33000000000004
461.5350000000001
471.5570000000002
532.7250000000003
342.826
276.31700000000006
356.4300000000001
362.34100000000007
526.4530000000002
214.224
406.8760000000001
377.4000000000001
386.398
380.3660000000001
367.4010000000001
476.94500000000033
324.4710000000002
280.125
240.715
420.51300000000015
419.90900000000016
382.42400000000015
351.3880000000001
354.765
478.5010000000002
382.51400000000007
488.3490000000003
403.47900000000004
450.49100000000016
379.5510000000003
438.47400000000016
264.20599999999996
200.19700000000003
450.56000000000023
345.7900000000001
428.4700000000002
298.557
387.41700000000014
325.773
434.5180000000002
298.3860000000001
259.284
437.4470000000002
342.31500000000017
235.37099999999995
375.4530000000001
370.4270000000002
300.4020000000001
441.35500000000013
351.40600000000006
482.94200000000023
407.38800000000015
357.20700000000005
441.48700000000014
368.79400000000015
487.55300000000034
362.81300000000016
526.7850000000003
461.5250000000002
203.28199999999993
416.54700000000025
425.3200000000001
379.23900000000003
384.35400000000016
267.672
368.4840000000001
478.6140000000002
435.2990000000001
473.9860000000002
407.4480000000002
406.52900000000034
308.366
264.74100000000004
237.32800000000003
425.4040000000001
350.41800000000006
229.07000000000005
415.55900000000014
303.43100000000004
298.3419999999999
286.419
405.4980000000002
371.4180000000002
578.757
381.39500000000004
311.168
496.40800000000024
370.361
494.63600000000054
337.42700000000013
378.8059999999999
181.23499999999996
392.362
446.5880000000002
341.40700000000015
460.53400000000016
431.5610000000004
267.35400000000004
298.34600000000006
403.61400000000026
468.5530000000002
247.301
405.4720000000001
209.17599999999996
294.35400000000004
327.40900000000005
239.32200000000003
421.4940000000002
271.4039999999999
397.47500000000025
279.752
303.387
292.40400000000005
336.43600000000004
342.3550000000001
205.217
405.47300000000007
406.8910000000002
262.353
453.5030000000002
439.53700000000026
487.6470000000003
517.5860000000004
243.33500000000006
427.50400000000013
326.3040000000001
289.122
226.30099999999996
325.41200000000003
449.261
381.4320000000001
425.5540000000001
221.29999999999995
333.387
271.75100000000003
358.4630000000001
360.4540000000002
493.6320000000003
499.5450000000002
267.33599999999996
390.48600000000016
287.3620000000001
298.367
384.82300000000015
454.4830000000002
414.48100000000017
365.43300000000005
310.78100000000006
247.31899999999996
221.281
298.258
308.41
352.47800000000007
358.18100000000015
437.52500000000015
457.5520000000002
324.38
509.8970000000004
425.46000000000004
263.326
428.396
347.4400000000002
315.37300000000005
404.86900000000026
518.7050000000004
300.35800000000006
372.4760000000001
387.5050000000001
461.5090000000001
266.261
428.8940000000002
325.34700000000004
493.41600000000045
317.772
301.411
459.54900000000015
499.68000000000035
381.4320000000002
396.49400000000026
428.96300000000014
418.90900000000016
378.4240000000002
443.50300000000027
413.4400000000002
321.288
529.5660000000001
392.5000000000001
413.4360000000001
484.5120000000002
338.473
459.5240000000002
460.3680000000002
452.51500000000027
492.4880000000002
299.265
197.18999999999997
391.92400000000015
367.37700000000007
242.303
305.33400000000006
310.74
370.5180000000001
250.257
496.59200000000016
398.55100000000016
397.4310000000001
338.8340000000001
191.27799999999993
301.27700000000004
262.33399999999995
436.51100000000014
403.5480000000003
416.6110000000001
283.283
454.54800000000034
384.867
358.41500000000013
278.337
397.5440000000002
328.481
281.155
294.4380000000001
489.53100000000023
374.4180000000002
496.5490000000002
281.355
301.37100000000004
362.85700000000026
344.4070000000001
404.4910000000001
460.58100000000024
318.4020000000001
519.6010000000002
305.2460000000001
490.6480000000003
419.5060000000002
335.7910000000002
352.478
388.50800000000027
249.31300000000002
417.46200000000016
359.99400000000014
362.8860000000002
347.85200000000003
449.48500000000007
391.8800000000003
359.3850000000001
302.355
454.8950000000001
263.68
368.38500000000005
310.3970000000001
375.475
317.41799999999995
431.49200000000025
236.227
359.40100000000007
308.293
184.279
407.85700000000014
376.909
419.4880000000001
269.728
271.25399999999996
448.51900000000023
340.445
318.417
357.45000000000016
530.6250000000003
309.40900000000005
417.50200000000024
419.5260000000003
378.36200000000014
421.8840000000001
412.5110000000002
419.8940000000002
249.269
478.4170000000002
416.35900000000004
221.26000000000002
336.4170000000001
462.5240000000002
328.44500000000016
480.5840000000003
403.52300000000025
321.295
295.335
408.4720000000001
487.6230000000002
282.43800000000005
282.317
587.6590000000001
428.28600000000006
297.2890000000001
258.365
367.367
538.6700000000004
429.5310000000001
296.128
353.4250000000001
256.26500000000004
428.5350000000001
379.4610000000001
190.15799999999993
294.30600000000004
370.40900000000005
266.3910000000001
404.5360000000001
271.276
189.21400000000003
252.31699999999998
454.5260000000003
328.3240000000002
360.4140000000001
395.48400000000004
423.4180000000002
346.77400000000006
236.27799999999996
372.49400000000014
307.39300000000014
294.236
447.44400000000013
385.47100000000023
431.5100000000001
369.42400000000004
422.46000000000015
270.29599999999994
499.04000000000025
275.735
426.44800000000015
297.358
386.45200000000006
324.40900000000005
292.36300000000006
367.40500000000014
278.37699999999995
486.5690000000003
266.127
293.77900000000005
427.57000000000016
520.0290000000003
444.53200000000015
473.95700000000033
312.442
271.345
366.3690000000001
499.64000000000027
218.28500000000003
316.401
279.347
429.92900000000026
295.3640000000001
321.72
362.769
432.5960000000001
329.2530000000001
472.56700000000023
481.5960000000003
368.3920000000001
368.3410000000001
469.67000000000047
228.251
307.44
369.4610000000002
390.8920000000002
411.54600000000016
383.48800000000017
435.5240000000003
395.5030000000002
311.38100000000003
429.4980000000001
400.34700000000015
515.0340000000002
409.4860000000003
379.57400000000007
418.4320000000001
341.43
303.314
489.5280000000003
399.30200000000013
253.21399999999994
439.55900000000014
350.34600000000006
234.68599999999998
450.5240000000001
319.34600000000006
364.401
278.69500000000005
369.44600000000014
409.5340000000002
273.313
354.3810000000001
355.3970000000001
272.329
408.545
378.4530000000001
251.28199999999998
311.37800000000004
524.6400000000003
459.65900000000016
394.58100000000024
437.4240000000001
382.4820000000002
410.4780000000003
273.33200000000005
450.92200000000014
410.47400000000016
513.6420000000003
247.25
262.334
333.3910000000001
373.43200000000013
372.4460000000002
354.53800000000007
327.1890000000001
423.4910000000001
440.9310000000004
379.36300000000006
425.89000000000027
338.41100000000006
319.38199999999995
441.50700000000023
428.53300000000013
289.375
325.43000000000006
378.5160000000003
329.581
395.8460000000002
371.9340000000001
430.5300000000002
350.8270000000001
362.41500000000013
484.56300000000033
368.48400000000004
388.4230000000001
360.37700000000007
369.49000000000024
481.61800000000034
358.81000000000006
430.53600000000006
485.65000000000026
391.22100000000006
310.39700000000016
375.4530000000001
394.4960000000001
309.749
379.8290000000001
470.5700000000004
322.41100000000006
440.55000000000024
346.50200000000007
318.3730000000001
248.71300000000002
314.34800000000007
394.3800000000001
380.44400000000013
391.3090000000001
296.39500000000004
408.57100000000037
305.399
372.49700000000007
358.7850000000001
471.0250000000002
371.5310000000002
410.4340000000002
471.6230000000002
415.51500000000027
478.5740000000002
491.5000000000002
381.4570000000001
429.49900000000014
286.291
323.7610000000001
476.6060000000002
409.19200000000006
273.38300000000004
438.5490000000001
391.4450000000002
446.5100000000001
295.291
369.42500000000007
409.57700000000017
426.4690000000003
494.61700000000036
301.4150000000002
449.5290000000004
464.54700000000037
270.329
446.95600000000024
292.284
394.46000000000026
458.51400000000024
382.46000000000015
352.39000000000004
411.5090000000001
384.4130000000001
467.5510000000004
418.99300000000017
276.163
350.46300000000025
253.714
459.3800000000001
303.377
339.35100000000017
390.4170000000001
400.8180000000001
229.239
371.44100000000003
468.5290000000002
337.81000000000006
269.077
282.278
345.3550000000001
430.50100000000026
427.3800000000001
389.4330000000001
338.314
426.66500000000025
517.6340000000004
383.5170000000001
314.3910000000001
376.434
324.38400000000007
339.847
409.5110000000002
489.4750000000001
416.4340000000002
236.65800000000002
395.50300000000027
410.5870000000002
377.22400000000005
297.398
463.53000000000037
523.6120000000003
331.22800000000007
246.265
338.36300000000006
288.34700000000004
286.287
380.49100000000027
275.101
342.3209999999999
304.37100000000004
392.4840000000001
396.3990000000001
258.3169999999999
328.39
303.159
416.5250000000002
467.99400000000014
530.5780000000002
307.353
339.288
291.30600000000004
391.4710000000002
278.31100000000004
383.1980000000001
330.34400000000016
454.6550000000004
373.2060000000001
329.444
341.3310000000001
438.45900000000023
475.61000000000024
423.5130000000001
413.4740000000001
382.41600000000017
343.4710000000003
373.4970000000002
372.4750000000001
317.2720000000001
353.37900000000025
519.6420000000003
428.2460000000001
238.23200000000003
401.4180000000001
417.4870000000002
369.42100000000005
397.41800000000006
418.5150000000003
285.229
474.3950000000002
467.6160000000001
338.4070000000001
504.05200000000025
351.4020000000001
357.88500000000016
325.434
353.3550000000001
414.4570000000002
530.5620000000002
378.2220000000002
294.3140000000001
309.82200000000006
349.184
352.50000000000017
415.35600000000017
392.4520000000002
284.384
224.30399999999997
341.3710000000001
384.48000000000013
356.4910000000001
384.4830000000001
292.3380000000001
312.344
246.33499999999995
316.2960000000001
376.47800000000007
427.5450000000002
427.54100000000017
491.65700000000027
433.45700000000016
337.33500000000004