3.4181892912526903
2.6571320384978296
3.1797362579528397
2.5828970208112683
2.1821537030678613
2.090664018518183
2.1486188612463053
1.932230075599989
3.418579071157124
2.588796085667491
1.5540694075862387
3.2196481611518912
2.414925043379018
3.177870026159547
3.758224725065073
2.429369049100961
2.2822209564057854
3.27107224583425
3.585143531510278
2.0726328306551203
2.8633207396933305
2.98135549775302
2.312226020138908
2.156744787748954
3.6058309472893724
2.485274588808627
1.655665592962288
2.6254230929160656
2.0152941397519406
3.7131640380808077
2.5316494685451065
3.501824839746347
1.9156076825471722
2.179926430363645
2.480073333437492
3.0732559158723873
3.1593930511247166
4.457255215335611
2.402051860885921
2.51003540615816
2.675953034937555
2.470416061908571
2.295061967739585
3.2914765897256517
1.9487254851635107
2.217387996778955
2.616107072122004
2.527723737705813
1.6802499306133285
2.304722442423131
2.275584435980493
1.7687284307040052
3.077989019565316
2.2845937479886995
2.0793181696302305
2.9070827309666374
2.247981254497132
2.369818976287773
2.3493199678320273
2.525249178724181
2.313424609934076
2.108005537203921
2.73268231549846
2.227944768704967
2.504754553209672
2.5142036150314553
1.9888218659339252
2.3948115209750807
2.2625284307040054
1.870268056997503
2.6122014202292085
1.9190027340599496
2.325203487296813
2.282601129781874
3.332294351133065
2.7708099575456284
1.9583120819706306
2.0677271183712893
2.598443186603534
1.857448164582225
2.2719648961719123
4.0426476991421705
3.051056906735095
2.363470922424538
2.7726972094903726
2.5562326713351684
2.721506689389015
2.0728363064346915
2.014869236718223
2.1360579788151934
2.1197404454967703
2.630046305901425
2.9916952812041693
3.1590844617358673
2.3187648193190125
2.237816696050757
2.317497844896229
2.071337328876897
2.2490287231995207
3.014464629828492
3.1136646861562394
2.4961995869717875
2.59584592081627
3.2119866017746554
3.374019098844558
2.0975880638588613
2.058429024085328
2.9834786577849624
3.092624811657034
2.0591910990351625
2.3367809174437273
3.1662093607984225
3.3181140343854407
1.8531920494751706
2.4777587202328917
2.4460218659339255
2.408449272145761
1.866758289004526
2.117734389662939
3.52555395264498
2.7012767043570527
1.8599684155868026
2.4169581743449875
2.2231802935301506
2.1248506952848665
2.403208802074708
4.430808072939999
1.9964094613708934
2.8997070447850515
2.254428687000983
2.2684163488282785
1.9314244944586658
1.8232577367183556
1.7270294595084135
1.8752803646898109
2.45426522151557
1.9947281592535653
2.0054040613822917
2.2840178644415587
2.353968510074978
2.3213271008861422
1.7703402700533655
2.00223630821195
2.7140045372418236
2.011798837955988
2.3402391197327574
2.260511192607252
2.2555159432864382
2.0533425873977045
2.283395782589219
1.6081401985744623
2.1409489648648883
1.8142957561665547
2.011824456087856
2.561894393406453
2.418349043742616
2.7607565063501376
2.3162496952487626
2.1241833056622585
1.9094368187252186
2.0695759859915857
2.5061512847307092
2.066527203340602
2.252487044064262
2.1246488575017235
1.6969566358322083
2.274854169346092
2.2292774894636604
3.883391647375885
3.998466156107934
2.342490236970354
2.5390362197946192
2.614982967193157
3.045656011294705
2.9971799462513538
3.346178993547679
2.4106566955118147
2.207555190288602
2.029162258180934
2.7719981304183623
2.110035880866361
2.1612519248691395
3.3083427125716875
2.8612576241290295
2.168974094986579
2.2088220204475952
2.0305733394074004
2.95314159524715
2.161841195598411
2.1459442967994153
2.070850975454851
2.4519370541326957
1.7522362764703363
1.8502903312004584
1.929809969935187
2.2998010867131473
2.990079906830255
2.4316052086191196
3.581323625867652
2.002547533010933
2.224089797155967
2.767902046935477
2.2714073383562408
2.819977970178643
1.9129197680318288
2.27309587322973
2.5146250899083995
1.7553439510021214
2.4021434886150423
2.298055788106243
2.4723558426929415
2.06507788839766
3.1325052360602186
2.0303674665860143
2.8406293397935087
2.8450814945825638
2.218620033576425
2.7882714153217645
2.0993652420639357
3.063753260171378
2.9080343385944314
2.859147375952647
2.353888018035443
2.813327260311441
2.3882342383716146
1.9225693680061706
2.250727995497673
3.021788312983295
2.658444642770048
2.5061543019189934
2.7839272014100107
2.122684731068791
2.7032106320443177
2.8303314095244207
4.071269210525175
2.1249108515612587
2.4215141426283004
3.056482005407412
2.569667896242091
2.107442055338387
2.6783028336091377
2.6579420424869227
2.2946987914299335
2.605533193252331
2.96507490578041
3.3471609299114
2.788060075102006
2.054841485364074
3.7164849239076814
3.427541855650067
2.742763278303915
1.978781903637021
2.6955629164825403
1.9145876615160091
2.4701253231922475
2.69565150491748
2.3469802039343985
1.7004762361766428
2.884539219390982
4.339744555632249
1.892416866802142
2.17400808894204
3.050714053000295
2.5803117072623465
2.370768930013506
2.9659588692593513
1.5026694563450302
2.1772235438689496
2.178286905960201
2.3166851528899883
2.911927740722211
1.9967630902815259
2.3769390736731353
2.1435674418769697
2.092034995788497
2.686165865430846
2.7172869233764825
2.1619605323700064
2.4868995888878427
1.7256640257094755
2.117934346197746
2.213660319735691
2.09561595100212
2.3698090468925344
1.7139685355156384
2.96809731901366
2.5448397873123785
2.071714895648295
2.6354925045791013
2.328286908583584
1.928612494276651
4.196582824481519
2.7272156721277305
2.5570535802495034
2.1837245821887414
3.6957275726932766
2.5389502022657755
3.6681360897850066
2.182779010113755
2.025102010736072
3.2417702106317634
2.405853772488909
3.258909051487292
2.53811697143656
2.6616980567856103
1.6948481561341424
2.3310926993210668
1.8816947202328933
2.7076592177622487
3.125317778680678
2.401229605562717
2.4126073026515904
1.876201601389802
2.414130757042818
2.5686299893945286
3.1113409265741288
2.977030606128146
2.4405594489778313
2.8759811450525508
2.6243445073364366
3.6608944470514215
2.1229593833577685
3.7390480787128375
2.7099152074142587
1.8229766907772635
2.6297249223369814
2.8343286991742147
2.295658540036694
1.5836210559378863
2.215665201076753
2.3019095317504767
2.9310994872498366
1.8335152974493578
2.234991000320477
2.3422433571867565
2.4061075771329836
3.3340765172801827
2.034381002062929
2.0934710457482595
2.2947440005196427
3.106564889644577
2.1441029089217185
2.7933869511053153
4.78022456131787
2.238377046776904
2.73669438365922
1.8327241016036293
2.327646613488575
2.9030308946073564
2.133604196050756
2.6441467730172885
3.5791691533735497
1.6342753730493484
2.33511011250123
1.9013710172118383
2.9028516351019835
2.029157899520593
2.220839679273851
2.2052668234586505
2.2479399333224723
1.729008497068186
2.5947449942958425
2.3078216905594093
2.392021865933925
1.6841300104210166
2.0463541810579855
2.9567074237395197
1.9309319897234207
3.411196027795885
2.167752210389729
2.6238348956482955
2.326637005029193
1.9644037247346446
2.3569681133293408
3.0834532853072254
2.1934436685835994
2.7017896826055647
1.8219705422046015
2.586330767790921
2.8693678383801196
1.823137945778953
2.7328292179606706
2.312989432494893
2.4128355249830182
2.4176401721563074
2.6740271973368834
2.102210102644163
2.624375224064572
2.149451551819988
1.6427585564983787
2.5075681113185713
1.9974408307458713
2.1381154870854644
3.272089685813958
2.879140478774847
1.9121811392368606
2.965111580342379
2.6154293596731417
2.6060405301119367
3.94263872219509
3.39665102481065
2.5710254711923763
1.8213870934504914
2.510462884528291
2.5066076043065646
2.678453833965893
4.134910229520987
2.331045414485148
2.0360591602185885
1.8610329279944011
2.2196507891419763
2.629691795912656
1.8922188689309287
2.1983483320865638
2.463177504502255
2.3792602964744543
2.2524787330975418
2.717513905859901
2.2148828370082434
2.3504633232696914
1.9815941742937486
2.549743957964756
2.6165223082535594
3.98401226326736
1.9946308106072976
2.313980626144785
2.0545210531054394
2.7447249368532827
2.43463749868814
2.1503214917728233
2.2171046409416864
2.412627192792014
2.713351311435373
3.2272436181719666
2.131222318113325
2.313107719693127
2.6283595075293693
2.204559900358941
2.2567513265287378
2.596269640792231
1.8370733394074001
2.4705917672628743
2.345804422989829
2.3960125232342957
2.5181343477632563
1.8746319056962264
2.5212943896629394
3.0226451337086857
2.086363238772627
2.4579974708150516
2.268253694631545
1.8226145551646287
1.931225916848927
1.862215198241973
2.4611383296137888
2.77731981976563
2.3256688704816355
2.0914686191276797
2.2546157017662747
2.380087951002123
2.0500334897517654
2.416907335707645
3.5228554446671776
2.419667772349305
1.815263459569687
3.344177613667245
2.630349330636415
2.8393494286999097
2.4094249827664704
2.1028954422945176
2.1649736190183173
3.2447700612350445
2.2360785505798226
1.9881876699232013
2.254069262893953
2.2238327245814187
3.1039653782016607
2.515132958276828
1.9884779252312406
3.484810700132858
2.3034812690231536
1.8804424275617713
2.082721796602234
1.9966002802636797
3.386144866058178
3.755425340319091
2.470888723422812
5.282366009718493
2.6850875398790652
2.5279294173535742
2.578920093548355
2.5308881607827356
2.4447069726649673
2.1575923784328896
2.2663823398555714
1.7408555831898482
1.6383244884099213
2.1982590239526036
1.9591524387480792
2.2871148373699555
2.1643276620967384
3.413342988869207
1.78770084863506
2.2655931116537857
2.0179237823754885
4.753203872601155
2.801432173587619
2.50613192261161
2.1951827860538415
2.076024471160837
3.6376574256611267
2.2308081363786396
2.248916070116712
4.2668781639516595
1.7337121245840112
2.4223383660549906
1.7652902616610593
3.003354221852975
2.8783391010018597
2.157961221084914
2.0728240606326143
2.3388682641350673
2.372164772973834
1.903764790148216
2.8477403221361843
2.058622390022796
2.653651895517303
2.400628640204257
2.8821666563782085
2.7702407250650722
3.42144231549846
2.2553154367705535
2.010167045701108
2.190718698149057
2.4066293144621262
3.4171050729216548
1.8598332545453147
2.5555170162929617
2.2954144427133354
2.8994835952471476
2.657952749451187
2.256425451542283
2.441181725045883
3.0734443697004616
2.1940668277333426
2.4704239375465225
2.391105225157764
2.9202221132782036
2.3741453723211965
1.9425600526941125
2.4634581030837452
2.235973333103356
2.420238062597914
2.6414343607286526
2.8627715831242018
2.2957648980910346
2.714869641545283
2.7883934091042892
2.954044698438789
2.1105530423550007
1.856023269862174
2.056961715278547
3.0320694347036294
2.162093583410414
2.2956853021107086
2.5352145347592483
2.169258648122806
3.4322346791304517
2.752939258017882
3.0693796110936837
2.235026268874149
3.9421117791849873
3.9585602682562433
2.905916066176383
3.2675870287835966
2.2206034445028955
2.5925006904963332
3.4631487484087646
3.5211449166973043
2.335828014585285
2.346715759712808
2.545076589286923
4.526917762998209
3.4492147298625326
2.1253140410763685
2.822792903064789
2.564814817650392
4.443795443349588
2.3338243130997203
2.36133414818522
3.3080015921074315
2.5689080272118314
2.9965007300311743
2.1841879642373154
1.8254244560878554
2.0255043668021404
2.065088192351592
2.7728698115609607
2.6151568324123033
2.4047015913038265
3.056678736899393
2.2370272292135347
2.3605256433098134
2.8391404373877123
2.210627618361789
2.4187907617063367
3.489279622681071
2.2347425873977063
2.170477514411685
2.7575409396043398
2.5948858660566625
2.005265785511785
3.3763666201169684
2.283198229813067
3.1465568822749255
2.4421118079918678
1.8157049874805598
2.3231552770289703
2.241020496250977
2.369361604069617
2.4849591926072527
2.3233033534405667
2.3290577367183545
1.8585796332132656
3.7129810497799323
2.3361514821867555
2.450520490293993
2.1946324428887465
2.662366644140146
2.224151374502961
2.2177128701064497
2.041648635959959
2.143512441999068
2.045663122640459
2.6989491022469956
2.7235058237870984
3.3138749787033257
2.2495800890578916
2.4381445148115315
3.7494908322481404
2.270218269143676
2.7928910925375003
2.3978298873254236
2.0030003152665667
3.0197050538746026
2.575839005289465
2.2357750742640565
3.4133202266146974
2.7436410001974068
2.2740604744331314
2.2068111805981836
2.1534163820967347
2.997286622275565
2.283345488465242
2.495113740444868
2.01841284989691
2.2085005085259137
2.1701946291944854
2.1582615665184086
2.5511865818405557
2.1704899668041246
2.864300465282234
4.492269269171304
2.479955550976003
2.030051705088921
2.297466356736665
2.187409071472471
3.4778806330693133
3.4584830644412774
3.751195186556618
2.3396431024801494
2.0483477600925646
2.3267765663867372
2.3882600277720876
3.7189747024164728
1.9351963014352886
2.1736359343701057
3.0052165984880057
2.1892167754318947
2.0421059213521904
2.192476973983771
3.5419331911471073
2.084526697355246
2.4063207830406377
1.9528924594632588
2.239123764401876
3.1121861448761834
2.2867978075643176
2.6019495872068017
2.7755654960345204
2.855592590398725
2.662070237904409
2.3102244549440787
2.052814053538402
2.1719648193190135
2.4487877746381823
4.504077787219276
2.4437017737131956
1.9367055696089253
2.353275789218678
2.997969858835898
2.8150647774295603
2.74324350491748
3.2524524353644955
1.7737675070718453
3.2606093447029716
4.9538515599117865
2.3811798578931676
2.514233127760816
2.427130796616204
4.095546594910391
2.036468318215821
2.1203058809130955
2.407653495900501
3.905691258836436
2.5344282586944296
2.621019178051684
3.485853325492041
1.9614288516922525
2.43462277616735
2.106626695392734
2.882272974531187
3.791967787708016
3.6778066353951804
3.36348405958963
1.8773250763366285
2.3941913348669157
3.9222692636797216
2.5086709998666574
2.2494047310687915
3.597479706467178
2.463823713080929
2.9428992206255167
2.1838147285488994
2.375658025887727
2.167891568331301
2.285138714874458
2.3666562898790637
2.7044248235987975
2.7652746291944865
2.5080231136333957
2.4347228508967476
2.4173898164613696
2.441549605949028
2.516323151071024
1.8214908509832828
2.2171706509984386
2.703919728091938
2.4705513356175075
3.7039497555293313
3.0961130663176055
2.274570514662445
2.5589977545418634
2.354750537262598
2.8974340325402252
3.5806259199350396
1.920051828768191
2.861727199401539
2.033346407182149
2.969836241886725
2.115669004323987
2.2024790261673495
2.9456790822140633
2.5595756069873907
2.5440367566904794
3.0253235227556914
3.647952372460212
1.6988137786893525
1.9212205624141419
2.352169382540179
1.8035656648790663
1.9833442700152517
2.1490287396013823
2.0629288990071544
1.881015390533138
4.008845442347882
2.016915130133926
2.2315120554454317
2.9155757344426654
3.4399377979863006
2.5126295167196293
3.5303440006050417
2.789955636752362
2.776953340449687
2.761997308047601
2.620757739342473
2.303071724345699
2.47059439527405
2.8956193002201562
1.5581045724214047
2.6281620837867603
3.238804102334127
3.6962954199881963
2.8157527968003393
1.840294122671338
4.161051219282119
3.2520303153944043
2.2448683082301404
1.6146512725511304
2.7866171456658826
2.080470133655142
3.09122822808534
2.3839224444715335
3.3307648133152945
1.9970909858662491
2.3277946415452835
2.384707887777676
2.5135968607984243
2.6237161702597174
2.3056596281716875
2.177876873418761
2.5144797302992004
3.2003162797209432
1.8182071145651548
2.961433848616334
1.634351800122598
2.2945848956482955
2.132050221092081
2.6257003741482023
2.5542846861251984
3.3963374547354137
2.7119401806445964
2.542691757262318
2.380920186584344
3.107529678583986
2.138727733684222
2.532362357418661
2.0936174193746346
2.578106480256828
4.385557834979077
2.585464736857526
2.2290653496205515
2.2050658936307688
2.01903796183802
2.9659438584081315
3.077738058183444
2.079585479885335
2.7822242822766583
2.5861571270113206
2.7657154241612343
1.6572528512013989
2.8146503059902876
4.232507878694071
2.432467373722492
2.1780910279251984
2.101171500299559
2.5585237127300164
2.145354553209673
3.079049228704177
3.284509923365711
2.3840477293631537
2.6128236781739425
3.8351599018882503
3.92822587105225
2.1633342610246142
1.9411231864353713
2.238480423714618
3.3362399234155484
2.7776127575569287
3.3747647052695386
3.3491626918423796
2.427137502765344
2.755055136501669
1.9941813460667515
2.2953121203020963
3.595315094490905
2.0718824918021426
2.0672814125405843
2.080472020447594
2.5885883182545104
3.9012436681745495
2.620591417247722
2.9823191525013506
1.7021805856921386
3.051055212225224
2.251801816524459
2.2617093659656717
2.8687981155820204
2.612952397160946
2.1983005435090917
2.7609477865218643
2.0838880920155365
2.26773387353928
2.622157529683353
2.236300444070947
1.8367586540927139
2.481110789678363
3.3774115798380695
2.4153414680523895
2.100626538989477
3.4904367141282675
2.535588229813067
1.805501312739862
2.3365619620704674
3.792480241161936
2.511875419258782
2.4872188167245692
2.8786077318535437
2.1973251204816346
2.0626618187252195
2.9845141012191068
2.8179257009426166
2.5334377922284403
2.7675917806148416
2.3808231317071957
1.7502732791888533
3.838306839460726
2.300118174293747
3.185974937808999
2.3417310494944505
2.0517393597109947
2.5362568867239332
2.500634423376484
1.690573737772457
2.3511953119940046
3.446773881526658
2.806837737210822
1.6431071667740618
2.3254248625502694
2.164329366802141
2.218656078828735
2.845700912989047
2.0855911332992765
1.9348355771696397
1.9404551346242123
2.2941292742416763
2.283693056328323
3.784908115582022
2.0570737831498853
3.171847765081397
3.694905214464055
3.6385331448933664
2.5575449417952907
2.648296661728015
2.913087081193078
2.485610696935673
2.5977118580597747
2.2224673311597805
1.9768352586944307
2.8574057261978005
2.3417411031709
2.306731213301717
2.48680086660144
2.400254251172372
2.2039729338370933
2.1820336554765465
3.365750267674432
3.583793134993618
2.5157778794827106
3.0970511996427526
2.200063232965878
3.22496970987552
2.1795363082119508
2.6065135741619034
3.453251467234348
2.999532733684223
3.1332407987281368
2.80267706297003
3.1108500853889582
2.4082376429010424
1.9819586677625427
2.831053972647842
3.077741266418691
2.5226654709717735
2.2674608126097873
1.8358340436296494
2.1800050274406004
2.1791437207707567
2.6245588100708694
2.310461904373456
1.825798082461482
2.367751526885698
3.083218004408266
3.5294183078897134
2.2491238925574297
1.7582693286564908
2.2726527896783626
2.1243857069463363
1.8842575531538976
2.4550160015816793
3.058804481210064
3.420829789961524
1.9786800890578888
2.433428246504736
2.377712734985261
2.7898352953618932
2.2482240637176982
3.662140915355831
2.2517341522904566
2.1014935449333123
2.1076294958821755
2.37006541688911
2.9104834816954117
2.695199014706917
1.5773745845501583
2.2151867455604393
2.444333357186757
2.9099419617358677
2.038956556190616
2.06705241164096
2.808196731068792
2.075524468000042
2.592014290803583
1.7381055343773806
2.000421077051369
2.4005785420220107
2.4039767248394757
3.9368765831483614
2.2669412126222
2.6573918886552885
2.160108284183858
2.2183146258056325
3.7990614761540904
2.3843296223004202
3.1830029837533313
2.3951605435090926
2.542458083914388
2.174180884148834
1.952665292670627
1.9593622251876326
3.8702944231547374
2.888854661311303
3.3286928848630026
2.538589918714001
2.077660536115655
2.1348988849149446
3.307740835241905
1.5283409931435408
1.8282229382485795
2.0528468409588996
2.5452265389894784
2.612819543975851
2.266995578850697
2.816883280857475
2.59749921416004
2.692876428106116
3.2418423556469396
2.751418767675071
2.946304093750845
3.119302302596541
2.8855150279251998
3.2265474832512293
3.0697367246784193
3.421318295483461
4.058156560473158
2.1351267867609565
2.04426650291499
3.1332916322154434
3.858872302132694
2.1858708367079025
2.338910129492712
2.32958929125269
1.9173188612463061
2.3997363165288714
2.6385003008440613
2.540511944826102
2.531818174293747
2.1329234165891666
2.0833647154894344
1.5056848409604164
4.132011135705606
2.2455583294703896
2.188618251737598
3.439979652820834
2.292986862154912
2.474079987705812
2.2386234670355254
2.682336321668773
2.3395020788461096
2.92019481385433
2.601875930527793
2.076783213232794
1.9202412725571971
3.93268304064826
1.991850276855338
2.2853308106073005
2.3527580617454404
2.812727257609451
2.175725955160127
2.335255663289834
2.62638740506298
3.750636845129347
2.215119088217781
2.3551964913085506
2.163963143494211
2.1473396977151022
1.8844222582856585
2.342058899586572
2.4034329467653386
1.6832221614391827
2.5574633511830402
1.8103990182493188
1.9319023038199674
2.3302280574831755
2.852741871610908
2.1996674393315985
3.457341903151349
3.6500389224806167
2.549498256936582
2.8337460559048537
2.6483867009466184
2.463627422402773
2.8167485603830187
3.6313845682006756
2.4757010314147685
2.614033250602292
3.158597060496395
2.2982073859298175
2.1616208918549518
2.007792692607252
3.3341222712560032
2.138123892557431
2.454777609803017
2.5222719726767817
2.170777572686811
2.5484103223309518
2.095328090914567
2.2625382765855004
2.889490531880794
2.459823487699129
2.734843793672141
2.3615460062011255
4.301710520148564
1.7436577643527649
2.458795503134734
1.6839041158689376
2.119139772973833
2.2499298927313554
2.532609729213533
2.4869662957649403
2.6542926373893536
2.5708597744951103
2.3956840584818266
2.4578308569442093
2.5281349556171477
1.9649957843232286
3.814164461735868
2.4005716517229114
2.5602741289067463
2.956100521447599
1.9491813460667533
2.273073270803767
2.0143152420639368
2.1530246631367227
2.2869405329824577
1.92984281071557
2.8560408209691683
3.598174579316085
2.0533252070989008
2.561746641974848
2.3331759281244775
2.2488990363595285
2.8513256607827344
2.026373471826405
2.303623059614928
2.826600815634352
2.404036604491724
2.334672289885349
2.5755439164583596
2.0613015653329967
2.7159443999398167
2.193941751311705
2.356944271204572
2.700589089704698
2.4452896527599144
3.285970131271826
2.2133896124720778
2.4224264795739057
1.764677443725219
2.131084745133439
2.240118674388629
1.8926205923744455
1.930433889532864
2.885791194919543
2.5161032078076317
2.1649739804606067
2.706609684099087
1.906968462802915
2.863259830953334
2.1391689555917868
2.620713527568647
2.0600576541457123
2.672492176819988
2.675000355186109
3.2850993288664743
2.8655745793160836
2.3865681861889936
2.3259677553250633
2.0881511986388475
2.0112558568899175
2.1232504636899012
2.3046380964715993
2.4066584627659946
1.8374161676560234
2.022219518144114
2.418821883546542
2.092115977066941
2.0914006216545005
2.4601783961502175
3.777313132348806
2.7224268333437625
1.8347706468212195
2.0231942480943026
2.207031710510801
1.892481816718643
2.1764282675959272
1.8395765689938166
2.6408027340599496
1.9780220819706322
2.401775066030183
1.9435632329658787
3.069650718672447
2.1039551352447656
2.4442953076487193
2.497337930050108
2.2708305372338824
4.210866068642054
3.028515996750058
2.9072673434408465
2.107512368175767
2.189624921521226
1.95407943379913
3.0307285581789065
2.1957959261619635
2.918545558625169
2.088174565873242
2.9194606086371877
2.6767743130997204
3.2270432688500374
3.5213449265694265
2.1020769101711103
2.05703752940115
3.107506302414717
2.314421767054215
2.8401875002995602
2.2439526446273454
2.4883080422046024
2.474606559646128
3.846433295906948
2.86432122811021
2.713603859963717
1.9747631574066276
2.4963422198326697
2.25488937241772
3.4981021525834652
1.867250662609404
2.2310909002865422
3.694221856151148
4.776969627014641
3.104294746656441
2.083163328743396
2.365471797155969
2.211086999403692
2.195488182766388
2.247798365104053
2.3742257195175167
2.112199662070145
1.9469889118946142
2.847848631912033
2.381303279094176
2.327459688699008
2.9916411928778768
2.614996386678314
2.1717368153919328
3.645406763464816
2.7002293637989965
2.7094692963773106
3.3725402375015534
2.0339606144695814
2.0700799309020876
3.0029233571867575
2.9355666308754405
2.834209725653267
2.526672705666142
3.4019156103294534
2.5015966346616167
2.7912019999859474
2.1263407193011314
4.287703139217957
2.279792731301237