35
64
41
39
49
47
46
30
35
48
26
70
32
42
50
46
39
42
43
51
44
32
58
49
44
53
32
34
41
55
34
61
42
36
49
38
56
32
43
62
33
39
42
47
29
28
67
57
33
45
54
28
36
43
46
44
49
29
45
48
52
33
26
47
42
25
46
34
28
37
31
44
52
38
55
54
34
38
47
39
46
48
67
64
68
30
38
32
48
40
39
52
61
45
57
36
32
40
25
34
62
49
36
41
42
27
55
48
50
32
49
36
46
31
38
43
35
43
33
68
52
43
31
25
43
44
59
34
54
34
35
41
42
38
40
37
40
26
53
43
32
45
38
42
36
45
46
59
43
37
29
51
24
35
43
54
35
56
46
33
37
60
42
29
37
32
59
41
45
61
44
31
32
47
51
40
54
45
34
50
43
41
37
40
33
26
36
58
47
45
28
35
37
31
46
43
39
50
50
36
43
45
43
44
49
44
56
42
43
42
47
44
48
32
50
56
41
37
55
31
51
40
47
30
45
41
52
49
40
44
45
49
43
41
48
38
54
45
55
32
44
49
35
37
51
47
43
41
46
58
48
44
56
44
60
26
60
40
46
52
34
48
44
43
59
59
31
45
32
36
45
38
34
42
35
54
40
52
32
38
35
48
39
44
31
44
52
39
43
45
46
53
47
49
52
48
31
54
50
37
61
43
40
50
59
28
44
40
43
30
40
33
38
42
44
43
53
42
50
31
50
35
51
48
27
48
34
40
24
22
62
39
35
45
36
38
40
42
40
34
40
53
51
30
28
33
34
51
35
40
33
60
24
55
22
40
45
39
30
27
23
40
61
43
41
38
40
31
28
58
40
35
35
46
50
32
47
35
40
58
35
56
59
33
36
35
37
57
41
38
44
36
57
27
32
40
28
39
44
61
36
34
35
43
46
48
48
47
40
26
44
52
44
46
61
55
59
45
41
44
33
24
59
60
35
50
44
45
32
39
35
38
40
41
45
45
39
57
54
43
36
65
40
26
40
36
35
62
39
45
48
24
30
39
43
32
67
35
30
42
50
63
36
42
43
34
63
51
60
37
42
53
50
37
33
57
59
50
55
53
58
33
51
36
35
55
55
22
38
55
45
52
29
42
46
30
22
51
37
51
23
53
22
55
38
65
52
36
50
39
52
58
39
55
43
65
22
25
51
51
27
54
42
58
39
42
42
48
29
44
26
47
38
37
55
46
45
55
41
57
27
25
49
47
33
48
49
52
56
36
34
38
32
53
47
59
34
53
44
29
37
28
57
24
41
43
53
49
57
65
46
24
42
56
46
53
36
38
57
54
47
25
57
63
50
35
30
47
42
45
64
31
52
40
36
34
37
36
54
54
46
45
46
60
47
28
33
54
43
34
25
22
39
34
55
53
30
50
47
47
52
39
41
31
43
34
34
53
41
48
49
44
41
29
52
48
49
39
62
47
39
22
59
39
65
44
54
44
48
51
60
33
51
41
34
44
32
27
39
38
51
31
55
48
34
52
35
52
57
66
36
39
36
51
55
25
51
48
47
44
43
65
33
30
23
49
47
46
51
41
62
42
55
47
58
41
53
29
25
47
47
54
30
48
36
54
43
32
51
48
30
42
43
40
54
43
56
51
35
50
43
58
40
48
63
21
45
49
44
47
39
42
62
45
57
50
46
37
27
22
70
39
25
50
36
34
34
55
43
67
51
31
53
45
54
45
42
19
45
50
40
55
53
33
34
47
60
31
48
26
36
40
27
48
32
50
27
36
32
44
49
28
48
47
32
54
56
59
61
26
49
43
36
24
35
54
45
53
23
43
34
42
43
56
61
34
46
33
32
41
62
51
46
35
26
25
50
35
40
40
49
55
38
50
48
30
46
36
37
47
65
37
42
43
56
37
51
37
58
33
32
52
66
45
43
44
48
47
59
49
41
65
48
49
63
40
56
45
58
64
37
25
39
39
27
46
31
42
32
57
49
47
41
22
44
31
50
45
45
33
58
42
43
31
45
34
35
32
69
46
62
32
33
41
47
50
58
37
62
43
60
51
37
42
49
30
52
35
41
37
54
49
41
35
52
34
46
36
44
34
56
28
40
43
17
47
41
50
28
34
57
41
33
48
66
36
45
43
53
51
48
49
30
69
51
24
39
55
37
61
49
39
38
47
56
30
35
74
49
37
30
46
70
48
26
44
28
49
44
25
35
43
28
50
38
20
28
56
46
43
47
53
46
31
45
37
36
57
46
55
42
51
32
56
30
55
36
44
39
34
53
29
60
26
30
50
58
56
56
39
27
44
65
23
36
32
49
43
34
44
48
43
59
58
46
44
57
24
32
44
48
46
41
54
46
35
50
62
61
45
43
51
42
35
61
43
44
49
48
27
55
44
44
36
51
47
33
42
44
31
47
43
31
41
68
46
46
57
46
47
30
54
49
65
33
27
40
41
44
39
33
50
48
41
45
39
32
49
49
29
41
43
27
44
40
54
39
46
55
39
49
42
44
58
40
54
58
38
37
41
46
31
40
53
37
48
32
40
29
41
54
44
44
30
46
36
42
41
53
43
44
55
46
54
66
46
47
34
36
61
44
29
50
42
55
36
45
50
48
61
37
50
53
30
58
33
47
54
42
45
47
44
57
44
28
41
23
48
30
40
46
46
32
46
57
38
22
35
37
49
49
45
39
52
58
45
35
45
35
38
46
60
53
27
45
49
41
36
56
64
34
28
39
28
41
42
25
40
33
47
47
32
39
28
53
54
66
44
43
36
47
35
42
46
51
39
45
39
56
58
50
48
48
41
47
44
37
43
68
44
34
46
49
41
45
50
34
46
59
40
60
45
40
36
45
54
73
34
34
28
43
42
46
47
32
27
43
47
40
49
35
37
31
43
42
46
46
58
59
42