87.22
118.47999999999999
67.43
99.76
107.47999999999999
114.19
79.79
48.67
87.99000000000001
76.12
32.34
109.77
67.49000000000001
112.86000000000001
142.03
36.440000000000005
87.24
40.43000000000001
67.43
67.6
29.33
52.81
91.56
93.89
54.18
69.72
58.64
100.27
56.92
100.04
61.82
138.85
71.19
49.09
81.76
64.01
86.79
57.42
62.620000000000005
68.70000000000002
38.33
40.620000000000005
99.00000000000001
62.72
41.99
21.259999999999998
107.67000000000002
52.33
21.259999999999998
94.17
122.88000000000002
54.02
110.52000000000001
40.620000000000005
87.31999999999998
78.27000000000001
69.15
59.31
62.300000000000004
94.83999999999999
85.99000000000001
64.24
37.3
84.3
82.73
83.55
79.37
92.7
84.06
49.410000000000004
71.09
83.55000000000001
131.99
45.980000000000004
83.91
99.60000000000001
59.290000000000006
88.24000000000001
92.77999999999999
52.650000000000006
84.22
114.95
57.690000000000005
135.51
91.71999999999998
119.28
81.16
69.62
75.27
63.27000000000001
43.18000000000001
72.91000000000001
104.54
69.04
75.09
40.05
63.83
58.64
55.37
77.25
106.15
60.92
75.11
102.44000000000001
79.11
65.97999999999999
127.64000000000001
67.08000000000001
69.72
63.83
121.53000000000002
62.89
93.38
71.09
69.9
86.94000000000001
29.1
49.410000000000004
64.35
128.28
71.5
66.91
38.96
79.65
87.74000000000001
54.69
146.57
51.22
132.98000000000002
37.28
35.580000000000005
60.03
88.52
58.2
66.48
61.83000000000001
76.14
22.0
103.78000000000002
55.84
53.49
107.77000000000001
63.68
88.0
64.36
66.74000000000001
125.82
58.440000000000005
77.25
83.98
24.06
49.85000000000001
20.23
46.92
80.75
106.56000000000002
46.61000000000001
82.11000000000001
61.650000000000006
83.45
60.85000000000001
91.72
105.48
46.17
48.470000000000006
23.550000000000004
75.99000000000001
74.45
55.5
74.35
48.13
62.45
67.93
77.10000000000001
81.5
69.31
107.88000000000002
63.57000000000001
29.1
67.46
91.93
24.940000000000005
60.69
79.11
25.78
50.42
70.71000000000001
104.54
104.97000000000001
72.27
70.14
84.71000000000001
58.2
20.310000000000002
32.78
68.50999999999999
55.73
73.57000000000001
77.1
59.59
112.14
96.97000000000001
73.22
64.68
72.24
71.42
64.59
61.440000000000005
63.050000000000004
79.46000000000001
45.67
90.51
75.42
41.13
80.97999999999999
92.36999999999999
76.02000000000001
58.64
97.13000000000001
12.47
125.2
57.01
119.23
48.38
64.55000000000001
35.580000000000005
67.67
88.08
65.7
103.72000000000001
79.6
86.78999999999999
127.40000000000002
82.11
194.65999999999997
51.22
118.29
79.2
86.66000000000001
61.040000000000006
81.35000000000001
49.410000000000004
75.96
70.30000000000001
116.31
63.68
76.11999999999999
93.89
132.14000000000001
129.1
86.78999999999999
64.68
101.03999999999999
75.71000000000001
104.37
56.22
85.95
44.81
88.62
94.91000000000003
80.05000000000001
31.35
58.97
67.87
76.24000000000001
101.06
46.17
107.72
66.48
84.50000000000001
74.30000000000001
84.5
29.54
65.38000000000001
38.33
80.64000000000001
82.52
80.32
35.53
67.42999999999999
54.620000000000005
78.42999999999999
72.28
64.74000000000001
34.15
46.260000000000005
60.93000000000001
86.71000000000001
59.0
51.47
58.64
70.67
88.74
90.63
95.58000000000001
85.61000000000001
74.41
100.04
117.86999999999999
60.67
63.4
50.160000000000004
55.730000000000004
98.83
95.58000000000001
21.700000000000003
55.4
71.09
70.00999999999999
49.410000000000004
47.56
55.96
68.02000000000001
85.59
86.28
52.980000000000004
69.72
72.95
107.60999999999999
81.70000000000002
82.97
16.130000000000003
161.07
104.81
25.78
109.75000000000001
61.77
74.76
41.99
45.150000000000006
108.13
78.51
15.71
80.76
52.31
60.040000000000006
110.87
89.25999999999999
72.95
73.58
48.910000000000004
96.97000000000001
77.07000000000001
20.310000000000002
69.39
44.1
59.08
144.66
63.39000000000001
58.970000000000006
66.38
37.38
41.99
114.47999999999999
26.02
36.690000000000005
65.79
56.74
58.900000000000006
85.84
12.47
45.480000000000004
105.4
37.27
58.2
57.690000000000005
107.11000000000001
59.81
77.49
130.08
67.49
47.56
81.17999999999999
76.82
82.14
69.97
85.07000000000002
71.09
99.41
103.17000000000002
67.00999999999999
143.81
97.71000000000001
33.370000000000005
30.19
59.59
82.45
92.28
113.08000000000001
52.65
60.85
77.25
119.38999999999999
24.5
140.82
49.410000000000004
54.46
80.4
51.129999999999995
91.35999999999999
64.86
66.48
29.54
80.97
70.5
80.32
84.94
96.44000000000001
74.61
42.24
41.8
76.15
97.64
54.46
91.72
123.9
112.22999999999999
65.07000000000001
83.68
107.82000000000002
75.63
43.08
141.21999999999997
77.73
68.06
100.35000000000001
55.45
50.27
68.29
57.650000000000006
43.6
81.81
72.48
44.7
49.85
75.71000000000001
85.30000000000001
97.6
86.78999999999999
71.53
91.22
149.86
62.660000000000004
50.7
54.6
58.2
48.0
105.4
82.29
57.690000000000005
76.24
45.15
47.89
29.96
106.62
76.88
128.08
54.34
73.34
46.64
99.5
101.55
44.370000000000005
67.43
59.08000000000001
39.07
96.76
73.86
77.53
126.64
59.230000000000004
83.94000000000001
98.81999999999998
63.13
80.03999999999999
78.0
87.38000000000001
106.14000000000001
75.27
79.12
114.04
66.48
82.60999999999999
41.99
24.39
182.56
84.11
32.34
38.92
89.76999999999998
104.37
102.41
94.03
73.58000000000001
75.71000000000001
58.2
46.53
103.39999999999999
72.52
70.58000000000001
62.300000000000004
74.13
24.06
63.25
61.96
143.92999999999998
77.69
62.550000000000004
96.59
76.83
104.62
106.82
84.6
119.30000000000001
49.85
116.84999999999997
33.29
21.59
69.72
78.27
26.3
126.46
139.23000000000002
47.10000000000001
105.36
70.71000000000001
85.09
61.08
64.19999999999999
114.18
64.52
84.94000000000001
54.02
66.48
100.36999999999999
73.13
52.650000000000006
110.00000000000001
87.25999999999999
70.08000000000001
39.94
54.35
88.53
60.660000000000004
110.0
79.53
91.16000000000001
132.98000000000002
89.77
56.790000000000006
48.010000000000005
46.61
49.03
102.01
75.93
90.29
37.190000000000005
78.51
87.94999999999999
42.24
35.010000000000005
37.38
68.58000000000001
61.31
61.190000000000005
75.27
92.33
64.63000000000001
39.34
133.82999999999998
65.38
18.84
66.04
123.27
67.79
97.83
100.74
80.37
66.92
55.650000000000006
88.26
35.91
84.5
75.02000000000001
79.62
53.33
58.620000000000005
75.66000000000001
85.90999999999998
90.28999999999999
90.35999999999999
143.53
96.81
50.160000000000004
46.61000000000001
47.78
79.62
73.34
80.75999999999999
81.81
90.21000000000001
95.98
72.39
87.38
98.76
20.310000000000002
73.39
63.449999999999996
55.4
82.0
36.68
53.6
77.74000000000001
38.769999999999996
115.76
90.50000000000001
16.380000000000003
60.68000000000001
46.400000000000006
165.53
127.63000000000001
56.74
65.38
63.68
49.410000000000004
83.29
56.510000000000005
113.33000000000001
62.550000000000004
110.80000000000001
92.51
88.6
38.25
50.17
85.84
94.83999999999999
84.78
88.41999999999999
115.95000000000002
114.62000000000002
85.94
46.010000000000005
114.9
68.00999999999999
118.66000000000001
71.78
94.09
146.53000000000003
51.22
63.57
140.52999999999997
67.93
112.66000000000001
90.63
120.32000000000001
93.83
33.730000000000004
41.99
89.02000000000001
69.17
76.02000000000001
94.81
74.57000000000001
79.37
21.700000000000003
71.74
85.83
71.33000000000001
55.32
66.92
17.3
72.24
86.11999999999999
90.7
100.04
52.08
98.02000000000001
86.81
58.64
53.010000000000005
66.76
76.67
41.57
57.78
52.89
59.81
71.11000000000001
128.07
123.04000000000002
75.71000000000001
94.55999999999999
69.88
114.90000000000002
78.51
85.24000000000001
66.89
58.64
46.010000000000005
63.08
69.68
75.92000000000002
114.20000000000002
78.1
89.79
83.47
113.62
73.94
47.370000000000005
70.59
128.98000000000002
23.47
63.99
75.71000000000001
49.410000000000004
75.71000000000001
82.86
111.24000000000001
81.78000000000002
51.22
89.42
78.9
84.25000000000001
64.80000000000001
64.99000000000001
131.54000000000002
58.56
94.56000000000002
168.97000000000003
84.71000000000001
84.5
84.6
88.33
83.55000000000001
89.27
96.66
106.94
75.71
55.21
43.07
70.97
126.99000000000001
62.66000000000001
53.6
69.72
53.49
68.28999999999999
23.550000000000004
74.43
93.36999999999999
128.28
94.38
51.22
106.5
111.49
84.86
72.7
49.410000000000004
29.54
83.98
68.31
56.790000000000006
65.54
77.98000000000002
49.620000000000005
61.940000000000005
27.63
75.71000000000001
38.67
98.76999999999998
66.49000000000001
54.120000000000005
63.99
37.28
87.74
20.310000000000002
54.34
54.88
71.42
62.12
93.57
110.30999999999999
65.69
55.510000000000005
83.55000000000001
41.57000000000001
130.82
75.88
78.0
108.97000000000001
50.08
77.25
85.97000000000001
71.63
44.120000000000005
53.6
108.38
82.45
76.30000000000001
38.33
48.300000000000004
30.19
66.48
84.5
105.66999999999999
132.05999999999997
55.11
77.73
29.1
55.13
88.74
123.91999999999999
90.54
62.21
58.64
52.82000000000001
46.17
111.0
33.09
35.940000000000005
84.67
91.49
100.88
67.43
52.57000000000001
83.92000000000002
86.69
107.96
77.25
64.43
55.57
112.81
71.35
67.66
71.62
71.09
126.33
94.16999999999999
67.94
95.16
47.56
38.33
97.83
55.63
79.12
101.49
84.5
52.18
65.74000000000001
80.23
71.53
87.82
104.60999999999999
72.19
67.79
115.88999999999999
57.690000000000005
105.24999999999999
67.79
103.39999999999999
138.33
92.41
103.78000000000002
30.19
71.62
38.92
95.71000000000001
48.03
49.410000000000004
73.98
80.48
56.75000000000001
103.54
26.3
32.5
87.76
55.13
107.73
69.72
68.28
61.56
96.69
59.39
53.99000000000001
80.9
49.17
32.34
33.120000000000005
68.28
145.04000000000002
106.77
145.63
38.33
63.25
54.71000000000001
69.67
57.38000000000001
101.49
67.35000000000001
139.89999999999998
124.57
56.33000000000001
92.08
77.25
49.410000000000004
84.5
22.0
113.26
52.06
30.03000000000001
54.88
131.10999999999999
71.75
68.54
70.59
116.72999999999999
55.730000000000004
71.06000000000002
32.78
89.02
72.7
88.48
87.99000000000001
71.53
82.33
26.3
71.53
49.410000000000004
133.39
29.1
117.42
84.16
78.87
58.64
68.54
97.23
29.54
77.46000000000001
88.91
132.68
80.32000000000001
76.66000000000001
99.0
38.66
180.88
93.21
38.67
85.26
122.41000000000001
74.23
82.61
62.32000000000001
51.91000000000001
56.260000000000005
99.13000000000001
79.95
99.74
69.67
160.26999999999998
66.73
52.96
34.03
33.120000000000005
92.16
110.60999999999999
72.7
46.92
62.06
78.87
105.56
57.38000000000001
55.760000000000005
97.97
33.2
93.57
77.63
48.39
30.96
102.45000000000002
81.91
85.91
78.84
134.3
79.58
43.6
72.68
29.540000000000003
52.31
159.94999999999996
65.28
106.60999999999999
57.010000000000005
81.91000000000001
77.23
75.74000000000001
49.33
87.63999999999999
92.16000000000001
97.56
66.91
38.92
101.25999999999999
34.59
102.19999999999999
43.09
54.88
79.37
81.71000000000001
116.06000000000002
88.18
52.54
50.95
82.81
81.13
55.04
66.65
45.78
74.08
84.27000000000001
90.41
98.54
74.66
61.77
109.65999999999998
136.82
72.19
92.03999999999999
69.72
51.22
46.17
56.790000000000006
71.33
48.41000000000001
59.0
90.27
54.040000000000006
33.120000000000005
106.09
152.93
66.48
79.12
7.12
108.7
46.92
91.93
118.92000000000002
53.75
98.75
101.74000000000001
98.54
55.980000000000004
92.93
92.47
81.42999999999999
65.27
75.81
62.11
56.24
42.010000000000005
67.49000000000001
61.36
82.36
83.21000000000001
68.54
60.77000000000001
98.31
38.56
75.27000000000001
97.30000000000001
84.94
89.52000000000001
29.1
67.87
99.77000000000001
95.47
63.68
62.22
60.050000000000004
79.26
76.66000000000001
23.550000000000004
78.87
135.38000000000002
76.46000000000001
84.67
82.14
69.03999999999999
64.63
81.51
71.26
29.1
63.68
32.78
54.27
72.37
52.65
102.31000000000002
82.45
121.03999999999999
124.07999999999998
92.26
81.43
107.84
59.91
90.04
76.35
95.16
104.37
69.15
36.69
60.92
59.92
42.24
101.64
111.42999999999998
89.25999999999999
107.19999999999999
27.05
84.5
41.46
107.99000000000001
129.77
66.15
72.19
41.99
58.120000000000005
55.4
92.26
78.27
93.19999999999999
45.230000000000004
104.38000000000001
86.78999999999999
88.69000000000001
92.78999999999999
129.36
70.58000000000001
126.73000000000002
82.18
80.12
95.38
107.77000000000001
71.09
75.71000000000001
75.25000000000001
76.47
90.92999999999999
83.08000000000001
65.37
94.17
67.25000000000001
46.09
98.69000000000001
97.67000000000002
95.5
74.76
150.76999999999998
105.72000000000001
86.22000000000001
67.87
81.31
63.050000000000004
89.80000000000001
113.4
75.27
49.33
82.08000000000001
54.02
104.21000000000001
21.700000000000003
85.61000000000001
111.64
89.80000000000001
74.85
105.57
87.78999999999999
68.00999999999999
43.07
59.81
72.48
95.12000000000002
28.8
117.52
80.89999999999999
18.46
103.35000000000001
55.29
51.22
95.94000000000001
69.03999999999999
29.96
73.22
95.58
139.48
55.12
61.88000000000001
59.81
93.73
38.33
105.83999999999999
154.30999999999997
70.67
30.21
81.42000000000002
27.05
83.68
75.71000000000001
30.21
78.25
63.5
72.80000000000001
99.03
35.53
76.15
42.32
50.60000000000001
69.72
154.61999999999998
53.459999999999994
38.33
69.89
67.6
55.24
77.10000000000001
92.72
49.85
75.32
75.43
125.19
98.82
63.68
78.94999999999999
79.37
92.81
61.440000000000005
63.91
83.98
78.63000000000001
97.18999999999998
104.03000000000002
91.49000000000001
123.62
77.77
86.92000000000002
79.9
46.61000000000001
84.94
85.95
67.79
39.92
66.65
86.78999999999999
66.84
35.580000000000005
54.88
80.75
65.74000000000001
147.51
56.790000000000006
83.97999999999999
50.95
72.24
49.85000000000001
32.34
85.38000000000001
53.22
55.13
116.15
72.96000000000001
40.620000000000005
59.81
53.33
52.900000000000006
53.75
97.07
84.5
74.27
57.230000000000004
60.93000000000001
128.23
93.79