0.373134328358209
0.2857142857142857
0.25
0.4426229508196721
0.2878787878787879
0.2
0.32978723404255317
0.375
0.4074074074074074
0.2619047619047619
0.373134328358209
0.36363636363636365
0.24561403508771928
0.2727272727272727
0.3793103448275862
0.17567567567567569
0.36764705882352944
0.2777777777777778
0.2714285714285714
0.22727272727272727
0.5294117647058824
0.27586206896551724
0.3611111111111111
0.3
0.19230769230769232
0.5625
0.3181818181818182
0.4
0.3076923076923077
0.17543859649122806
0.44
0.3793103448275862
0.4166666666666667
0.4
0.4852941176470588
0.26136363636363635
0.40298507462686567
0.3230769230769231
0.3770491803278688
0.32857142857142857
0.34
0.4375
0.2727272727272727
0.3333333333333333
0.27848101265822783
0.323943661971831
0.4090909090909091
0.3333333333333333
0.3246753246753247
0.26666666666666666
0.19672131147540983
0.19298245614035087
0.3333333333333333
0.36363636363636365
0.3116883116883117
0.32432432432432434
0.2564102564102564
0.32
0.3448275862068966
0.2988505747126437
0.38028169014084506
0.30666666666666664
0.2857142857142857
0.39215686274509803
0.4
0.2857142857142857
0.3188405797101449
0.2857142857142857
0.30303030303030304
0.484375
0.2702702702702703
0.3384615384615385
0.32075471698113206
0.22077922077922077
0.34146341463414637
0.41304347826086957
0.2597402597402597
0.40298507462686567
0.6808510638297872
0.42857142857142855
0.3116883116883117
0.35
0.29577464788732394
0.2876712328767123
0.2835820895522388
0.3829787234042553
0.375
0.28
0.3246753246753247
0.2903225806451613
0.1780821917808219
0.391304347826087
0.417910447761194
0.23376623376623376
0.23529411764705882
0.27419354838709675
0.36923076923076925
0.3230769230769231
0.36231884057971014
0.3291139240506329
0.2682926829268293
0.46808510638297873
0.47619047619047616
0.2753623188405797
0.3787878787878788
0.3
0.4925373134328358
0.2876712328767123
0.25
0.375
0.6086956521739131
0.3333333333333333
0.421875
0.27631578947368424
0.33766233766233766
0.2903225806451613
0.2647058823529412
0.2608695652173913
0.2911392405063291
0.36666666666666664
0.33783783783783783
0.2714285714285714
0.2978723404255319
0.26785714285714285
0.36666666666666664
0.5
0.1724137931034483
0.3088235294117647
0.375
0.45
0.3770491803278688
0.31746031746031744
0.36363636363636365
0.28125
0.3442622950819672
0.3968253968253968
0.2926829268292683
0.36507936507936506
0.3709677419354839
0.31645569620253167
0.40476190476190477
0.43333333333333335
0.5714285714285714
0.24
0.2833333333333333
0.29333333333333333
0.2631578947368421
0.4
0.26785714285714285
0.4375
0.30666666666666664
0.3108108108108108
0.5
0.3108108108108108
0.34782608695652173
0.30666666666666664
0.4576271186440678
0.2222222222222222
0.273972602739726
0.2972972972972973
0.23529411764705882
0.38571428571428573
0.3793103448275862
0.2692307692307692
0.328125
0.38235294117647056
0.5070422535211268
0.515625
0.5
0.3898305084745763
0.3424657534246575
0.26436781609195403
0.32786885245901637
0.3787878787878788
0.2830188679245283
0.34615384615384615
0.2753623188405797
0.2948717948717949
0.4482758620689655
0.3972602739726027
0.4603174603174603
0.3333333333333333
0.26865671641791045
0.23214285714285715
0.22784810126582278
0.34210526315789475
0.2911392405063291
0.4576271186440678
0.35714285714285715
0.32142857142857145
0.37735849056603776
0.30666666666666664
0.2891566265060241
0.18518518518518517
0.2235294117647059
0.2972972972972973
0.42857142857142855
0.20408163265306123
0.35
0.2698412698412698
0.39655172413793105
0.3088235294117647
0.3382352941176471
0.21518987341772153
0.40625
0.42857142857142855
0.2891566265060241
0.4126984126984127
0.22784810126582278
0.29333333333333333
0.41304347826086957
0.3181818181818182
0.4925373134328358
0.32608695652173914
0.19230769230769232
0.3170731707317073
0.3333333333333333
0.30666666666666664
0.2777777777777778
0.5272727272727272
0.3333333333333333
0.391304347826087
0.34285714285714286
0.25757575757575757
0.30158730158730157
0.3880597014925373
0.28205128205128205
0.22077922077922077
0.2875
0.3829787234042553
0.4406779661016949
0.47619047619047616
0.25
0.2911392405063291
0.25
0.4411764705882353
0.2962962962962963
0.25609756097560976
0.31343283582089554
0.2777777777777778
0.4
0.37142857142857144
0.41818181818181815
0.30303030303030304
0.2631578947368421
0.35
0.2891566265060241
0.2676056338028169
0.38
0.5692307692307692
0.4
0.5
0.31746031746031744
0.45
0.30434782608695654
0.275
0.35135135135135137
0.21518987341772153
0.28205128205128205
0.4489795918367347
0.30303030303030304
0.4117647058823529
0.27692307692307694
0.23809523809523808
0.3181818181818182
0.37254901960784315
0.5833333333333334
0.2911392405063291
0.25
0.3709677419354839
0.29577464788732394
0.37681159420289856
0.325
0.3230769230769231
0.43548387096774194
0.3508771929824561
0.3333333333333333
0.21176470588235294
0.32857142857142857
0.3384615384615385
0.546875
0.30303030303030304
0.38461538461538464
0.3194444444444444
0.45
0.2236842105263158
0.421875
0.34615384615384615
0.3717948717948718
0.3472222222222222
0.2948717948717949
0.273972602739726
0.4745762711864407
0.3559322033898305
0.2711864406779661
0.3709677419354839
0.275
0.36666666666666664
0.3246753246753247
0.3333333333333333
0.3181818181818182
0.3484848484848485
0.4626865671641791
0.2857142857142857
0.3
0.43548387096774194
0.375
0.19480519480519481
0.3013698630136986
0.32432432432432434
0.36923076923076925
0.509090909090909
0.5416666666666666
0.23076923076923078
0.3968253968253968
0.3898305084745763
0.3088235294117647
0.41509433962264153
0.2857142857142857
0.4166666666666667
0.3617021276595745
0.2835820895522388
0.42424242424242425
0.7301587301587301
0.4230769230769231
0.29213483146067415
0.29333333333333333
0.5
0.3
0.22784810126582278
0.2875
0.39655172413793105
0.4406779661016949
0.22857142857142856
0.4098360655737705
0.2923076923076923
0.3625
0.4626865671641791
0.29
0.2835820895522388
0.3404255319148936
0.4666666666666667
0.32432432432432434
0.2235294117647059
0.21333333333333335
0.4426229508196721
0.23880597014925373
0.275
0.36363636363636365
0.29411764705882354
0.4084507042253521
0.45
0.3269230769230769
0.30985915492957744
0.2711864406779661
0.3793103448275862
0.4603174603174603
0.2328767123287671
0.31343283582089554
0.3559322033898305
0.3111111111111111
0.34328358208955223
0.3
0.3125
0.28
0.34146341463414637
0.29850746268656714
0.359375
0.37037037037037035
0.375
0.29577464788732394
0.3181818181818182
0.3829787234042553
0.421875
0.39285714285714285
0.3442622950819672
0.37142857142857144
0.35185185185185186
0.25
0.417910447761194
0.29508196721311475
0.20408163265306123
0.35064935064935066
0.4166666666666667
0.3235294117647059
0.3770491803278688
0.3673469387755102
0.27450980392156865
0.40540540540540543
0.3246753246753247
0.41935483870967744
0.3
0.30985915492957744
0.25757575757575757
0.4057971014492754
0.4426229508196721
0.4375
0.5483870967741935
0.4426229508196721
0.3333333333333333
0.3559322033898305
0.3382352941176471
0.2903225806451613
0.3125
0.3835616438356164
0.1728395061728395
0.4027777777777778
0.5555555555555556
0.3787878787878788
0.3387096774193548
0.5074626865671642
0.5373134328358209
0.6031746031746031
0.25
0.3013698630136986
0.515625
0.288135593220339
0.328125
0.27941176470588236
0.16666666666666666
0.37681159420289856
0.2926829268292683
0.37681159420289856
0.2463768115942029
0.2717391304347826
0.26229508196721313
0.2978723404255319
0.5
0.3283582089552239
0.2459016393442623
0.4126984126984127
0.3508771929824561
0.2891566265060241
0.3484848484848485
0.2898550724637681
0.3064516129032258
0.3194444444444444
0.32857142857142857
0.2
0.4576271186440678
0.27631578947368424
0.5833333333333334
0.2875
0.4098360655737705
0.26582278481012656
0.27710843373493976
0.32
0.29333333333333333
0.28125
0.4067796610169492