0.2891566265060241
0.26262626262626265
0.18556701030927836
0.2571428571428571
0.3880597014925373
0.27941176470588236
0.35526315789473684
0.4222222222222222
0.3076923076923077
0.2318840579710145
0.22857142857142856
0.26666666666666666
0.25925925925925924
0.30303030303030304
0.3888888888888889
0.2807017543859649
0.7142857142857143
0.2413793103448276
0.21348314606741572
0.3614457831325301
0.3157894736842105
0.34210526315789475
0.46153846153846156
0.26582278481012656
0.27941176470588236
0.19736842105263158
0.35714285714285715
0.23943661971830985
0.2786885245901639
0.2125
0.30612244897959184
0.3150684931506849
0.23170731707317074
0.2753623188405797
0.3188405797101449
0.2676056338028169
0.30303030303030304
0.2777777777777778
0.24705882352941178
0.4222222222222222
0.1917808219178082
0.22077922077922077
0.3508771929824561
0.2153846153846154
0.30952380952380953
0.3508771929824561
0.2857142857142857
0.2988505747126437
0.3
0.43902439024390244
0.18181818181818182
0.3064516129032258
0.2616822429906542
0.30337078651685395
0.4444444444444444
0.2391304347826087
0.32608695652173914
0.3448275862068966
0.3142857142857143
0.3684210526315789
0.4666666666666667
0.2692307692307692
0.2682926829268293
0.2857142857142857
0.3561643835616438
0.2
0.5689655172413793
0.2716049382716049
0.21518987341772153
0.32894736842105265
0.2619047619047619
0.234375
0.21518987341772153
0.21428571428571427
0.2807017543859649
0.25757575757575757
0.35
0.25252525252525254
0.2413793103448276
0.2807017543859649
0.31343283582089554
0.3815789473684211
0.45614035087719296
0.3968253968253968
0.27586206896551724
0.30357142857142855
0.25263157894736843
0.3
0.453125
0.27631578947368424
0.3188405797101449
0.3561643835616438
0.2876712328767123
0.17647058823529413
0.2894736842105263
0.26666666666666666
0.3157894736842105
0.29508196721311475
0.6101694915254238
0.3387096774193548
0.3448275862068966
0.45161290322580644
0.24096385542168675
0.40625
0.2597402597402597
0.32608695652173914
0.48
0.23529411764705882
0.3188405797101449
0.22972972972972974
0.5352112676056338
0.2465753424657534
0.35
0.38235294117647056
0.2823529411764706
0.4426229508196721
0.26865671641791045
0.29850746268656714
0.20689655172413793
0.3132530120481928
0.2717391304347826
0.4507042253521127
0.3287671232876712
0.3287671232876712
0.3068181818181818
0.358974358974359
0.23809523809523808
0.24285714285714285
0.2916666666666667
0.35
0.45714285714285713
0.28378378378378377
0.3466666666666667
0.18947368421052632
0.36619718309859156
0.3508771929824561
0.37209302325581395
0.22058823529411764
0.23809523809523808
0.35294117647058826
0.3709677419354839
0.359375
0.25
0.275
0.27710843373493976
0.5283018867924528
0.28431372549019607
0.26666666666666666
0.3088235294117647
0.3541666666666667
0.31958762886597936
0.35294117647058826
0.328125
0.410958904109589
0.3246753246753247
0.2597402597402597
0.3
0.27419354838709675
0.4142857142857143
0.3058823529411765
0.2222222222222222
0.27906976744186046
0.4634146341463415
0.3541666666666667
0.28
0.5538461538461539
0.34328358208955223
0.390625
0.3333333333333333
0.31746031746031744
0.23863636363636365
0.3058823529411765
0.2638888888888889
0.2
0.3111111111111111
0.31
0.27941176470588236
0.19540229885057472
0.2247191011235955
0.21739130434782608
0.2857142857142857
0.4782608695652174
0.31868131868131866
0.29411764705882354
0.19387755102040816
0.30612244897959184
0.27631578947368424
0.22972972972972974
0.2391304347826087
0.21296296296296297
0.32075471698113206
0.4067796610169492
0.35526315789473684
0.2807017543859649
0.375
0.2807017543859649
0.3611111111111111
0.3508771929824561
0.3968253968253968
0.23076923076923078
0.5873015873015873
0.4166666666666667
0.20430107526881722
0.31746031746031744
0.25675675675675674
0.3108108108108108
0.2345679012345679
0.25842696629213485
0.2857142857142857
0.2777777777777778
0.22972972972972974
0.3103448275862069
0.25
0.1978021978021978
0.25
0.2608695652173913
0.25
0.34210526315789475
0.20270270270270271
0.19230769230769232
0.2459016393442623
0.24242424242424243
0.32
0.35526315789473684
0.4634146341463415
0.23076923076923078
0.29333333333333333
0.4861111111111111
0.2753623188405797
0.3118279569892473
0.4507042253521127
0.3176470588235294
0.32098765432098764
0.19148936170212766
0.2857142857142857
0.19791666666666666
0.2972972972972973
0.2463768115942029
0.25287356321839083
0.4117647058823529
0.28205128205128205
0.3125
0.2696629213483146
0.5
0.3392857142857143
0.3013698630136986
0.32857142857142857
0.27941176470588236
0.29213483146067415
0.3090909090909091
0.5081967213114754
0.25301204819277107
0.2923076923076923
0.6212121212121212
0.5142857142857142
0.21428571428571427
0.2972972972972973
0.2926829268292683
0.34444444444444444
0.34065934065934067
0.3148148148148148
0.21686746987951808
0.2696629213483146
0.6666666666666666
0.21649484536082475
0.2608695652173913
0.25773195876288657
0.3625
0.2077922077922078
0.421875
0.30864197530864196
0.2753623188405797
0.26865671641791045
0.41935483870967744
0.2987012987012987
0.5901639344262295
0.29333333333333333
0.2465753424657534
0.22666666666666666
0.3484848484848485
0.2926829268292683
0.3
0.21296296296296297
0.2465753424657534
0.328125
0.2894736842105263
0.171875
0.3253012048192771
0.24719101123595505
0.3055555555555556
0.25
0.37142857142857144
0.23529411764705882
0.14893617021276595
0.3380281690140845
0.3050847457627119
0.27692307692307694
0.25806451612903225
0.3
0.18666666666666668
0.3333333333333333
0.45454545454545453
0.3157894736842105
0.3333333333333333
0.26804123711340205
0.23880597014925373
0.29577464788732394
0.26
0.42857142857142855
0.3548387096774194
0.6666666666666666
0.3522727272727273
0.5
0.47368421052631576
0.32
0.3103448275862069
0.27058823529411763
0.4305555555555556
0.2962962962962963
0.2976190476190476
0.36363636363636365
0.34328358208955223
0.22727272727272727
0.29850746268656714
0.325
0.3163265306122449
0.4925373134328358
0.417910447761194
0.21951219512195122
0.25
0.31868131868131866
0.32967032967032966
0.21212121212121213
0.4375
0.25
0.2962962962962963
0.358974358974359
0.2807017543859649
0.32222222222222224
0.27631578947368424
0.32432432432432434
0.171875
0.4166666666666667
0.2289156626506024
0.37681159420289856
0.6307692307692307
0.2087912087912088
0.2602739726027397
0.30864197530864196
0.38181818181818183
0.3114754098360656
0.23863636363636365
0.2753623188405797
0.17204301075268819
0.45901639344262296
0.2962962962962963
0.21739130434782608
0.3384615384615385
0.3246753246753247
0.24719101123595505
0.25
0.35064935064935066
0.3157894736842105
0.19736842105263158
0.4852941176470588
0.32967032967032966
0.25274725274725274
0.34328358208955223
0.2676056338028169
0.3950617283950617
0.3333333333333333
0.32142857142857145
0.2391304347826087
0.275
0.3088235294117647
0.375
0.22535211267605634
0.2692307692307692
0.36363636363636365
0.3770491803278688
0.2696629213483146
0.25757575757575757
0.34328358208955223
0.2247191011235955
0.4166666666666667
0.27586206896551724
0.3194444444444444
0.2676056338028169
0.25
0.5230769230769231
0.3783783783783784
0.417910447761194
0.2898550724637681
0.33766233766233766
0.2727272727272727
0.30434782608695654
0.18181818181818182
0.3076923076923077
0.20689655172413793
0.3076923076923077
0.2857142857142857
0.25510204081632654
0.22784810126582278
0.2911392405063291
0.18666666666666668
0.2714285714285714
0.5068493150684932
0.6206896551724138
0.2987012987012987
0.22727272727272727
0.3424657534246575
0.26373626373626374
0.3
0.3050847457627119
0.22972972972972974
1.0
0.29411764705882354
0.3717948717948718
0.3373493975903614
0.30864197530864196
0.26865671641791045
0.23863636363636365
0.275
0.3230769230769231
0.2926829268292683
0.29411764705882354
0.34177215189873417
0.24731182795698925
0.3103448275862069
0.31645569620253167
0.22388059701492538
0.3508771929824561
0.3181818181818182
0.22727272727272727
0.2804878048780488
0.27906976744186046
0.2647058823529412
0.3384615384615385
0.2676056338028169
0.4358974358974359
0.34285714285714286
0.30952380952380953
0.2894736842105263
0.3108108108108108
0.2676056338028169
0.25
0.33766233766233766
0.3132530120481928
0.3157894736842105
0.22093023255813954
0.26666666666666666
0.3466666666666667
0.3103448275862069
0.32
0.2777777777777778
0.4931506849315068
0.22784810126582278
0.35294117647058826
0.3333333333333333
0.3269230769230769
0.379746835443038
0.5068493150684932
0.39473684210526316
0.38181818181818183
0.3048780487804878
0.29411764705882354
0.25555555555555554
0.25396825396825395
0.25675675675675674
0.2857142857142857
0.2911392405063291
0.3181818181818182
0.29333333333333333
0.2222222222222222
0.3076923076923077
0.27586206896551724
0.21739130434782608
0.2602739726027397
0.3466666666666667
0.25
0.36
0.2345679012345679
0.4
0.29213483146067415
0.2235294117647059
0.32894736842105265
0.30666666666666664
0.2608695652173913
0.25842696629213485
0.25555555555555554
0.40298507462686567
0.26865671641791045
0.21739130434782608
0.3787878787878788
0.22727272727272727
0.35526315789473684
0.3037974683544304
0.4222222222222222
0.30666666666666664
0.25396825396825395
0.25882352941176473
0.32051282051282054
0.2597402597402597
0.22988505747126436
0.34782608695652173
0.28865979381443296
0.323943661971831
0.36507936507936506
0.3373493975903614
0.25
0.3484848484848485
0.27380952380952384
0.3835616438356164
0.21518987341772153
0.45901639344262296
0.27419354838709675
0.2222222222222222
0.26506024096385544
0.2702702702702703
0.28378378378378377
0.3
0.32075471698113206
0.2972972972972973
0.36363636363636365
0.3333333333333333
0.20224719101123595
0.21518987341772153
0.2647058823529412
0.23529411764705882
0.45454545454545453
0.27586206896551724
0.27710843373493976
0.1875
0.26595744680851063
0.3384615384615385
0.28
0.46551724137931033
0.2727272727272727
0.38235294117647056
0.36764705882352944
0.25396825396825395
0.2361111111111111
0.3148148148148148
0.21212121212121213
0.30434782608695654
0.21518987341772153
0.20512820512820512
0.3389830508474576
0.23529411764705882
0.3125
0.2727272727272727
0.24691358024691357
0.28
0.2987012987012987
0.3
0.35106382978723405
0.42424242424242425
0.5285714285714286
0.36619718309859156
0.28865979381443296
0.345679012345679
0.3076923076923077
0.20652173913043478
0.2602739726027397
0.5901639344262295
0.27906976744186046
0.208955223880597
0.29577464788732394
0.38461538461538464
0.2807017543859649
0.4657534246575342
0.5102040816326531
0.32608695652173914
0.19318181818181818
0.32727272727272727
0.36363636363636365
0.22857142857142856
0.30434782608695654
0.42857142857142855
0.234375
0.410958904109589
0.3026315789473684
0.35384615384615387
0.2857142857142857
0.24691358024691357
0.75
0.2755102040816326
0.3835616438356164
0.3111111111111111
0.3508771929824561
0.26506024096385544
0.26865671641791045
0.3157894736842105
0.23809523809523808
0.21518987341772153
0.2717391304347826
0.36363636363636365
0.25
0.3055555555555556
0.5081967213114754
0.2894736842105263
0.3157894736842105
0.27586206896551724
0.34285714285714286
0.3116883116883117
0.3466666666666667
0.3698630136986301
0.23595505617977527
0.29333333333333333
0.3148148148148148
0.32608695652173914
0.375
0.3333333333333333
0.2826086956521739
0.2391304347826087
0.27906976744186046
0.29411764705882354
0.3157894736842105
0.26865671641791045
0.2857142857142857
0.3
0.21978021978021978
0.25842696629213485
0.25675675675675674
0.543859649122807
0.2345679012345679
0.3235294117647059
0.2753623188405797
0.24
0.5538461538461539
0.21739130434782608
0.2840909090909091
0.27586206896551724
0.3389830508474576
0.27710843373493976
0.417910447761194
0.27472527472527475
0.27380952380952384
0.35135135135135137
0.3194444444444444
0.3146067415730337
0.45161290322580644
0.25806451612903225
0.273972602739726
0.27710843373493976
0.24242424242424243
0.25806451612903225
0.234375
0.21794871794871795
0.30985915492957744
0.5
0.4788732394366197
0.36666666666666664
0.36363636363636365
0.28378378378378377
0.32098765432098764
0.32857142857142857
0.3
0.3048780487804878
0.2926829268292683
0.38461538461538464
0.2714285714285714
0.3142857142857143
0.21686746987951808
0.39344262295081966
0.2542372881355932
0.2727272727272727
0.35384615384615387
0.32142857142857145
0.3050847457627119
0.5081967213114754
0.25274725274725274
0.4634146341463415
0.2708333333333333
0.2619047619047619
0.3
0.25675675675675674
0.25806451612903225
0.2222222222222222
0.3146067415730337
0.4634146341463415
0.2894736842105263
0.26436781609195403
0.36363636363636365
0.34065934065934067
0.41304347826086957
0.3090909090909091
0.49122807017543857
0.2903225806451613
0.28378378378378377
0.2727272727272727
0.19101123595505617
0.34444444444444444
0.3076923076923077
0.2553191489361702
0.24358974358974358
0.4126984126984127
0.31343283582089554
0.2962962962962963
0.24324324324324326
0.38095238095238093
0.2807017543859649
0.3508771929824561
0.2898550724637681
0.31343283582089554
0.26136363636363635
0.2682926829268293
0.3492063492063492
0.29333333333333333
0.21739130434782608
0.2891566265060241
0.3150684931506849
0.2807017543859649
0.2391304347826087
0.32926829268292684
0.3020833333333333
0.32098765432098764
0.32786885245901637
0.2823529411764706
0.4126984126984127
0.23333333333333334
0.3384615384615385
0.3508771929824561
0.21505376344086022
0.3815789473684211
0.36231884057971014
0.2222222222222222
0.23863636363636365
0.2823529411764706
0.29577464788732394
0.22784810126582278
0.3132530120481928
0.3125
0.4523809523809524
0.275
0.2727272727272727
0.3333333333333333
0.3076923076923077
0.4262295081967213
0.3176470588235294
0.26582278481012656
0.3614457831325301
0.3389830508474576
0.32608695652173914
0.22857142857142856
0.24675324675324675
0.5102040816326531
0.5
0.225
0.328125
0.45454545454545453
0.27848101265822783
0.25
0.36363636363636365
0.3176470588235294
0.3541666666666667
0.30927835051546393
0.359375
0.1686746987951807
0.29333333333333333
0.3
0.25
0.3617021276595745
0.3230769230769231
0.32051282051282054
0.203125
0.21505376344086022
0.2753623188405797
0.421875
0.2823529411764706
0.22077922077922077
0.4634146341463415
0.3611111111111111
0.23809523809523808
0.29069767441860467
0.23076923076923078
0.29411764705882354
0.38181818181818183
0.27631578947368424
0.25
0.2978723404255319
0.4305555555555556
0.2716049382716049
0.3050847457627119
0.3235294117647059
0.3048780487804878
0.23880597014925373
0.36065573770491804
0.29411764705882354
0.3375
0.4
0.225
0.3194444444444444
0.32967032967032966
0.2916666666666667
0.43661971830985913
0.3013698630136986
0.21686746987951808
0.25806451612903225
0.3058823529411765
0.576271186440678
0.3
0.5102040816326531
0.30120481927710846
0.2375
0.22666666666666666
0.21518987341772153
0.20512820512820512
0.25274725274725274
0.43478260869565216
0.2962962962962963
0.3584905660377358
0.36231884057971014
0.3055555555555556
0.4626865671641791
0.7017543859649122
0.29310344827586204
0.26881720430107525